 Time         , Voltage      , Voltage      , Voltage      , Current      , Current      , Current      , Current      , Current      , Current      , Current      
 Second       , SBUS A       , SBUS B       , SBUS C       , SBUS A       , SBUS B       , SBUS C       , FAULTA       , FAULTB       , FAULTC       , FALTBC       
              ,              ,              ,              , 25   A       , 25   B       , 25   C       ,              ,              ,              , 109  C       
 0.000000e+000, 3.390353e+003,-1.725057e+003,-1.666290e+003, 3.130518e+002,-8.366963e+001,-1.465327e+002, 0.000000e+000, 0.000000e+000, 0.000000e+000, 0.000000e+000
 5.000000e-005, 3.390572e+003,-1.669565e+003,-1.721783e+003, 3.134194e+002,-7.994164e+001,-1.506207e+002, 0.000000e+000, 0.000000e+000, 0.000000e+000, 0.000000e+000
 1.000000e-004, 3.424420e+003,-1.642996e+003,-1.786439e+003, 3.113322e+002,-7.419946e+001,-1.539976e+002, 0.000000e+000, 0.000000e+000, 0.000000e+000, 0.000000e+000
 1.500000e-004, 3.446025e+003,-1.613595e+003,-1.848946e+003, 3.051925e+002,-6.461337e+001,-1.561074e+002, 0.000000e+000, 0.000000e+000, 0.000000e+000, 0.000000e+000
 2.000000e-004, 3.441385e+003,-1.556516e+003,-1.904637e+003, 2.974330e+002,-5.316668e+001,-1.574672e+002, 0.000000e+000, 0.000000e+000, 0.000000e+000, 0.000000e+000
 2.500000e-004, 3.442856e+003,-1.505503e+003,-1.959866e+003, 2.892483e+002,-4.124406e+001,-1.584774e+002, 0.000000e+000, 0.000000e+000, 0.000000e+000, 0.000000e+000
 3.000000e-004, 3.436670e+003,-1.447962e+003,-2.012332e+003, 2.805811e+002,-2.880829e+001,-1.592626e+002, 0.000000e+000, 0.000000e+000, 0.000000e+000, 0.000000e+000
 3.500000e-004, 3.436217e+003,-1.395398e+003,-2.066185e+003, 2.714001e+002,-1.589820e+001,-1.598203e+002, 0.000000e+000, 0.000000e+000, 0.000000e+000, 0.000000e+000
 4.000000e-004, 3.431015e+003,-1.339816e+003,-2.117938e+003, 2.614786e+002,-2.319215e+000,-1.601011e+002, 0.000000e+000, 0.000000e+000, 0.000000e+000, 0.000000e+000
 4.500000e-004, 3.427648e+003,-1.285562e+003,-2.170719e+003, 2.508528e+002, 1.187461e+001,-1.600773e+002, 0.000000e+000, 0.000000e+000, 0.000000e+000, 0.000000e+000
 5.000000e-004, 3.421906e+003,-1.230697e+003,-2.221934e+003, 2.393999e+002, 2.678844e+001,-1.596830e+002, 0.000000e+000, 0.000000e+000, 0.000000e+000, 0.000000e+000
 5.500000e-004, 3.415182e+003,-1.174425e+003,-2.273378e+003, 2.271869e+002, 4.234036e+001,-1.589036e+002, 0.000000e+000, 0.000000e+000, 0.000000e+000, 0.000000e+000
 6.000000e-004, 3.407390e+003,-1.119166e+003,-2.323901e+003, 2.141936e+002, 5.855492e+001,-1.576790e+002, 0.000000e+000, 0.000000e+000, 0.000000e+000, 0.000000e+000
 6.500000e-004, 3.397616e+003,-1.061027e+003,-2.373774e+003, 2.004676e+002, 7.535474e+001,-1.560058e+002, 0.000000e+000, 0.000000e+000, 0.000000e+000, 0.000000e+000
 7.000000e-004, 3.386972e+003,-1.004765e+003,-2.423245e+003, 1.860440e+002, 9.271765e+001,-1.538438e+002, 0.000000e+000, 0.000000e+000, 0.000000e+000, 0.000000e+000
 7.500000e-004, 3.374745e+003,-9.453752e+002,-2.471413e+003, 1.709315e+002, 1.106019e+002,-1.511943e+002, 0.000000e+000, 0.000000e+000, 0.000000e+000, 0.000000e+000
 8.000000e-004, 3.361330e+003,-8.880090e+002,-2.519326e+003, 1.551613e+002, 1.289726e+002,-1.480466e+002, 0.000000e+000, 0.000000e+000, 0.000000e+000, 0.000000e+000
 8.500000e-004, 3.347132e+003,-8.281520e+002,-2.565708e+003, 1.387111e+002, 1.478351e+002,-1.444035e+002, 0.000000e+000, 0.000000e+000, 0.000000e+000, 0.000000e+000
 9.000000e-004, 3.331556e+003,-7.699238e+002,-2.611541e+003, 1.215728e+002, 1.671649e+002,-1.402850e+002, 0.000000e+000, 0.000000e+000, 0.000000e+000, 0.000000e+000
 9.500000e-004, 3.315515e+003,-7.101445e+002,-2.656015e+003, 1.037177e+002, 1.869979e+002,-1.356980e+002, 0.000000e+000, 0.000000e+000, 0.000000e+000, 0.000000e+000
 1.000000e-003, 3.298294e+003,-6.513874e+002,-2.699383e+003, 8.510484e+001, 2.073260e+002,-1.306844e+002, 0.000000e+000, 0.000000e+000, 0.000000e+000, 0.000000e+000
 1.050000e-003, 3.280115e+003,-5.917007e+002,-2.741727e+003, 6.572747e+001, 2.281801e+002,-1.252618e+002, 0.000000e+000, 0.000000e+000, 0.000000e+000, 0.000000e+000
 1.100000e-003, 3.261181e+003,-5.325640e+002,-2.782476e+003, 4.555156e+001, 2.495562e+002,-1.194789e+002, 0.000000e+000, 0.000000e+000, 0.000000e+000, 0.000000e+000
 1.150000e-003, 3.240216e+003,-4.724613e+002,-2.822406e+003, 2.461638e+001, 2.714446e+002,-1.133685e+002, 0.000000e+000, 0.000000e+000, 0.000000e+000, 0.000000e+000
 1.200000e-003, 3.218804e+003,-4.127148e+002,-2.860579e+003, 2.941609e+000, 2.938199e+002,-1.069724e+002, 0.000000e+000, 0.000000e+000, 0.000000e+000, 0.000000e+000
 1.250000e-003, 3.194224e+003,-3.514436e+002,-2.897865e+003,-1.937525e+001, 3.166158e+002,-1.003352e+002, 0.000000e+000, 0.000000e+000, 0.000000e+000, 0.000000e+000
 1.300000e-003, 3.169180e+003,-2.904733e+002,-2.933595e+003,-4.223426e+001, 3.397595e+002,-9.348642e+001, 0.000000e+000, 0.000000e+000, 0.000000e+000, 0.000000e+000
 1.350000e-003, 3.140216e+003,-2.274059e+002,-2.968167e+003,-6.548380e+001, 3.631366e+002,-8.647182e+001, 0.000000e+000, 0.000000e+000, 0.000000e+000, 0.000000e+000
 1.400000e-003, 3.110484e+003,-1.644455e+002,-3.001563e+003,-8.895052e+001, 3.866168e+002,-7.931004e+001, 0.000000e+000, 0.000000e+000, 0.000000e+000, 0.000000e+000
 1.450000e-003, 3.076692e+003,-9.932800e+001,-3.033519e+003,-1.124503e+002, 4.100630e+002,-7.203702e+001, 0.000000e+000, 0.000000e+000, 0.000000e+000, 0.000000e+000
 1.500000e-003, 3.041741e+003,-3.382623e+001,-3.064612e+003,-1.357715e+002, 4.333019e+002,-6.466622e+001, 0.000000e+000, 0.000000e+000, 0.000000e+000, 0.000000e+000
 1.550000e-003, 3.003181e+003, 3.318941e+001,-3.094126e+003,-1.587314e+002, 4.562010e+002,-5.721886e+001, 0.000000e+000, 0.000000e+000, 0.000000e+000, 0.000000e+000
 1.600000e-003, 2.963158e+003, 1.012670e+002,-3.122870e+003,-1.811258e+002, 4.785790e+002,-4.970849e+001, 0.000000e+000, 0.000000e+000, 0.000000e+000, 0.000000e+000
 1.650000e-003, 2.920405e+003, 1.697674e+002,-3.150054e+003,-2.028077e+002, 5.003254e+002,-4.214595e+001, 0.000000e+000, 0.000000e+000, 0.000000e+000, 0.000000e+000
 1.700000e-003, 2.876014e+003, 2.398905e+002,-3.176358e+003,-2.236172e+002, 5.212890e+002,-3.454816e+001, 0.000000e+000, 0.000000e+000, 0.000000e+000, 0.000000e+000
 1.750000e-003, 2.829956e+003, 3.094076e+002,-3.201174e+003,-2.434641e+002, 5.413849e+002,-2.692598e+001, 0.000000e+000, 0.000000e+000, 0.000000e+000, 0.000000e+000
 1.800000e-003, 2.782142e+003, 3.807303e+002,-3.224924e+003,-2.622486e+002, 5.605132e+002,-1.930156e+001, 0.000000e+000, 0.000000e+000, 0.000000e+000, 0.000000e+000
 1.850000e-003, 2.733653e+003, 4.509163e+002,-3.247191e+003,-2.799361e+002, 5.786066e+002,-1.169542e+001, 0.000000e+000, 0.000000e+000, 0.000000e+000, 0.000000e+000
 1.900000e-003, 2.683264e+003, 5.226934e+002,-3.268254e+003,-2.964801e+002, 5.956092e+002,-4.136245e+000, 0.000000e+000, 0.000000e+000, 0.000000e+000, 0.000000e+000
 1.950000e-003, 2.632905e+003, 5.934351e+002,-3.287749e+003,-3.118799e+002, 6.114556e+002, 3.342465e+000, 0.000000e+000, 0.000000e+000, 0.000000e+000, 0.000000e+000
 2.000000e-003, 2.580464e+003, 6.653871e+002,-3.305999e+003,-3.261205e+002, 6.261031e+002, 1.070564e+001, 0.000000e+000, 0.000000e+000, 0.000000e+000, 0.000000e+000
 2.050000e-003, 2.528353e+003, 7.368751e+002,-3.322562e+003,-3.392049e+002, 6.394673e+002, 1.791124e+001, 0.000000e+000, 0.000000e+000, 0.000000e+000, 0.000000e+000
 2.100000e-003, 2.474007e+003, 8.093450e+002,-3.337928e+003,-3.511238e+002, 6.514767e+002, 2.492130e+001, 0.000000e+000, 0.000000e+000, 0.000000e+000, 0.000000e+000
 2.150000e-003, 2.419919e+003, 8.821208e+002,-3.351548e+003,-3.618610e+002, 6.620049e+002, 3.169481e+001, 0.000000e+000, 0.000000e+000, 0.000000e+000, 0.000000e+000
 2.200000e-003, 2.363559e+003, 9.560236e+002,-3.364073e+003,-3.713955e+002, 6.709130e+002, 3.819844e+001, 0.000000e+000, 0.000000e+000, 0.000000e+000, 0.000000e+000
 2.250000e-003, 2.307174e+003, 1.031042e+003,-3.374897e+003,-3.796852e+002, 6.780049e+002, 4.440268e+001, 0.000000e+000, 0.000000e+000, 0.000000e+000, 0.000000e+000
 2.300000e-003, 2.248645e+003, 1.107776e+003,-3.384772e+003,-3.866945e+002, 6.830423e+002, 5.028850e+001, 0.000000e+000, 0.000000e+000, 0.000000e+000, 0.000000e+000
 2.350000e-003, 2.189804e+003, 1.186558e+003,-3.393073e+003,-3.923660e+002, 6.857214e+002, 5.584602e+001, 0.000000e+000, 0.000000e+000, 0.000000e+000, 0.000000e+000
 2.400000e-003, 2.129094e+003, 1.268138e+003,-3.400612e+003,-3.966586e+002, 6.856635e+002, 6.107853e+001, 0.000000e+000, 0.000000e+000, 0.000000e+000, 0.000000e+000
 2.450000e-003, 2.067900e+003, 1.353163e+003,-3.406730e+003,-3.995176e+002, 6.823929e+002, 6.600014e+001, 0.000000e+000, 0.000000e+000, 0.000000e+000, 0.000000e+000
 2.500000e-003, 2.005194e+003, 1.442759e+003,-3.412295e+003,-4.009096e+002, 6.753131e+002, 7.063936e+001, 0.000000e+000, 0.000000e+000, 0.000000e+000, 0.000000e+000
 2.550000e-003, 1.941950e+003, 1.538023e+003,-3.416570e+003,-4.007953e+002, 6.636758e+002, 7.503387e+001, 0.000000e+000, 0.000000e+000, 0.000000e+000, 0.000000e+000
 2.600000e-003, 1.877635e+003, 1.640142e+003,-3.420419e+003,-3.991627e+002, 6.465771e+002, 7.923021e+001, 0.000000e+000, 0.000000e+000, 0.000000e+000, 0.000000e+000
 2.650000e-003, 1.812993e+003, 1.749456e+003,-3.422949e+003,-3.960115e+002, 6.230089e+002, 8.327316e+001, 0.000000e+000, 0.000000e+000, 0.000000e+000, 0.000000e+000
 2.700000e-003, 1.748436e+003, 1.863576e+003,-3.424715e+003,-3.914166e+002, 5.920997e+002, 8.718490e+001, 0.000000e+000, 0.000000e+000, 0.000000e+000, 0.000000e+000
 2.750000e-003, 1.685180e+003, 1.975170e+003,-3.424495e+003,-3.855598e+002, 5.536302e+002, 9.094287e+001, 0.000000e+000, 0.000000e+000, 0.000000e+000, 0.000000e+000
 2.800000e-003, 1.624980e+003, 2.071197e+003,-3.422529e+003,-3.788199e+002, 5.087496e+002, 9.445854e+001, 0.000000e+000, 0.000000e+000, 0.000000e+000, 0.000000e+000
 2.850000e-003, 1.567536e+003, 2.141070e+003,-3.418914e+003,-3.716703e+002, 4.601921e+002, 9.766619e+001, 0.000000e+000, 0.000000e+000, 0.000000e+000, 0.000000e+000
 2.900000e-003, 1.511343e+003, 2.187052e+003,-3.415938e+003,-3.644599e+002, 4.112457e+002, 1.006606e+002, 0.000000e+000, 0.000000e+000, 0.000000e+000, 0.000000e+000
 2.950000e-003, 1.452215e+003, 2.223384e+003,-3.415092e+003,-3.571515e+002, 3.640812e+002, 1.037907e+002, 0.000000e+000, 0.000000e+000, 0.000000e+000, 0.000000e+000
 3.000000e-003, 1.390390e+003, 2.262599e+003,-3.416029e+003,-3.494395e+002, 3.190625e+002, 1.074815e+002, 0.000000e+000, 0.000000e+000, 0.000000e+000, 0.000000e+000
 3.050000e-003, 1.325529e+003, 2.309558e+003,-3.417302e+003,-3.410094e+002, 2.753804e+002, 1.120368e+002, 0.000000e+000, 0.000000e+000, 0.000000e+000, 0.000000e+000
 3.100000e-003, 1.260787e+003, 2.363320e+003,-3.417102e+003,-3.317334e+002, 2.319605e+002, 1.175406e+002, 0.000000e+000, 0.000000e+000, 0.000000e+000, 0.000000e+000
 3.150000e-003, 1.195614e+003, 2.421390e+003,-3.415028e+003,-3.216569e+002, 1.879587e+002, 1.239279e+002, 0.000000e+000, 0.000000e+000, 0.000000e+000, 0.000000e+000
 3.200000e-003, 1.131987e+003, 2.481281e+003,-3.410266e+003,-3.109179e+002, 1.428645e+002, 1.310515e+002, 0.000000e+000, 0.000000e+000, 0.000000e+000, 0.000000e+000
 3.250000e-003, 1.068457e+003, 2.541396e+003,-3.403396e+003,-2.996872e+002, 9.644072e+001, 1.387484e+002, 0.000000e+000, 0.000000e+000, 0.000000e+000, 0.000000e+000
 3.300000e-003, 1.006306e+003, 2.600412e+003,-3.394032e+003,-2.881212e+002, 4.864418e+001, 1.468681e+002, 0.000000e+000, 0.000000e+000, 0.000000e+000, 0.000000e+000
 3.350000e-003, 9.441944e+002, 2.657686e+003,-3.382932e+003,-2.763694e+002,-4.381150e-001, 1.552852e+002, 0.000000e+000, 0.000000e+000, 0.000000e+000, 0.000000e+000
 3.400000e-003, 8.830483e+002, 2.712609e+003,-3.369686e+003,-2.645501e+002,-5.063728e+001, 1.638969e+002, 0.000000e+000, 0.000000e+000, 0.000000e+000, 0.000000e+000
 3.450000e-003, 8.219221e+002, 2.765025e+003,-3.355114e+003,-2.527777e+002,-1.017355e+002, 1.726277e+002, 0.000000e+000, 0.000000e+000, 0.000000e+000, 0.000000e+000
 3.500000e-003, 7.613867e+002, 2.814813e+003,-3.338757e+003,-2.411379e+002,-1.534988e+002, 1.814256e+002, 0.000000e+000, 0.000000e+000, 0.000000e+000, 0.000000e+000
 3.550000e-003, 7.009252e+002, 2.861990e+003,-3.321434e+003,-2.297171e+002,-2.056889e+002, 1.902624e+002, 0.000000e+000, 0.000000e+000, 0.000000e+000, 0.000000e+000
 3.600000e-003, 6.407642e+002, 2.906691e+003,-3.302514e+003,-2.185791e+002,-2.580800e+002, 1.991215e+002, 0.000000e+000, 0.000000e+000, 0.000000e+000, 0.000000e+000
 3.650000e-003, 5.808375e+002, 2.948874e+003,-3.282706e+003,-2.077954e+002,-3.104551e+002, 2.079908e+002, 0.000000e+000, 0.000000e+000, 0.000000e+000, 0.000000e+000
 3.700000e-003, 5.210642e+002, 2.988672e+003,-3.261269e+003,-1.974245e+002,-3.626056e+002, 2.168551e+002, 0.000000e+000, 0.000000e+000, 0.000000e+000, 0.000000e+000
 3.750000e-003, 4.618337e+002, 3.025889e+003,-3.238705e+003,-1.875427e+002,-4.143208e+002, 2.256822e+002, 0.000000e+000, 0.000000e+000, 0.000000e+000, 0.000000e+000
 3.800000e-003, 4.027747e+002, 3.060486e+003,-3.214141e+003,-1.782243e+002,-4.653767e+002, 2.344139e+002, 0.000000e+000, 0.000000e+000, 0.000000e+000, 0.000000e+000
 3.850000e-003, 3.446894e+002, 3.092162e+003,-3.187852e+003,-1.695693e+002,-5.155287e+002, 2.429507e+002, 0.000000e+000, 0.000000e+000, 0.000000e+000, 0.000000e+000
 3.900000e-003, 2.869269e+002, 3.120710e+003,-3.158999e+003,-1.616851e+002,-5.644999e+002, 2.511542e+002, 0.000000e+000, 0.000000e+000, 0.000000e+000, 0.000000e+000
 3.950000e-003, 2.305884e+002, 3.145842e+003,-3.127722e+003,-1.547059e+002,-6.119827e+002, 2.588380e+002, 0.000000e+000, 0.000000e+000, 0.000000e+000, 0.000000e+000
 4.000000e-003, 1.747614e+002, 3.167337e+003,-3.093376e+003,-1.487754e+002,-6.576370e+002, 2.657808e+002, 0.000000e+000, 0.000000e+000, 0.000000e+000, 0.000000e+000
 4.050000e-003, 1.206740e+002, 3.185035e+003,-3.056106e+003,-1.440555e+002,-7.010997e+002, 2.717263e+002, 0.000000e+000, 0.000000e+000, 0.000000e+000, 0.000000e+000
 4.100000e-003, 6.719377e+001, 3.198922e+003,-3.015575e+003,-1.407110e+002,-7.419980e+002, 2.764046e+002, 0.000000e+000, 0.000000e+000, 0.000000e+000, 0.000000e+000
 4.150000e-003, 1.549482e+001, 3.209026e+003,-2.972057e+003,-1.389064e+002,-7.799620e+002, 2.795404e+002, 0.000000e+000, 0.000000e+000, 0.000000e+000, 0.000000e+000
 4.200000e-003,-3.570680e+001, 3.215676e+003,-2.925556e+003,-1.387954e+002,-8.146483e+002, 2.808762e+002, 0.000000e+000, 0.000000e+000, 0.000000e+000, 0.000000e+000
 4.250000e-003,-8.542945e+001, 3.219093e+003,-2.876526e+003,-1.405083e+002,-8.457523e+002, 2.801836e+002, 0.000000e+000, 0.000000e+000, 0.000000e+000, 0.000000e+000
 4.300000e-003,-1.350161e+002, 3.219926e+003,-2.825249e+003,-1.441476e+002,-8.730299e+002, 2.772831e+002, 0.000000e+000, 0.000000e+000, 0.000000e+000, 0.000000e+000
 4.350000e-003,-1.837438e+002, 3.218528e+003,-2.772309e+003,-1.497710e+002,-8.963060e+002, 2.720517e+002, 0.000000e+000, 0.000000e+000, 0.000000e+000, 0.000000e+000
 4.400000e-003,-2.328996e+002, 3.215698e+003,-2.718144e+003,-1.573952e+002,-9.154848e+002, 2.644338e+002, 0.000000e+000, 0.000000e+000, 0.000000e+000, 0.000000e+000
 4.450000e-003,-2.820193e+002, 3.211810e+003,-2.663347e+003,-1.669784e+002,-9.305509e+002, 2.544415e+002, 0.000000e+000, 0.000000e+000, 0.000000e+000, 0.000000e+000
 4.500000e-003,-3.322013e+002, 3.207590e+003,-2.608351e+003,-1.784331e+002,-9.415641e+002, 2.421541e+002, 0.000000e+000, 0.000000e+000, 0.000000e+000, 0.000000e+000
 4.550000e-003,-3.831939e+002, 3.203249e+003,-2.553631e+003,-1.916120e+002,-9.486486e+002, 2.277101e+002, 0.000000e+000, 0.000000e+000, 0.000000e+000, 0.000000e+000
 4.600000e-003,-4.357673e+002, 3.199258e+003,-2.499468e+003,-2.063300e+002,-9.519752e+002, 2.112969e+002, 0.000000e+000, 0.000000e+000, 0.000000e+000, 0.000000e+000
 4.650000e-003,-4.898838e+002, 3.195722e+003,-2.446183e+003,-2.223499e+002,-9.517545e+002, 1.931402e+002, 0.000000e+000, 0.000000e+000, 0.000000e+000, 0.000000e+000
 4.700000e-003,-5.458756e+002, 3.192810e+003,-2.393810e+003,-2.394122e+002,-9.482164e+002, 1.734873e+002, 0.000000e+000, 0.000000e+000, 0.000000e+000, 0.000000e+000
 4.750000e-003,-6.038756e+002, 3.190365e+003,-2.342510e+003,-2.572233e+002,-9.415923e+002, 1.525964e+002, 0.000000e+000, 0.000000e+000, 0.000000e+000, 0.000000e+000
 4.800000e-003,-6.637224e+002, 3.188342e+003,-2.292076e+003,-2.754888e+002,-9.321006e+002, 1.307200e+002, 0.000000e+000, 0.000000e+000, 0.000000e+000, 0.000000e+000
 4.850000e-003,-7.256786e+002, 3.186049e+003,-2.242558e+003,-2.939052e+002,-9.199108e+002, 1.080979e+002, 0.000000e+000, 0.000000e+000, 0.000000e+000, 0.000000e+000
 4.900000e-003,-7.891608e+002, 3.183481e+003,-2.193634e+003,-3.121876e+002,-9.051460e+002, 8.494902e+001, 0.000000e+000, 0.000000e+000, 0.000000e+000, 0.000000e+000
 4.950000e-003,-8.548109e+002, 3.180739e+003,-2.145473e+003,-3.300450e+002,-8.879367e+002, 6.147960e+001, 0.000000e+000, 0.000000e+000, 0.000000e+000, 0.000000e+000
 5.000000e-003,-9.215507e+002, 3.177815e+003,-2.097590e+003,-3.472131e+002,-8.684199e+002, 3.787210e+001, 0.000000e+000, 0.000000e+000, 0.000000e+000, 0.000000e+000
 5.050000e-003,-9.901843e+002, 3.174637e+003,-2.050210e+003,-3.634432e+002,-8.467278e+002, 1.428907e+001, 0.000000e+000, 0.000000e+000, 0.000000e+000, 0.000000e+000
 5.100000e-003,-1.059357e+003, 3.171387e+003,-2.002911e+003,-3.785215e+002,-8.230007e+002,-9.122756e+000, 0.000000e+000, 0.000000e+000, 0.000000e+000, 0.000000e+000
 5.150000e-003,-1.130130e+003, 3.168128e+003,-1.956037e+003,-3.922509e+002,-7.973956e+002,-3.222447e+001, 0.000000e+000, 0.000000e+000, 0.000000e+000, 0.000000e+000
 5.200000e-003,-1.200967e+003, 3.165265e+003,-1.909255e+003,-4.044639e+002,-7.701012e+002,-5.487881e+001, 0.000000e+000, 0.000000e+000, 0.000000e+000, 0.000000e+000
 5.250000e-003,-1.273162e+003, 3.162963e+003,-1.862981e+003,-4.150066e+002,-7.413448e+002,-7.694553e+001, 0.000000e+000, 0.000000e+000, 0.000000e+000, 0.000000e+000
 5.300000e-003,-1.345060e+003, 3.161748e+003,-1.816952e+003,-4.237469e+002,-7.114005e+002,-9.827677e+001, 0.000000e+000, 0.000000e+000, 0.000000e+000, 0.000000e+000
 5.350000e-003,-1.418138e+003, 3.161757e+003,-1.771567e+003,-4.305619e+002,-6.805867e+002,-1.187181e+002, 0.000000e+000, 0.000000e+000, 0.000000e+000, 0.000000e+000
 5.400000e-003,-1.490655e+003, 3.163495e+003,-1.726586e+003,-4.353439e+002,-6.492650e+002,-1.381071e+002, 0.000000e+000, 0.000000e+000, 0.000000e+000, 0.000000e+000
 5.450000e-003,-1.564194e+003, 3.166908e+003,-1.682295e+003,-4.379930e+002,-6.178271e+002,-1.562811e+002, 0.000000e+000, 0.000000e+000, 0.000000e+000, 0.000000e+000
 5.500000e-003,-1.636961e+003, 3.172350e+003,-1.638442e+003,-4.384213e+002,-5.866846e+002,-1.730779e+002, 0.000000e+000, 0.000000e+000, 0.000000e+000, 0.000000e+000
 5.550000e-003,-1.710546e+003, 3.179476e+003,-1.595125e+003,-4.365517e+002,-5.562491e+002,-1.883482e+002, 0.000000e+000, 0.000000e+000, 0.000000e+000, 0.000000e+000
 5.600000e-003,-1.783141e+003, 3.188406e+003,-1.552090e+003,-4.323194e+002,-5.269167e+002,-2.019564e+002, 0.000000e+000, 0.000000e+000, 0.000000e+000, 0.000000e+000
 5.650000e-003,-1.856246e+003, 3.198510e+003,-1.509218e+003,-4.256777e+002,-4.990486e+002,-2.137946e+002, 0.000000e+000, 0.000000e+000, 0.000000e+000, 0.000000e+000
 5.700000e-003,-1.928103e+003, 3.209683e+003,-1.466318e+003,-4.165945e+002,-4.729560e+002,-2.237786e+002, 0.000000e+000, 0.000000e+000, 0.000000e+000, 0.000000e+000
 5.750000e-003,-2.000052e+003, 3.221111e+003,-1.423069e+003,-4.050634e+002,-4.488878e+002,-2.318615e+002, 0.000000e+000, 0.000000e+000, 0.000000e+000, 0.000000e+000
 5.800000e-003,-2.070469e+003, 3.232556e+003,-1.379440e+003,-3.910947e+002,-4.270216e+002,-2.380230e+002, 0.000000e+000, 0.000000e+000, 0.000000e+000, 0.000000e+000
 5.850000e-003,-2.140488e+003, 3.243183e+003,-1.334959e+003,-3.747290e+002,-4.074624e+002,-2.422791e+002, 0.000000e+000, 0.000000e+000, 0.000000e+000, 0.000000e+000
 5.900000e-003,-2.208713e+003, 3.252751e+003,-1.289840e+003,-3.560219e+002,-3.902424e+002,-2.446661e+002, 0.000000e+000, 0.000000e+000, 0.000000e+000, 0.000000e+000
 5.950000e-003,-2.276060e+003, 3.260564e+003,-1.243526e+003,-3.350589e+002,-3.753302e+002,-2.452462e+002, 0.000000e+000, 0.000000e+000, 0.000000e+000, 0.000000e+000
 6.000000e-003,-2.341435e+003, 3.266487e+003,-1.196506e+003,-3.119348e+002,-3.626384e+002,-2.440888e+002, 0.000000e+000, 0.000000e+000, 0.000000e+000, 0.000000e+000
 6.050000e-003,-2.405538e+003, 3.270069e+003,-1.148181e+003,-2.867684e+002,-3.520397e+002,-2.412735e+002, 0.000000e+000, 0.000000e+000, 0.000000e+000, 0.000000e+000
 6.100000e-003,-2.467615e+003, 3.271322e+003,-1.099288e+003,-2.596797e+002,-3.433769e+002,-2.368734e+002, 0.000000e+000, 0.000000e+000, 0.000000e+000, 0.000000e+000
 6.150000e-003,-2.528134e+003, 3.270059e+003,-1.049190e+003,-2.308053e+002,-3.364807e+002,-2.309577e+002, 0.000000e+000, 0.000000e+000, 0.000000e+000, 0.000000e+000
 6.200000e-003,-2.586692e+003, 3.266398e+003,-9.987844e+002,-2.002752e+002,-3.311768e+002,-2.235807e+002, 0.000000e+000, 0.000000e+000, 0.000000e+000, 0.000000e+000
 6.250000e-003,-2.643526e+003, 3.260366e+003,-9.473718e+002,-1.682279e+002,-3.273001e+002,-2.147865e+002, 0.000000e+000, 0.000000e+000, 0.000000e+000, 0.000000e+000
 6.300000e-003,-2.698546e+003, 3.252075e+003,-8.958939e+002,-1.347898e+002,-3.246946e+002,-2.046055e+002, 0.000000e+000, 0.000000e+000, 0.000000e+000, 0.000000e+000
 6.350000e-003,-2.751700e+003, 3.241675e+003,-8.435641e+002,-1.000945e+002,-3.232211e+002,-1.930609e+002, 0.000000e+000, 0.000000e+000, 0.000000e+000, 0.000000e+000
 6.400000e-003,-2.803151e+003, 3.229152e+003,-7.912541e+002,-6.426567e+001,-3.227489e+002,-1.801728e+002, 0.000000e+000, 0.000000e+000, 0.000000e+000, 0.000000e+000
 6.450000e-003,-2.852474e+003, 3.214688e+003,-7.380920e+002,-2.744263e+001,-3.231579e+002,-1.659645e+002, 0.000000e+000, 0.000000e+000, 0.000000e+000, 0.000000e+000
 6.500000e-003,-2.900050e+003, 3.198076e+003,-6.847984e+002, 1.023484e+001,-3.243257e+002,-1.504722e+002, 0.000000e+000, 0.000000e+000, 0.000000e+000, 0.000000e+000
 6.550000e-003,-2.945278e+003, 3.179502e+003,-6.304474e+002, 4.861426e+001,-3.261273e+002,-1.337492e+002, 0.000000e+000, 0.000000e+000, 0.000000e+000, 0.000000e+000
 6.600000e-003,-2.988658e+003, 3.158553e+003,-5.755992e+002, 8.753842e+001,-3.284219e+002,-1.158762e+002, 0.000000e+000, 0.000000e+000, 0.000000e+000, 0.000000e+000
 6.650000e-003,-3.029326e+003, 3.135429e+003,-5.193782e+002, 1.268278e+002,-3.310532e+002,-9.695779e+001, 0.000000e+000, 0.000000e+000, 0.000000e+000, 0.000000e+000
 6.700000e-003,-3.067962e+003, 3.109563e+003,-4.621955e+002, 1.662926e+002,-3.338392e+002,-7.713309e+001, 0.000000e+000, 0.000000e+000, 0.000000e+000, 0.000000e+000
 6.750000e-003,-3.103526e+003, 3.081264e+003,-4.033268e+002, 2.057209e+002,-3.365798e+002,-5.656493e+001, 0.000000e+000, 0.000000e+000, 0.000000e+000, 0.000000e+000
 6.800000e-003,-3.136806e+003, 3.049896e+003,-3.430805e+002, 2.448858e+002,-3.390517e+002,-3.544702e+001, 0.000000e+000, 0.000000e+000, 0.000000e+000, 0.000000e+000
 6.850000e-003,-3.166695e+003, 3.015977e+003,-2.809775e+002, 2.835410e+002,-3.410228e+002,-1.398730e+001, 0.000000e+000, 0.000000e+000, 0.000000e+000, 0.000000e+000
 6.900000e-003,-3.194121e+003, 2.978869e+003,-2.172697e+002, 3.214302e+002,-3.422515e+002, 7.588199e+000, 0.000000e+000, 0.000000e+000, 0.000000e+000, 0.000000e+000
 6.950000e-003,-3.218005e+003, 2.939373e+003,-1.517734e+002, 3.582889e+002,-3.425066e+002, 2.905530e+001, 0.000000e+000, 0.000000e+000, 0.000000e+000, 0.000000e+000
 7.000000e-003,-3.239422e+003, 2.896866e+003,-8.470278e+001, 3.938543e+002,-3.415671e+002, 5.018909e+001, 0.000000e+000, 0.000000e+000, 0.000000e+000, 0.000000e+000
 7.050000e-003,-3.257385e+003, 2.852445e+003,-1.616451e+001, 4.278714e+002,-3.392431e+002, 7.078352e+001, 0.000000e+000, 0.000000e+000, 0.000000e+000, 0.000000e+000
 7.100000e-003,-3.273088e+003, 2.805461e+003, 5.368285e+001, 4.601007e+002,-3.353734e+002, 9.064757e+001, 0.000000e+000, 0.000000e+000, 0.000000e+000, 0.000000e+000
 7.150000e-003,-3.285669e+003, 2.757257e+003, 1.244944e+002, 4.903270e+002,-3.298421e+002, 1.096213e+002, 0.000000e+000, 0.000000e+000, 0.000000e+000, 0.000000e+000
 7.200000e-003,-3.296378e+003, 2.707075e+003, 1.962137e+002, 5.183629e+002,-3.225708e+002, 1.275689e+002, 0.000000e+000, 0.000000e+000, 0.000000e+000, 0.000000e+000
 7.250000e-003,-3.304474e+003, 2.656403e+003, 2.683341e+002, 5.440569e+002,-3.135290e+002, 1.443897e+002, 0.000000e+000, 0.000000e+000, 0.000000e+000, 0.000000e+000
 7.300000e-003,-3.311183e+003, 2.604295e+003, 3.409532e+002, 5.672912e+002,-3.027208e+002, 1.600075e+002, 0.000000e+000, 0.000000e+000, 0.000000e+000, 0.000000e+000
 7.350000e-003,-3.315859e+003, 2.552284e+003, 4.134754e+002, 5.879888e+002,-2.901878e+002, 1.743766e+002, 0.000000e+000, 0.000000e+000, 0.000000e+000, 0.000000e+000
 7.400000e-003,-3.319613e+003, 2.499186e+003, 4.861863e+002, 6.061049e+002,-2.759934e+002, 1.874694e+002, 0.000000e+000, 0.000000e+000, 0.000000e+000, 0.000000e+000
 7.450000e-003,-3.321870e+003, 2.446508e+003, 5.584469e+002, 6.216324e+002,-2.602206e+002, 1.992789e+002, 0.000000e+000, 0.000000e+000, 0.000000e+000, 0.000000e+000
 7.500000e-003,-3.323559e+003, 2.392852e+003, 6.307322e+002, 6.345886e+002,-2.429575e+002, 2.098064e+002, 0.000000e+000, 0.000000e+000, 0.000000e+000, 0.000000e+000
 7.550000e-003,-3.324170e+003, 2.339673e+003, 7.023677e+002, 6.450203e+002,-2.242944e+002, 2.190631e+002, 0.000000e+000, 0.000000e+000, 0.000000e+000, 0.000000e+000
 7.600000e-003,-3.324404e+003, 2.285450e+003, 7.739897e+002, 6.529877e+002,-2.043144e+002, 2.270604e+002, 0.000000e+000, 0.000000e+000, 0.000000e+000, 0.000000e+000
 7.650000e-003,-3.323839e+003, 2.231599e+003, 8.448633e+002, 6.585710e+002,-1.830918e+002, 2.338128e+002, 0.000000e+000, 0.000000e+000, 0.000000e+000, 0.000000e+000
 7.700000e-003,-3.322943e+003, 2.176614e+003, 9.157430e+002, 6.618539e+002,-1.606924e+002, 2.393307e+002, 0.000000e+000, 0.000000e+000, 0.000000e+000, 0.000000e+000
 7.750000e-003,-3.321426e+003, 2.121889e+003, 9.857942e+002, 6.629329e+002,-1.371720e+002, 2.436272e+002, 0.000000e+000, 0.000000e+000, 0.000000e+000, 0.000000e+000
 7.800000e-003,-3.319530e+003, 2.066083e+003, 1.055852e+003, 6.619017e+002,-1.125881e+002, 2.467118e+002, 0.000000e+000, 0.000000e+000, 0.000000e+000, 0.000000e+000
 7.850000e-003,-3.317152e+003, 2.010554e+003, 1.124950e+003, 6.588641e+002,-8.699675e+001, 2.486005e+002, 0.000000e+000, 0.000000e+000, 0.000000e+000, 0.000000e+000
 7.900000e-003,-3.314329e+003, 1.954247e+003, 1.193987e+003, 6.539197e+002,-6.047213e+001, 2.493105e+002, 0.000000e+000, 0.000000e+000, 0.000000e+000, 0.000000e+000
 7.950000e-003,-3.311184e+003, 1.898424e+003, 1.261859e+003, 6.471796e+002,-3.309982e+001, 2.488702e+002, 0.000000e+000, 0.000000e+000, 0.000000e+000, 0.000000e+000
 8.000000e-003,-3.307560e+003, 1.842370e+003, 1.329531e+003, 6.387526e+002,-4.999780e+000, 2.473143e+002, 0.000000e+000, 0.000000e+000, 0.000000e+000, 0.000000e+000
 8.050000e-003,-3.303819e+003, 1.787144e+003, 1.395788e+003, 6.287619e+002, 2.368744e+001, 2.446912e+002, 0.000000e+000, 0.000000e+000, 0.000000e+000, 0.000000e+000
 8.100000e-003,-3.299610e+003, 1.732372e+003, 1.461680e+003, 6.173315e+002, 5.277792e+001, 2.410581e+002, 0.000000e+000, 0.000000e+000, 0.000000e+000, 0.000000e+000
 8.150000e-003,-3.295512e+003, 1.678774e+003, 1.525928e+003, 6.046008e+002, 8.206712e+001, 2.364842e+002, 0.000000e+000, 0.000000e+000, 0.000000e+000, 0.000000e+000
 8.200000e-003,-3.290971e+003, 1.626275e+003, 1.589677e+003, 5.907112e+002, 1.113099e+002, 2.310451e+002, 0.000000e+000, 0.000000e+000, 0.000000e+000, 0.000000e+000
 8.250000e-003,-3.286740e+003, 1.575141e+003, 1.651644e+003, 5.758174e+002, 1.402510e+002, 2.248227e+002, 0.000000e+000, 0.000000e+000, 0.000000e+000, 0.000000e+000
 8.300000e-003,-3.282059e+003, 1.525546e+003, 1.713056e+003, 5.600735e+002, 1.686088e+002, 2.179000e+002, 0.000000e+000, 0.000000e+000, 0.000000e+000, 0.000000e+000
 8.350000e-003,-3.277794e+003, 1.477230e+003, 1.772679e+003, 5.436406e+002, 1.961101e+002, 2.103575e+002, 0.000000e+000, 0.000000e+000, 0.000000e+000, 0.000000e+000
 8.400000e-003,-3.272999e+003, 1.430594e+003, 1.831772e+003, 5.266745e+002, 2.224754e+002, 2.022712e+002, 0.000000e+000, 0.000000e+000, 0.000000e+000, 0.000000e+000
 8.450000e-003,-3.268598e+003, 1.384853e+003, 1.889193e+003, 5.093290e+002, 2.474540e+002, 1.937067e+002, 0.000000e+000, 0.000000e+000, 0.000000e+000, 0.000000e+000
 8.500000e-003,-3.263509e+003, 1.340637e+003, 1.946151e+003, 4.917473e+002, 2.708087e+002, 1.847223e+002, 0.000000e+000, 0.000000e+000, 0.000000e+000, 0.000000e+000
 8.550000e-003,-3.258671e+003, 1.296713e+003, 2.001625e+003, 4.740621e+002, 2.923460e+002, 1.753609e+002, 0.000000e+000, 0.000000e+000, 0.000000e+000, 0.000000e+000
 8.600000e-003,-3.252940e+003, 1.253966e+003, 2.056670e+003, 4.563926e+002, 3.118987e+002, 1.656606e+002, 0.000000e+000, 0.000000e+000, 0.000000e+000, 0.000000e+000
 8.650000e-003,-3.247240e+003, 1.210830e+003, 2.110424e+003, 4.388423e+002, 3.293482e+002, 1.556440e+002, 0.000000e+000, 0.000000e+000, 0.000000e+000, 0.000000e+000
 8.700000e-003,-3.240461e+003, 1.168477e+003, 2.163685e+003, 4.215021e+002, 3.446057e+002, 1.453354e+002, 0.000000e+000, 0.000000e+000, 0.000000e+000, 0.000000e+000
 8.750000e-003,-3.233482e+003, 1.125137e+003, 2.215789e+003, 4.044465e+002, 3.576253e+002, 1.347477e+002, 0.000000e+000, 0.000000e+000, 0.000000e+000, 0.000000e+000
 8.800000e-003,-3.225318e+003, 1.082266e+003, 2.267197e+003, 3.877427e+002, 3.683854e+002, 1.239047e+002, 0.000000e+000, 0.000000e+000, 0.000000e+000, 0.000000e+000
 8.850000e-003,-3.216766e+003, 1.037995e+003, 2.317508e+003, 3.714444e+002, 3.768949e+002, 1.128241e+002, 0.000000e+000, 0.000000e+000, 0.000000e+000, 0.000000e+000
 8.900000e-003,-3.207039e+003, 9.940226e+002, 2.366799e+003, 3.556056e+002, 3.831769e+002, 1.015431e+002, 0.000000e+000, 0.000000e+000, 0.000000e+000, 0.000000e+000
 8.950000e-003,-3.196800e+003, 9.484438e+002, 2.414996e+003, 3.402710e+002, 3.872716e+002, 9.009602e+001, 0.000000e+000, 0.000000e+000, 0.000000e+000, 0.000000e+000
 9.000000e-003,-3.185498e+003, 9.031157e+002, 2.461785e+003, 3.254926e+002, 3.892250e+002, 7.854116e+001, 0.000000e+000, 0.000000e+000, 0.000000e+000, 0.000000e+000
 9.050000e-003,-3.173604e+003, 8.561187e+002, 2.507488e+003, 3.113157e+002, 3.890902e+002, 6.693396e+001, 0.000000e+000, 0.000000e+000, 0.000000e+000, 0.000000e+000
 9.100000e-003,-3.160807e+003, 8.093668e+002, 2.551417e+003, 2.977960e+002, 3.869236e+002, 5.535218e+001, 0.000000e+000, 0.000000e+000, 0.000000e+000, 0.000000e+000
 9.150000e-003,-3.147328e+003, 7.609216e+002, 2.594331e+003, 2.849818e+002, 3.827863e+002, 4.386657e+001, 0.000000e+000, 0.000000e+000, 0.000000e+000, 0.000000e+000
 9.200000e-003,-3.133076e+003, 7.126611e+002, 2.635207e+003, 2.729297e+002, 3.767459e+002, 3.256345e+001, 0.000000e+000, 0.000000e+000, 0.000000e+000, 0.000000e+000
 9.250000e-003,-3.117983e+003, 6.626263e+002, 2.675241e+003, 2.616841e+002, 3.688789e+002, 2.151532e+001, 0.000000e+000, 0.000000e+000, 0.000000e+000, 0.000000e+000
 9.300000e-003,-3.102156e+003, 6.125994e+002, 2.713116e+003, 2.512914e+002, 3.592763e+002, 1.080069e+001, 0.000000e+000, 0.000000e+000, 0.000000e+000, 0.000000e+000
 9.350000e-003,-3.085226e+003, 5.606207e+002, 2.750423e+003, 2.417792e+002, 3.480439e+002, 4.776660e-001, 0.000000e+000, 0.000000e+000, 0.000000e+000, 0.000000e+000
 9.400000e-003,-3.067481e+003, 5.083604e+002, 2.785587e+003, 2.331683e+002, 3.353099e+002,-9.398841e+000, 0.000000e+000, 0.000000e+000, 0.000000e+000, 0.000000e+000
 9.450000e-003,-3.048285e+003, 4.539071e+002, 2.820507e+003, 2.254551e+002, 3.212216e+002,-1.879772e+001, 0.000000e+000, 0.000000e+000, 0.000000e+000, 0.000000e+000
 9.500000e-003,-3.028093e+003, 3.988399e+002, 2.853395e+003, 2.186226e+002, 3.059516e+002,-2.769714e+001, 0.000000e+000, 0.000000e+000, 0.000000e+000, 0.000000e+000
 9.550000e-003,-3.006069e+003, 3.413618e+002, 2.886342e+003, 2.126268e+002, 2.896898e+002,-3.609752e+001, 0.000000e+000, 0.000000e+000, 0.000000e+000, 0.000000e+000
 9.600000e-003,-2.982834e+003, 2.829972e+002, 2.917394e+003, 2.074083e+002, 2.726473e+002,-4.401017e+001, 0.000000e+000, 0.000000e+000, 0.000000e+000, 0.000000e+000
 9.650000e-003,-2.957435e+003, 2.221289e+002, 2.948715e+003, 2.028837e+002, 2.550442e+002,-5.146224e+001, 0.000000e+000, 0.000000e+000, 0.000000e+000, 0.000000e+000
 9.700000e-003,-2.930653e+003, 1.602502e+002, 2.978244e+003, 1.989571e+002, 2.371118e+002,-5.848950e+001, 0.000000e+000, 0.000000e+000, 0.000000e+000, 0.000000e+000
 9.750000e-003,-2.901500e+003, 9.596921e+001, 3.008113e+003, 1.955170e+002, 2.190771e+002,-6.513393e+001, 0.000000e+000, 0.000000e+000, 0.000000e+000, 0.000000e+000
 9.800000e-003,-2.870895e+003, 3.073771e+001, 3.036232e+003, 1.924463e+002, 2.011662e+002,-7.144191e+001, 0.000000e+000, 0.000000e+000, 0.000000e+000, 0.000000e+000
 9.850000e-003,-2.837879e+003,-3.659481e+001, 3.064614e+003, 1.896236e+002, 1.835872e+002,-7.745608e+001, 0.000000e+000, 0.000000e+000, 0.000000e+000, 0.000000e+000
 9.900000e-003,-2.803473e+003,-1.046688e+002, 3.091235e+003, 1.869300e+002, 1.665373e+002,-8.321967e+001, 0.000000e+000, 0.000000e+000, 0.000000e+000, 0.000000e+000
 9.950000e-003,-2.766774e+003,-1.744022e+002, 3.117928e+003, 1.842534e+002, 1.501866e+002,-8.876443e+001, 0.000000e+000, 0.000000e+000, 0.000000e+000, 0.000000e+000
 1.000000e-002,-2.728851e+003,-2.446085e+002, 3.142826e+003, 1.814912e+002, 1.346900e+002,-9.412117e+001, 0.000000e+000, 0.000000e+000, 0.000000e+000, 0.000000e+000
 1.005000e-002,-2.688867e+003,-3.159901e+002, 3.167549e+003, 1.785547e+002, 1.201728e+002,-9.930531e+001, 0.000000e+000, 0.000000e+000, 0.000000e+000, 0.000000e+000
 1.010000e-002,-2.647876e+003,-3.876218e+002, 3.190465e+003, 1.753682e+002, 1.067480e+002,-1.043326e+002, 0.000000e+000, 0.000000e+000, 0.000000e+000, 0.000000e+000
 1.015000e-002,-2.605098e+003,-4.599966e+002, 3.212955e+003, 1.718727e+002, 9.450241e+001,-1.092034e+002, 0.000000e+000, 0.000000e+000, 0.000000e+000, 0.000000e+000
 1.020000e-002,-2.561520e+003,-5.325211e+002, 3.233679e+003, 1.680214e+002, 8.351914e+001,-1.139214e+002, 0.000000e+000, 0.000000e+000, 0.000000e+000, 0.000000e+000
 1.025000e-002,-2.516410e+003,-6.054593e+002, 3.253761e+003, 1.637825e+002, 7.386197e+001,-1.184775e+002, 0.000000e+000, 0.000000e+000, 0.000000e+000, 0.000000e+000
 1.030000e-002,-2.470655e+003,-6.785849e+002, 3.272177e+003, 1.591329e+002, 6.560012e+001,-1.228699e+002, 0.000000e+000, 0.000000e+000, 0.000000e+000, 0.000000e+000
 1.035000e-002,-2.423567e+003,-7.518873e+002, 3.289776e+003, 1.540609e+002, 5.878982e+001,-1.270860e+002, 0.000000e+000, 0.000000e+000, 0.000000e+000, 0.000000e+000
 1.040000e-002,-2.375929e+003,-8.255035e+002, 3.305849e+003, 1.485591e+002, 5.349870e+001,-1.311239e+002, 0.000000e+000, 0.000000e+000, 0.000000e+000, 0.000000e+000
 1.045000e-002,-2.327106e+003,-8.990893e+002, 3.320956e+003, 1.426279e+002, 4.978333e+001,-1.349724e+002, 0.000000e+000, 0.000000e+000, 0.000000e+000, 0.000000e+000
 1.050000e-002,-2.277786e+003,-9.731129e+002, 3.334683e+003, 1.362692e+002, 4.771152e+001,-1.386307e+002, 0.000000e+000, 0.000000e+000, 0.000000e+000, 0.000000e+000
 1.055000e-002,-2.227410e+003,-1.046847e+003, 3.347295e+003, 1.294914e+002, 4.733649e+001,-1.420891e+002, 0.000000e+000, 0.000000e+000, 0.000000e+000, 0.000000e+000
 1.060000e-002,-2.176587e+003,-1.121046e+003, 3.358650e+003, 1.223040e+002, 4.871617e+001,-1.453465e+002, 0.000000e+000, 0.000000e+000, 0.000000e+000, 0.000000e+000
 1.065000e-002,-2.124853e+003,-1.194584e+003, 3.368720e+003, 1.147239e+002, 5.188632e+001,-1.483914e+002, 0.000000e+000, 0.000000e+000, 0.000000e+000, 0.000000e+000
 1.070000e-002,-2.072751e+003,-1.268464e+003, 3.377616e+003, 1.067710e+002, 5.687722e+001,-1.512183e+002, 0.000000e+000, 0.000000e+000, 0.000000e+000, 0.000000e+000
 1.075000e-002,-2.019922e+003,-1.341188e+003, 3.385039e+003, 9.847530e+001, 6.368879e+001,-1.538095e+002, 0.000000e+000, 0.000000e+000, 0.000000e+000, 0.000000e+000
 1.080000e-002,-1.966836e+003,-1.413985e+003, 3.391338e+003, 8.987173e+001, 7.230563e+001,-1.561513e+002, 0.000000e+000, 0.000000e+000, 0.000000e+000, 0.000000e+000
 1.085000e-002,-1.913243e+003,-1.485062e+003, 3.395977e+003, 8.100764e+001, 8.267722e+001,-1.582178e+002, 0.000000e+000, 0.000000e+000, 0.000000e+000, 0.000000e+000
 1.090000e-002,-1.859516e+003,-1.555855e+003, 3.399537e+003, 7.193611e+001, 9.473199e+001,-1.599866e+002, 0.000000e+000, 0.000000e+000, 0.000000e+000, 0.000000e+000
 1.095000e-002,-1.805506e+003,-1.624387e+003, 3.401279e+003, 6.272274e+001, 1.083648e+002,-1.614248e+002, 0.000000e+000, 0.000000e+000, 0.000000e+000, 0.000000e+000
 1.100000e-002,-1.751458e+003,-1.692282e+003, 3.402011e+003, 5.343696e+001, 1.234498e+002,-1.625048e+002, 0.000000e+000, 0.000000e+000, 0.000000e+000, 0.000000e+000
 1.105000e-002,-1.697314e+003,-1.757497e+003, 3.400830e+003, 4.415811e+001, 1.398356e+002,-1.631923e+002, 0.000000e+000, 0.000000e+000, 0.000000e+000, 0.000000e+000
 1.110000e-002,-1.643160e+003,-1.821808e+003, 3.398750e+003, 3.496478e+001, 1.573561e+002,-1.634611e+002, 0.000000e+000, 0.000000e+000, 0.000000e+000, 0.000000e+000
 1.115000e-002,-1.589027e+003,-1.883208e+003, 3.394731e+003, 2.594072e+001, 1.758322e+002,-1.632831e+002, 0.000000e+000, 0.000000e+000, 0.000000e+000, 0.000000e+000
 1.120000e-002,-1.534829e+003,-1.943566e+003, 3.389967e+003, 1.716313e+001, 1.950787e+002,-1.626408e+002, 0.000000e+000, 0.000000e+000, 0.000000e+000, 0.000000e+000
 1.125000e-002,-1.480691e+003,-2.000982e+003, 3.383302e+003, 8.709125e+000, 2.149111e+002,-1.615191e+002, 0.000000e+000, 0.000000e+000, 0.000000e+000, 0.000000e+000
 1.130000e-002,-1.426359e+003,-2.057338e+003, 3.376062e+003, 6.443406e-001, 2.351465e+002,-1.599143e+002, 0.000000e+000, 0.000000e+000, 0.000000e+000, 0.000000e+000
 1.135000e-002,-1.372071e+003,-2.110879e+003, 3.366994e+003,-6.969523e+000, 2.556133e+002,-1.578273e+002, 0.000000e+000, 0.000000e+000, 0.000000e+000, 0.000000e+000
 1.140000e-002,-1.317427e+003,-2.163406e+003, 3.357497e+003,-1.408444e+001, 2.761459e+002,-1.552690e+002, 0.000000e+000, 0.000000e+000, 0.000000e+000, 0.000000e+000
 1.145000e-002,-1.262794e+003,-2.213329e+003, 3.346249e+003,-2.065748e+001, 2.965956e+002,-1.522547e+002, 0.000000e+000, 0.000000e+000, 0.000000e+000, 0.000000e+000
 1.150000e-002,-1.207663e+003,-2.262285e+003, 3.334661e+003,-2.665808e+001, 3.168195e+002,-1.488058e+002, 0.000000e+000, 0.000000e+000, 0.000000e+000, 0.000000e+000
 1.155000e-002,-1.152533e+003,-2.308849e+003, 3.321371e+003,-3.205926e+001, 3.366914e+002,-1.449461e+002, 0.000000e+000, 0.000000e+000, 0.000000e+000, 0.000000e+000
 1.160000e-002,-1.096827e+003,-2.354446e+003, 3.307749e+003,-3.684221e+001, 3.560881e+002,-1.406999e+002, 0.000000e+000, 0.000000e+000, 0.000000e+000, 0.000000e+000
 1.165000e-002,-1.041154e+003,-2.397819e+003, 3.292446e+003,-4.098881e+001, 3.748998e+002,-1.360922e+002, 0.000000e+000, 0.000000e+000, 0.000000e+000, 0.000000e+000
 1.170000e-002,-9.849060e+002,-2.440161e+003, 3.276741e+003,-4.448380e+001, 3.930151e+002,-1.311426e+002, 0.000000e+000, 0.000000e+000, 0.000000e+000, 0.000000e+000
 1.175000e-002,-9.287580e+002,-2.480403e+003, 3.259359e+003,-4.731026e+001, 4.103333e+002,-1.258705e+002, 0.000000e+000, 0.000000e+000, 0.000000e+000, 0.000000e+000
 1.180000e-002,-8.721008e+002,-2.519517e+003, 3.241455e+003,-4.944990e+001, 4.267496e+002,-1.202862e+002, 0.000000e+000, 0.000000e+000, 0.000000e+000, 0.000000e+000
 1.185000e-002,-8.156115e+002,-2.556639e+003, 3.221891e+003,-5.088276e+001, 4.421689e+002,-1.144009e+002, 0.000000e+000, 0.000000e+000, 0.000000e+000, 0.000000e+000
 1.190000e-002,-7.587025e+002,-2.592558e+003, 3.201672e+003,-5.158585e+001, 4.564931e+002,-1.082157e+002, 0.000000e+000, 0.000000e+000, 0.000000e+000, 0.000000e+000
 1.195000e-002,-7.019841e+002,-2.626629e+003, 3.179860e+003,-5.153767e+001, 4.696363e+002,-1.017354e+002, 0.000000e+000, 0.000000e+000, 0.000000e+000, 0.000000e+000
 1.200000e-002,-6.449155e+002,-2.659491e+003, 3.157281e+003,-5.071504e+001, 4.815141e+002,-9.495659e+001, 0.000000e+000, 0.000000e+000, 0.000000e+000, 0.000000e+000
 1.205000e-002,-5.879770e+002,-2.690719e+003, 3.133249e+003,-4.910190e+001, 4.920591e+002,-8.788393e+001, 0.000000e+000, 0.000000e+000, 0.000000e+000, 0.000000e+000
 1.210000e-002,-5.307064e+002,-2.720825e+003, 3.108383e+003,-4.668397e+001, 5.012115e+002,-8.051683e+001, 0.000000e+000, 0.000000e+000, 0.000000e+000, 0.000000e+000
 1.215000e-002,-4.734107e+002,-2.749588e+003, 3.082271e+003,-4.346046e+001, 5.089332e+002,-7.286756e+001, 0.000000e+000, 0.000000e+000, 0.000000e+000, 0.000000e+000
 1.220000e-002,-4.157449e+002,-2.777389e+003, 3.055308e+003,-3.943617e+001, 5.151987e+002,-6.494606e+001, 0.000000e+000, 0.000000e+000, 0.000000e+000, 0.000000e+000
 1.225000e-002,-3.578245e+002,-2.804176e+003, 3.027353e+003,-3.463435e+001, 5.200069e+002,-5.677820e+001, 0.000000e+000, 0.000000e+000, 0.000000e+000, 0.000000e+000
 1.230000e-002,-2.994621e+002,-2.830187e+003, 2.998561e+003,-2.908612e+001, 5.233706e+002,-4.838955e+001, 0.000000e+000, 0.000000e+000, 0.000000e+000, 0.000000e+000
 1.235000e-002,-2.405870e+002,-2.855500e+003, 2.969040e+003,-2.284294e+001, 5.253259e+002,-3.982201e+001, 0.000000e+000, 0.000000e+000, 0.000000e+000, 0.000000e+000
 1.240000e-002,-1.812023e+002,-2.880179e+003, 2.938701e+003,-1.596382e+001, 5.259200e+002,-3.111746e+001, 0.000000e+000, 0.000000e+000, 0.000000e+000, 0.000000e+000
 1.245000e-002,-1.210730e+002,-2.904406e+003, 2.907865e+003,-8.526347e+000, 5.252184e+002,-2.233188e+001, 0.000000e+000, 0.000000e+000, 0.000000e+000, 0.000000e+000
 1.250000e-002,-6.040831e+001,-2.928053e+003, 2.876213e+003,-6.127897e-001, 5.232916e+002,-1.351988e+001, 0.000000e+000, 0.000000e+000, 0.000000e+000, 0.000000e+000
 1.255000e-002, 1.162052e+000,-2.951391e+003, 2.844232e+003, 7.680791e+000, 5.202213e+002,-4.745893e+000, 0.000000e+000, 0.000000e+000, 0.000000e+000, 0.000000e+000
 1.260000e-002, 6.323162e+001,-2.974101e+003, 2.811410e+003, 1.625784e+001, 5.160873e+002, 3.929044e+000, 0.000000e+000, 0.000000e+000, 0.000000e+000, 0.000000e+000
 1.265000e-002, 1.262755e+002,-2.996547e+003, 2.778354e+003, 2.501427e+001, 5.109740e+002, 1.243913e+001, 0.000000e+000, 0.000000e+000, 0.000000e+000, 0.000000e+000
 1.270000e-002, 1.897236e+002,-3.018237e+003, 2.744406e+003, 3.384943e+001, 5.049583e+002, 2.072367e+001, 0.000000e+000, 0.000000e+000, 0.000000e+000, 0.000000e+000
 1.275000e-002, 2.541274e+002,-3.039651e+003, 2.710254e+003, 4.266103e+001, 4.981176e+002, 2.872179e+001, 0.000000e+000, 0.000000e+000, 0.000000e+000, 0.000000e+000
 1.280000e-002, 3.188058e+002,-3.060152e+003, 2.675152e+003, 5.135258e+001, 4.905201e+002, 3.637827e+001, 0.000000e+000, 0.000000e+000, 0.000000e+000, 0.000000e+000
 1.285000e-002, 3.843579e+002,-3.080356e+003, 2.639828e+003, 5.983018e+001, 4.822338e+002, 4.364095e+001, 0.000000e+000, 0.000000e+000, 0.000000e+000, 0.000000e+000
 1.290000e-002, 4.500518e+002,-3.099522e+003, 2.603510e+003, 6.800597e+001, 4.733190e+002, 5.046256e+001, 0.000000e+000, 0.000000e+000, 0.000000e+000, 0.000000e+000
 1.295000e-002, 5.165030e+002,-3.118402e+003, 2.566927e+003, 7.579699e+001, 4.638383e+002, 5.680061e+001, 0.000000e+000, 0.000000e+000, 0.000000e+000, 0.000000e+000
 1.300000e-002, 5.829852e+002,-3.136186e+003, 2.529333e+003, 8.312482e+001, 4.538514e+002, 6.261572e+001, 0.000000e+000, 0.000000e+000, 0.000000e+000, 0.000000e+000
 1.305000e-002, 6.500942e+002,-3.153741e+003, 2.491422e+003, 8.991690e+001, 4.434224e+002, 6.787399e+001, 0.000000e+000, 0.000000e+000, 0.000000e+000, 0.000000e+000
 1.310000e-002, 7.171538e+002,-3.170216e+003, 2.452513e+003, 9.610319e+001, 4.326178e+002, 7.254272e+001, 0.000000e+000, 0.000000e+000, 0.000000e+000, 0.000000e+000
 1.315000e-002, 7.847002e+002,-3.186541e+003, 2.413232e+003, 1.016201e+002, 4.215100e+002, 7.659508e+001, 0.000000e+000, 0.000000e+000, 0.000000e+000, 0.000000e+000
 1.320000e-002, 8.521362e+002,-3.201845e+003, 2.372984e+003, 1.064055e+002, 4.101765e+002, 8.000415e+001, 0.000000e+000, 0.000000e+000, 0.000000e+000, 0.000000e+000
 1.325000e-002, 9.199009e+002,-3.217056e+003, 2.332300e+003, 1.104046e+002, 3.986991e+002, 8.274953e+001, 0.000000e+000, 0.000000e+000, 0.000000e+000, 0.000000e+000
 1.330000e-002, 9.874912e+002,-3.231305e+003, 2.290684e+003, 1.135643e+002, 3.871645e+002, 8.481073e+001, 0.000000e+000, 0.000000e+000, 0.000000e+000, 0.000000e+000
 1.335000e-002, 1.055221e+003,-3.245445e+003, 2.248551e+003, 1.158413e+002, 3.756584e+002, 8.617484e+001, 0.000000e+000, 0.000000e+000, 0.000000e+000, 0.000000e+000
 1.340000e-002, 1.122688e+003,-3.258636e+003, 2.205506e+003, 1.171955e+002, 3.642686e+002, 8.682985e+001, 0.000000e+000, 0.000000e+000, 0.000000e+000, 0.000000e+000
 1.345000e-002, 1.190067e+003,-3.271595e+003, 2.161847e+003, 1.175991e+002, 3.530746e+002, 8.677273e+001, 0.000000e+000, 0.000000e+000, 0.000000e+000, 0.000000e+000
 1.350000e-002, 1.257061e+003,-3.283554e+003, 2.117274e+003, 1.170296e+002, 3.421533e+002, 8.600276e+001, 0.000000e+000, 0.000000e+000, 0.000000e+000, 0.000000e+000
 1.355000e-002, 1.323712e+003,-3.295051e+003, 2.071976e+003, 1.154790e+002, 3.315663e+002, 8.452911e+001, 0.000000e+000, 0.000000e+000, 0.000000e+000, 0.000000e+000
 1.360000e-002, 1.389828e+003,-3.305441e+003, 2.025750e+003, 1.129466e+002, 3.213684e+002, 8.236434e+001, 0.000000e+000, 0.000000e+000, 0.000000e+000, 0.000000e+000
 1.365000e-002, 1.455339e+003,-3.315067e+003, 1.978689e+003, 1.094464e+002, 3.115947e+002, 7.953078e+001, 0.000000e+000, 0.000000e+000, 0.000000e+000, 0.000000e+000
 1.370000e-002, 1.520160e+003,-3.323459e+003, 1.930684e+003, 1.049999e+002, 3.022714e+002, 7.605420e+001, 0.000000e+000, 0.000000e+000, 0.000000e+000, 0.000000e+000
 1.375000e-002, 1.584140e+003,-3.330764e+003, 1.881758e+003, 9.964174e+001, 2.934039e+002, 7.196865e+001, 0.000000e+000, 0.000000e+000, 0.000000e+000, 0.000000e+000
 1.380000e-002, 1.647296e+003,-3.336732e+003, 1.831892e+003, 9.341293e+001, 2.849904e+002, 6.731049e+001, 0.000000e+000, 0.000000e+000, 0.000000e+000, 0.000000e+000
 1.385000e-002, 1.709425e+003,-3.341327e+003, 1.781058e+003, 8.636403e+001, 2.770102e+002, 6.212169e+001, 0.000000e+000, 0.000000e+000, 0.000000e+000, 0.000000e+000
 1.390000e-002, 1.770635e+003,-3.344535e+003, 1.729318e+003, 7.854928e+001, 2.694395e+002, 5.644452e+001, 0.000000e+000, 0.000000e+000, 0.000000e+000, 0.000000e+000
 1.395000e-002, 1.830697e+003,-3.346162e+003, 1.676609e+003, 7.002838e+001, 2.622402e+002, 5.032383e+001, 0.000000e+000, 0.000000e+000, 0.000000e+000, 0.000000e+000
 1.400000e-002, 1.889786e+003,-3.346417e+003, 1.623062e+003, 6.086187e+001, 2.553757e+002, 4.380254e+001, 0.000000e+000, 0.000000e+000, 0.000000e+000, 0.000000e+000
 1.405000e-002, 1.947660e+003,-3.344965e+003, 1.568584e+003, 5.111205e+001, 2.488006e+002, 3.692363e+001, 0.000000e+000, 0.000000e+000, 0.000000e+000, 0.000000e+000
 1.410000e-002, 2.004540e+003,-3.342206e+003, 1.513359e+003, 4.084010e+001, 2.424739e+002, 2.972661e+001, 0.000000e+000, 0.000000e+000, 0.000000e+000, 0.000000e+000
 1.415000e-002, 2.060171e+003,-3.337685e+003, 1.457262e+003, 3.010677e+001, 2.363508e+002, 2.224972e+001, 0.000000e+000, 0.000000e+000, 0.000000e+000, 0.000000e+000
 1.420000e-002, 2.114791e+003,-3.331934e+003, 1.400513e+003, 1.897133e+001, 2.303915e+002, 1.452744e+001, 0.000000e+000, 0.000000e+000, 0.000000e+000, 0.000000e+000
 1.425000e-002, 2.168136e+003,-3.324407e+003, 1.342950e+003, 7.492273e+000, 2.245549e+002, 6.593135e+000, 0.000000e+000, 0.000000e+000, 0.000000e+000, 0.000000e+000
 1.430000e-002, 2.220437e+003,-3.315704e+003, 1.284818e+003,-4.272243e+000, 2.188033e+002,-1.522586e+000, 0.000000e+000, 0.000000e+000, 0.000000e+000, 0.000000e+000
 1.435000e-002, 2.271421e+003,-3.305225e+003, 1.225909e+003,-1.626376e+001, 2.130988e+002,-9.788873e+000, 0.000000e+000, 0.000000e+000, 0.000000e+000, 0.000000e+000
 1.440000e-002, 2.321302e+003,-3.293581e+003, 1.166489e+003,-2.842224e+001, 2.074035e+002,-1.817589e+001, 0.000000e+000, 0.000000e+000, 0.000000e+000, 0.000000e+000
 1.445000e-002, 2.369803e+003,-3.280165e+003, 1.106302e+003,-4.068581e+001, 2.016795e+002,-2.665172e+001, 0.000000e+000, 0.000000e+000, 0.000000e+000, 0.000000e+000
 1.450000e-002, 2.417116e+003,-3.265551e+003, 1.045636e+003,-5.298944e+001, 1.958860e+002,-3.518376e+001, 0.000000e+000, 0.000000e+000, 0.000000e+000, 0.000000e+000
 1.455000e-002, 2.462976e+003,-3.249182e+003, 9.841939e+002,-6.526541e+001, 1.899830e+002,-4.373591e+001, 0.000000e+000, 0.000000e+000, 0.000000e+000, 0.000000e+000
 1.460000e-002, 2.507562e+003,-3.231560e+003, 9.222930e+002,-7.744249e+001, 1.839260e+002,-5.227052e+001, 0.000000e+000, 0.000000e+000, 0.000000e+000, 0.000000e+000
 1.465000e-002, 2.550629e+003,-3.212236e+003, 8.596036e+002,-8.944737e+001, 1.776733e+002,-6.074620e+001, 0.000000e+000, 0.000000e+000, 0.000000e+000, 0.000000e+000
 1.470000e-002, 2.592355e+003,-3.191615e+003, 7.964811e+002,-1.012045e+002, 1.711795e+002,-6.912041e+001, 0.000000e+000, 0.000000e+000, 0.000000e+000, 0.000000e+000
 1.475000e-002, 2.632532e+003,-3.169399e+003, 7.325740e+002,-1.126385e+002, 1.644058e+002,-7.734795e+001, 0.000000e+000, 0.000000e+000, 0.000000e+000, 0.000000e+000
 1.480000e-002, 2.671342e+003,-3.145883e+003, 6.682849e+002,-1.236744e+002, 1.573121e+002,-8.538409e+001, 0.000000e+000, 0.000000e+000, 0.000000e+000, 0.000000e+000
 1.485000e-002, 2.708620e+003,-3.120943e+003, 6.032465e+002,-1.342405e+002, 1.498690e+002,-9.318361e+001, 0.000000e+000, 0.000000e+000, 0.000000e+000, 0.000000e+000
 1.490000e-002, 2.744552e+003,-3.094746e+003, 5.379120e+002,-1.442686e+002, 1.420490e+002,-1.007041e+002, 0.000000e+000, 0.000000e+000, 0.000000e+000, 0.000000e+000
 1.495000e-002, 2.779021e+003,-3.067354e+003, 4.719001e+002,-1.536971e+002, 1.338388e+002,-1.079049e+002, 0.000000e+000, 0.000000e+000, 0.000000e+000, 0.000000e+000
 1.500000e-002, 2.812207e+003,-3.038782e+003, 4.057118e+002,-1.624709e+002, 1.252295e+002,-1.147507e+002, 0.000000e+000, 0.000000e+000, 0.000000e+000, 0.000000e+000
 1.505000e-002, 2.844035e+003,-3.009267e+003, 3.389472e+002,-1.705434e+002, 1.162275e+002,-1.212096e+002, 0.000000e+000, 0.000000e+000, 0.000000e+000, 0.000000e+000
 1.510000e-002, 2.874665e+003,-2.978660e+003, 2.721474e+002,-1.778760e+002, 1.068443e+002,-1.272567e+002, 0.000000e+000, 0.000000e+000, 0.000000e+000, 0.000000e+000
 1.515000e-002, 2.904059e+003,-2.947347e+003, 2.048858e+002,-1.844399e+002, 9.710591e+001,-1.328713e+002, 0.000000e+000, 0.000000e+000, 0.000000e+000, 0.000000e+000
 1.520000e-002, 2.932342e+003,-2.915010e+003, 1.377347e+002,-1.902139e+002, 8.704132e+001,-1.380398e+002, 0.000000e+000, 0.000000e+000, 0.000000e+000, 0.000000e+000
 1.525000e-002, 2.959504e+003,-2.882158e+003, 7.023171e+001,-1.951864e+002, 7.669112e+001,-1.427529e+002, 0.000000e+000, 0.000000e+000, 0.000000e+000, 0.000000e+000
 1.530000e-002, 2.985626e+003,-2.848305e+003, 2.973537e+000,-1.993520e+002, 6.609595e+001,-1.470071e+002, 0.000000e+000, 0.000000e+000, 0.000000e+000, 0.000000e+000
 1.535000e-002, 3.010727e+003,-2.814069e+003,-6.454456e+001,-2.027137e+002, 5.530369e+001,-1.508022e+002, 0.000000e+000, 0.000000e+000, 0.000000e+000, 0.000000e+000
 1.540000e-002, 3.034835e+003,-2.778812e+003,-1.317043e+002,-2.052790e+002, 4.435927e+001,-1.541427e+002, 0.000000e+000, 0.000000e+000, 0.000000e+000, 0.000000e+000
 1.545000e-002, 3.057998e+003,-2.743244e+003,-1.990541e+002,-2.070622e+002, 3.331092e+001,-1.570344e+002, 0.000000e+000, 0.000000e+000, 0.000000e+000, 0.000000e+000
 1.550000e-002, 3.080199e+003,-2.706611e+003,-2.659532e+002,-2.080809e+002, 2.220208e+001,-1.594866e+002, 0.000000e+000, 0.000000e+000, 0.000000e+000, 0.000000e+000
 1.555000e-002, 3.101512e+003,-2.669707e+003,-3.329896e+002,-2.083579e+002, 1.107708e+001,-1.615087e+002, 0.000000e+000, 0.000000e+000, 0.000000e+000, 0.000000e+000
 1.560000e-002, 3.121887e+003,-2.631692e+003,-3.994978e+002,-2.079191e+002,-2.451345e-002,-1.631127e+002, 0.000000e+000, 0.000000e+000, 0.000000e+000, 0.000000e+000
 1.565000e-002, 3.141421e+003,-2.593439e+003,-4.660970e+002,-2.067944e+002,-1.106279e+001,-1.643102e+002, 0.000000e+000, 0.000000e+000, 0.000000e+000, 0.000000e+000
 1.570000e-002, 3.160044e+003,-2.554061e+003,-5.320972e+002,-2.050169e+002,-2.200076e+001,-1.651149e+002, 0.000000e+000, 0.000000e+000, 0.000000e+000, 0.000000e+000
 1.575000e-002, 3.177868e+003,-2.514491e+003,-5.981375e+002,-2.026236e+002,-3.280030e+001,-1.655406e+002, 0.000000e+000, 0.000000e+000, 0.000000e+000, 0.000000e+000
 1.580000e-002, 3.194813e+003,-2.473822e+003,-6.635093e+002,-1.996548e+002,-4.342340e+001,-1.656029e+002, 0.000000e+000, 0.000000e+000, 0.000000e+000, 0.000000e+000
 1.585000e-002, 3.210995e+003,-2.433024e+003,-7.288594e+002,-1.961539e+002,-5.382987e+001,-1.653185e+002, 0.000000e+000, 0.000000e+000, 0.000000e+000, 0.000000e+000
 1.590000e-002, 3.226334e+003,-2.391194e+003,-7.934748e+002,-1.921680e+002,-6.397706e+001,-1.647053e+002, 0.000000e+000, 0.000000e+000, 0.000000e+000, 0.000000e+000
 1.595000e-002, 3.240929e+003,-2.349301e+003,-8.579958e+002,-1.877461e+002,-7.382008e+001,-1.637835e+002, 0.000000e+000, 0.000000e+000, 0.000000e+000, 0.000000e+000
 1.600000e-002, 3.254712e+003,-2.306465e+003,-9.217272e+002,-1.829402e+002,-8.331026e+001,-1.625737e+002, 0.000000e+000, 0.000000e+000, 0.000000e+000, 0.000000e+000
 1.605000e-002, 3.267743e+003,-2.263606e+003,-9.852862e+002,-1.778024e+002,-9.239832e+001,-1.610987e+002, 0.000000e+000, 0.000000e+000, 0.000000e+000, 0.000000e+000
 1.610000e-002, 3.279977e+003,-2.219888e+003,-1.048023e+003,-1.723868e+002,-1.010316e+002,-1.593808e+002, 0.000000e+000, 0.000000e+000, 0.000000e+000, 0.000000e+000
 1.615000e-002, 3.291419e+003,-2.176141e+003,-1.110511e+003,-1.667449e+002,-1.091602e+002,-1.574442e+002, 0.000000e+000, 0.000000e+000, 0.000000e+000, 0.000000e+000
 1.620000e-002, 3.302057e+003,-2.131594e+003,-1.172177e+003,-1.609287e+002,-1.167325e+002,-1.553103e+002, 0.000000e+000, 0.000000e+000, 0.000000e+000, 0.000000e+000
 1.625000e-002, 3.311826e+003,-2.086946e+003,-1.233521e+003,-1.549857e+002,-1.237043e+002,-1.530024e+002, 0.000000e+000, 0.000000e+000, 0.000000e+000, 0.000000e+000
 1.630000e-002, 3.320767e+003,-2.041526e+003,-1.294076e+003,-1.489618e+002,-1.300316e+002,-1.505388e+002, 0.000000e+000, 0.000000e+000, 0.000000e+000, 0.000000e+000
 1.635000e-002, 3.328739e+003,-1.995872e+003,-1.354241e+003,-1.428969e+002,-1.356820e+002,-1.479394e+002, 0.000000e+000, 0.000000e+000, 0.000000e+000, 0.000000e+000
 1.640000e-002, 3.335848e+003,-1.949450e+003,-1.413678e+003,-1.368288e+002,-1.406254e+002,-1.452170e+002, 0.000000e+000, 0.000000e+000, 0.000000e+000, 0.000000e+000
 1.645000e-002, 3.341878e+003,-1.902615e+003,-1.472651e+003,-1.307883e+002,-1.448459e+002,-1.423869e+002, 0.000000e+000, 0.000000e+000, 0.000000e+000, 0.000000e+000
 1.650000e-002, 3.347014e+003,-1.855014e+003,-1.530970e+003,-1.248043e+002,-1.483302e+002,-1.394563e+002, 0.000000e+000, 0.000000e+000, 0.000000e+000, 0.000000e+000
 1.655000e-002, 3.350967e+003,-1.806805e+003,-1.588737e+003,-1.188989e+002,-1.510807e+002,-1.364357e+002, 0.000000e+000, 0.000000e+000, 0.000000e+000, 0.000000e+000
 1.660000e-002, 3.354010e+003,-1.757849e+003,-1.645923e+003,-1.130934e+002,-1.531008e+002,-1.333277e+002, 0.000000e+000, 0.000000e+000, 0.000000e+000, 0.000000e+000
 1.665000e-002, 3.355784e+003,-1.708101e+003,-1.702447e+003,-1.074032e+002,-1.544092e+002,-1.301400e+002, 0.000000e+000, 0.000000e+000, 0.000000e+000, 0.000000e+000
 1.670000e-002, 3.356651e+003,-1.657656e+003,-1.758447e+003,-1.018443e+002,-1.550235e+002,-1.268734e+002, 0.000000e+000, 0.000000e+000, 0.000000e+000, 0.000000e+000
 1.675000e-002, 3.356188e+003,-1.606264e+003,-1.813654e+003,-9.642830e+001,-1.549745e+002,-1.235350e+002, 0.000000e+000, 0.000000e+000, 0.000000e+000, 0.000000e+000
 1.680000e-002, 3.354834e+003,-1.554258e+003,-1.868374e+003,-9.116794e+001,-1.542902e+002,-1.201267e+002, 0.000000e+000, 0.000000e+000, 0.000000e+000, 0.000000e+000
 1.685000e-002, 3.352107e+003,-1.501182e+003,-1.922155e+003,-8.607294e+001,-1.530092e+002,-1.166577e+002, 0.000000e+000, 0.000000e+000, 0.000000e+000, 0.000000e+000
 1.690000e-002, 3.348512e+003,-1.447594e+003,-1.975468e+003,-8.115440e+001,-1.511662e+002,-1.131334e+002, 0.000000e+000, 0.000000e+000, 0.000000e+000, 0.000000e+000
 1.695000e-002, 3.343510e+003,-1.392842e+003,-2.027699e+003,-7.642087e+001,-1.488047e+002,-1.095661e+002, 0.000000e+000, 0.000000e+000, 0.000000e+000, 0.000000e+000
 1.700000e-002, 3.337655e+003,-1.337682e+003,-2.079467e+003,-7.188162e+001,-1.459641e+002,-1.059654e+002, 0.000000e+000, 0.000000e+000, 0.000000e+000, 0.000000e+000
 1.705000e-002, 3.330360e+003,-1.281281e+003,-2.130032e+003,-6.754340e+001,-1.426916e+002,-1.023464e+002, 0.000000e+000, 0.000000e+000, 0.000000e+000, 0.000000e+000
 1.710000e-002, 3.322208e+003,-1.224556e+003,-2.180136e+003,-6.341230e+001,-1.390317e+002,-9.872173e+001, 0.000000e+000, 0.000000e+000, 0.000000e+000, 0.000000e+000
 1.715000e-002, 3.312579e+003,-1.166526e+003,-2.228951e+003,-5.949152e+001,-1.350356e+002,-9.510738e+001, 0.000000e+000, 0.000000e+000, 0.000000e+000, 0.000000e+000
 1.720000e-002, 3.302070e+003,-1.108230e+003,-2.277305e+003,-5.578214e+001,-1.307538e+002,-9.151688e+001, 0.000000e+000, 0.000000e+000, 0.000000e+000, 0.000000e+000
 1.725000e-002, 3.290044e+003,-1.048582e+003,-2.324327e+003,-5.228205e+001,-1.262427e+002,-8.796429e+001, 0.000000e+000, 0.000000e+000, 0.000000e+000, 0.000000e+000
 1.730000e-002, 3.277098e+003,-9.886964e+002,-2.370888e+003,-4.898581e+001,-1.215593e+002,-8.446144e+001, 0.000000e+000, 0.000000e+000, 0.000000e+000, 0.000000e+000
 1.735000e-002, 3.262602e+003,-9.274427e+002,-2.416114e+003,-4.588504e+001,-1.167649e+002,-8.101811e+001, 0.000000e+000, 0.000000e+000, 0.000000e+000, 0.000000e+000
 1.740000e-002, 3.247137e+003,-8.659662e+002,-2.460867e+003,-4.296744e+001,-1.119225e+002,-7.764259e+001, 0.000000e+000, 0.000000e+000, 0.000000e+000, 0.000000e+000
 1.745000e-002, 3.230105e+003,-8.031501e+002,-2.504311e+003,-4.021875e+001,-1.070962e+002,-7.433922e+001, 0.000000e+000, 0.000000e+000, 0.000000e+000, 0.000000e+000
 1.750000e-002, 3.212059e+003,-7.401271e+002,-2.547252e+003,-3.762086e+001,-1.023516e+002,-7.111229e+001, 0.000000e+000, 0.000000e+000, 0.000000e+000, 0.000000e+000
 1.755000e-002, 3.192454e+003,-6.758518e+002,-2.588924e+003,-3.515535e+001,-9.775153e+001,-6.796127e+001, 0.000000e+000, 0.000000e+000, 0.000000e+000, 0.000000e+000
 1.760000e-002, 3.171800e+003,-6.113986e+002,-2.630035e+003,-3.280051e+001,-9.335984e+001,-6.488747e+001, 0.000000e+000, 0.000000e+000, 0.000000e+000, 0.000000e+000
 1.765000e-002, 3.149624e+003,-5.458421e+002,-2.669920e+003,-3.053623e+001,-8.923314e+001,-6.188734e+001, 0.000000e+000, 0.000000e+000, 0.000000e+000, 0.000000e+000
 1.770000e-002, 3.126378e+003,-4.801523e+002,-2.709157e+003,-2.833995e+001,-8.542803e+001,-5.896122e+001, 0.000000e+000, 0.000000e+000, 0.000000e+000, 0.000000e+000
 1.775000e-002, 3.101678e+003,-4.135605e+002,-2.747205e+003,-2.619252e+001,-8.199051e+001,-5.610506e+001, 0.000000e+000, 0.000000e+000, 0.000000e+000, 0.000000e+000
 1.780000e-002, 3.075898e+003,-3.468883e+002,-2.784495e+003,-2.407295e+001,-7.896600e+001,-5.332032e+001, 0.000000e+000, 0.000000e+000, 0.000000e+000, 0.000000e+000
 1.785000e-002, 3.048752e+003,-2.795482e+002,-2.820625e+003,-2.196508e+001,-7.638714e+001,-5.060464e+001, 0.000000e+000, 0.000000e+000, 0.000000e+000, 0.000000e+000
 1.790000e-002, 3.020522e+003,-2.121749e+002,-2.855877e+003,-1.985124e+001,-7.428640e+001,-4.796199e+001, 0.000000e+000, 0.000000e+000, 0.000000e+000, 0.000000e+000
 1.795000e-002, 2.991030e+003,-1.443766e+002,-2.889994e+003,-1.771939e+001,-7.268292e+001,-4.539287e+001, 0.000000e+000, 0.000000e+000, 0.000000e+000, 0.000000e+000
 1.800000e-002, 2.960452e+003,-7.657399e+001,-2.923119e+003,-1.555597e+001,-7.159692e+001,-4.290392e+001, 0.000000e+000, 0.000000e+000, 0.000000e+000, 0.000000e+000
 1.805000e-002, 2.928720e+003,-8.577531e+000,-2.955132e+003,-1.335337e+001,-7.103613e+001,-4.049849e+001, 0.000000e+000, 0.000000e+000, 0.000000e+000, 0.000000e+000
 1.810000e-002, 2.895898e+003, 5.941940e+001,-2.986054e+003,-1.110230e+001,-7.101101e+001,-3.818496e+001, 0.000000e+000, 0.000000e+000, 0.000000e+000, 0.000000e+000
 1.815000e-002, 2.862034e+003, 1.274016e+002,-3.015889e+003,-8.799342e+000,-7.152109e+001,-3.596854e+001, 0.000000e+000, 0.000000e+000, 0.000000e+000, 0.000000e+000
 1.820000e-002, 2.827077e+003, 1.954017e+002,-3.044559e+003,-6.439343e+000,-7.257011e+001,-3.385794e+001, 0.000000e+000, 0.000000e+000, 0.000000e+000, 0.000000e+000
 1.825000e-002, 2.791185e+003, 2.632013e+002,-3.072163e+003,-4.022831e+000,-7.415237e+001,-3.185897e+001, 0.000000e+000, 0.000000e+000, 0.000000e+000, 0.000000e+000
 1.830000e-002, 2.754202e+003, 3.310445e+002,-3.098553e+003,-1.548758e+000,-7.626695e+001,-2.997932e+001, 0.000000e+000, 0.000000e+000, 0.000000e+000, 0.000000e+000
 1.835000e-002, 2.716391e+003, 3.985164e+002,-3.123890e+003, 9.784903e-001,-7.890453e+001,-2.822451e+001, 0.000000e+000, 0.000000e+000, 0.000000e+000, 0.000000e+000
 1.840000e-002, 2.677500e+003, 4.660491e+002,-3.147986e+003, 3.555624e+000,-8.205996e+001,-2.660061e+001, 0.000000e+000, 0.000000e+000, 0.000000e+000, 0.000000e+000
 1.845000e-002, 2.637882e+003, 5.330444e+002,-3.171024e+003, 6.174261e+000,-8.572000e+001,-2.511272e+001, 0.000000e+000, 0.000000e+000, 0.000000e+000, 0.000000e+000
 1.850000e-002, 2.597205e+003, 6.000950e+002,-3.192812e+003, 8.826454e+000,-8.987408e+001,-2.376544e+001, 0.000000e+000, 0.000000e+000, 0.000000e+000, 0.000000e+000
 1.855000e-002, 2.555899e+003, 6.664407e+002,-3.213516e+003, 1.149971e+001,-9.450340e+001,-2.256394e+001, 0.000000e+000, 0.000000e+000, 0.000000e+000, 0.000000e+000
 1.860000e-002, 2.513565e+003, 7.328068e+002,-3.232973e+003, 1.418134e+001,-9.958984e+001,-2.151211e+001, 0.000000e+000, 0.000000e+000, 0.000000e+000, 0.000000e+000
 1.865000e-002, 2.470686e+003, 7.983015e+002,-3.251302e+003, 1.685502e+001,-1.051071e+002,-2.061585e+001, 0.000000e+000, 0.000000e+000, 0.000000e+000, 0.000000e+000
 1.870000e-002, 2.426819e+003, 8.637556e+002,-3.268399e+003, 1.950379e+001,-1.110279e+002,-1.987900e+001, 0.000000e+000, 0.000000e+000, 0.000000e+000, 0.000000e+000
 1.875000e-002, 2.382472e+003, 9.281830e+002,-3.284309e+003, 2.210839e+001,-1.173175e+002,-1.930848e+001, 0.000000e+000, 0.000000e+000, 0.000000e+000, 0.000000e+000
 1.880000e-002, 2.337181e+003, 9.924937e+002,-3.299020e+003, 2.464883e+001,-1.239389e+002,-1.890816e+001, 0.000000e+000, 0.000000e+000, 0.000000e+000, 0.000000e+000
 1.885000e-002, 2.291452e+003, 1.055649e+003,-3.312479e+003, 2.710450e+001,-1.308497e+002,-1.868545e+001, 0.000000e+000, 0.000000e+000, 0.000000e+000, 0.000000e+000
 1.890000e-002, 2.244819e+003, 1.118609e+003,-3.324793e+003, 2.945422e+001,-1.380050e+002,-1.864344e+001, 0.000000e+000, 0.000000e+000, 0.000000e+000, 0.000000e+000
 1.895000e-002, 2.197765e+003, 1.180325e+003,-3.335794e+003, 3.167801e+001,-1.453570e+002,-1.878866e+001, 0.000000e+000, 0.000000e+000, 0.000000e+000, 0.000000e+000
 1.900000e-002, 2.149845e+003, 1.241778e+003,-3.345723e+003, 3.375562e+001,-1.528564e+002,-1.912198e+001, 0.000000e+000, 0.000000e+000, 0.000000e+000, 0.000000e+000
 1.905000e-002, 2.101496e+003, 1.301944e+003,-3.354289e+003, 3.566966e+001,-1.604538e+002,-1.964718e+001, 0.000000e+000, 0.000000e+000, 0.000000e+000, 0.000000e+000
 1.910000e-002, 2.052319e+003, 1.361791e+003,-3.361874e+003, 3.740271e+001,-1.680991e+002,-2.036136e+001, 0.000000e+000, 0.000000e+000, 0.000000e+000, 0.000000e+000
 1.915000e-002, 2.002686e+003, 1.420354e+003,-3.368055e+003, 3.894142e+001,-1.757453e+002,-2.126388e+001, 0.000000e+000, 0.000000e+000, 0.000000e+000, 0.000000e+000
 1.920000e-002, 1.952261e+003, 1.478550e+003,-3.373355e+003, 4.027247e+001,-1.833450e+002,-2.234700e+001, 0.000000e+000, 0.000000e+000, 0.000000e+000, 0.000000e+000
 1.925000e-002, 1.901348e+003, 1.535503e+003,-3.377218e+003, 4.138723e+001,-1.908565e+002,-2.360488e+001, 0.000000e+000, 0.000000e+000, 0.000000e+000, 0.000000e+000
 1.930000e-002, 1.849684e+003, 1.592039e+003,-3.380297e+003, 4.227690e+001,-1.982374e+002,-2.502493e+001, 0.000000e+000, 0.000000e+000, 0.000000e+000, 0.000000e+000
 1.935000e-002, 1.797498e+003, 1.647394e+003,-3.381907e+003, 4.293740e+001,-2.054526e+002,-2.659645e+001, 0.000000e+000, 0.000000e+000, 0.000000e+000, 0.000000e+000
 1.940000e-002, 1.744607e+003, 1.702273e+003,-3.382814e+003, 4.336413e+001,-2.124654e+002,-2.830315e+001, 0.000000e+000, 0.000000e+000, 0.000000e+000, 0.000000e+000
 1.945000e-002, 1.691169e+003, 1.756043e+003,-3.382220e+003, 4.355680e+001,-2.192471e+002,-3.013085e+001, 0.000000e+000, 0.000000e+000, 0.000000e+000, 0.000000e+000
 1.950000e-002, 1.637078e+003, 1.809263e+003,-3.380979e+003, 4.351425e+001,-2.257665e+002,-3.206152e+001, 0.000000e+000, 0.000000e+000, 0.000000e+000, 0.000000e+000
 1.955000e-002, 1.582425e+003, 1.861449e+003,-3.378203e+003, 4.323898e+001,-2.320002e+002,-3.407943e+001, 0.000000e+000, 0.000000e+000, 0.000000e+000, 0.000000e+000
 1.960000e-002, 1.527173e+003, 1.912997e+003,-3.374810e+003, 4.273251e+001,-2.379215e+002,-3.616692e+001, 0.000000e+000, 0.000000e+000, 0.000000e+000, 0.000000e+000
 1.965000e-002, 1.471355e+003, 1.963589e+003,-3.369854e+003, 4.199936e+001,-2.435115e+002,-3.830845e+001, 0.000000e+000, 0.000000e+000, 0.000000e+000, 0.000000e+000
 1.970000e-002, 1.414990e+003, 2.013447e+003,-3.364285e+003, 4.104327e+001,-2.487476e+002,-4.048833e+001, 0.000000e+000, 0.000000e+000, 0.000000e+000, 0.000000e+000
 1.975000e-002, 1.358064e+003, 2.062431e+003,-3.357137e+003, 3.987043e+001,-2.536152e+002,-4.269218e+001, 0.000000e+000, 0.000000e+000, 0.000000e+000, 0.000000e+000
 1.980000e-002, 1.300635e+003, 2.110591e+003,-3.349363e+003, 3.848685e+001,-2.580961e+002,-4.490689e+001, 0.000000e+000, 0.000000e+000, 0.000000e+000, 0.000000e+000
 1.985000e-002, 1.242657e+003, 2.157965e+003,-3.340017e+003, 3.690053e+001,-2.621806e+002,-4.711919e+001, 0.000000e+000, 0.000000e+000, 0.000000e+000, 0.000000e+000
 1.990000e-002, 1.184206e+003, 2.204440e+003,-3.330017e+003, 3.512020e+001,-2.658563e+002,-4.931812e+001, 0.000000e+000, 0.000000e+000, 0.000000e+000, 0.000000e+000
 1.995000e-002, 1.125225e+003, 2.250223e+003,-3.318483e+003, 3.315621e+001,-2.691195e+002,-5.149069e+001, 0.000000e+000, 0.000000e+000, 0.000000e+000, 0.000000e+000
 2.000000e-002, 1.065789e+003, 2.295047e+003,-3.306256e+003, 3.102056e+001,-2.719650e+002,-5.362700e+001, 0.000000e+000, 0.000000e+000, 0.000000e+000, 0.000000e+000
 2.005000e-002, 1.005847e+003, 2.339276e+003,-3.292565e+003, 2.872647e+001,-2.743961e+002,-5.571311e+001, 0.000000e+000, 0.000000e+000, 0.000000e+000, 0.000000e+000
 2.010000e-002, 9.454570e+002, 2.382500e+003,-3.278131e+003, 2.628966e+001,-2.764156e+002,-5.773907e+001, 0.000000e+000, 0.000000e+000, 0.000000e+000, 0.000000e+000
 2.015000e-002, 8.845933e+002, 2.425215e+003,-3.262330e+003, 2.372652e+001,-2.780343e+002,-5.968911e+001, 0.000000e+000, 0.000000e+000, 0.000000e+000, 0.000000e+000
 2.020000e-002, 8.232805e+002, 2.466886e+003,-3.245721e+003, 2.105648e+001,-2.792625e+002,-6.155258e+001, 0.000000e+000, 0.000000e+000, 0.000000e+000, 0.000000e+000
 2.025000e-002, 7.615370e+002, 2.508115e+003,-3.227863e+003, 1.829897e+001,-2.801170e+002,-6.331173e+001, 0.000000e+000, 0.000000e+000, 0.000000e+000, 0.000000e+000
 2.030000e-002, 6.993414e+002, 2.548261e+003,-3.209114e+003, 1.547658e+001,-2.806143e+002,-6.495535e+001, 0.000000e+000, 0.000000e+000, 0.000000e+000, 0.000000e+000
 2.035000e-002, 6.367704e+002, 2.588000e+003,-3.189243e+003, 1.261115e+001,-2.807750e+002,-6.646452e+001, 0.000000e+000, 0.000000e+000, 0.000000e+000, 0.000000e+000
 2.040000e-002, 5.737468e+002, 2.626609e+003,-3.168377e+003, 9.727523e+000,-2.806188e+002,-6.782827e+001, 0.000000e+000, 0.000000e+000, 0.000000e+000, 0.000000e+000
 2.045000e-002, 5.104161e+002, 2.664816e+003,-3.146521e+003, 6.848905e+000,-2.801678e+002,-6.902787e+001, 0.000000e+000, 0.000000e+000, 0.000000e+000, 0.000000e+000
 2.050000e-002, 4.466382e+002, 2.701838e+003,-3.123549e+003, 4.001144e+000,-2.794419e+002,-7.005388e+001, 0.000000e+000, 0.000000e+000, 0.000000e+000, 0.000000e+000
 2.055000e-002, 3.826333e+002, 2.738436e+003,-3.099716e+003, 1.207689e+000,-2.784618e+002,-7.088927e+001, 0.000000e+000, 0.000000e+000, 0.000000e+000, 0.000000e+000
 2.060000e-002, 3.181943e+002, 2.773791e+003,-3.074634e+003,-1.505889e+000,-2.772458e+002,-7.152711e+001, 0.000000e+000, 0.000000e+000, 0.000000e+000, 0.000000e+000
 2.065000e-002, 2.536176e+002, 2.808681e+003,-3.048817e+003,-4.117020e+000,-2.758114e+002,-7.195332e+001, 0.000000e+000, 0.000000e+000, 0.000000e+000, 0.000000e+000
 2.070000e-002, 1.886283e+002, 2.842277e+003,-3.021618e+003,-6.601560e+000,-2.741744e+002,-7.216403e+001, 0.000000e+000, 0.000000e+000, 0.000000e+000, 0.000000e+000
 2.075000e-002, 1.235965e+002, 2.875359e+003,-2.993805e+003,-8.938745e+000,-2.723490e+002,-7.214864e+001, 0.000000e+000, 0.000000e+000, 0.000000e+000, 0.000000e+000
 2.080000e-002, 5.818208e+001, 2.907109e+003,-2.964488e+003,-1.110681e+001,-2.703484e+002,-7.190615e+001, 0.000000e+000, 0.000000e+000, 0.000000e+000, 0.000000e+000
 2.085000e-002,-7.177117e+000, 2.938300e+003,-2.934669e+003,-1.308752e+001,-2.681844e+002,-7.142944e+001, 0.000000e+000, 0.000000e+000, 0.000000e+000, 0.000000e+000
 2.090000e-002,-7.288010e+001, 2.968133e+003,-2.903244e+003,-1.486222e+001,-2.658687e+002,-7.071978e+001, 0.000000e+000, 0.000000e+000, 0.000000e+000, 0.000000e+000
 2.095000e-002,-1.384305e+002, 2.997370e+003,-2.871418e+003,-1.641579e+001,-2.634118e+002,-6.977313e+001, 0.000000e+000, 0.000000e+000, 0.000000e+000, 0.000000e+000
 2.100000e-002,-2.042762e+002, 3.025238e+003,-2.837910e+003,-1.773331e+001,-2.608251e+002,-6.859223e+001, 0.000000e+000, 0.000000e+000, 0.000000e+000, 0.000000e+000
 2.105000e-002,-2.698742e+002, 3.052476e+003,-2.804084e+003,-1.880322e+001,-2.581190e+002,-6.717586e+001, 0.000000e+000, 0.000000e+000, 0.000000e+000, 0.000000e+000
 2.110000e-002,-3.357085e+002, 3.078339e+003,-2.768528e+003,-1.961490e+001,-2.553050e+002,-6.552773e+001, 0.000000e+000, 0.000000e+000, 0.000000e+000, 0.000000e+000
 2.115000e-002,-4.012042e+002, 3.103541e+003,-2.732713e+003,-2.016082e+001,-2.523935e+002,-6.364939e+001, 0.000000e+000, 0.000000e+000, 0.000000e+000, 0.000000e+000
 2.120000e-002,-4.668656e+002, 3.127359e+003,-2.695145e+003,-2.043513e+001,-2.493959e+002,-6.154557e+001, 0.000000e+000, 0.000000e+000, 0.000000e+000, 0.000000e+000
 2.125000e-002,-5.321033e+002, 3.150478e+003,-2.657347e+003,-2.043472e+001,-2.463220e+002,-5.922096e+001, 0.000000e+000, 0.000000e+000, 0.000000e+000, 0.000000e+000
 2.130000e-002,-5.974247e+002, 3.172197e+003,-2.617804e+003,-2.015893e+001,-2.431817e+002,-5.668163e+001, 0.000000e+000, 0.000000e+000, 0.000000e+000, 0.000000e+000
 2.135000e-002,-6.622454e+002, 3.193170e+003,-2.578024e+003,-1.960928e+001,-2.399828e+002,-5.393599e+001, 0.000000e+000, 0.000000e+000, 0.000000e+000, 0.000000e+000
 2.140000e-002,-7.270573e+002, 3.212716e+003,-2.536535e+003,-1.879049e+001,-2.367326e+002,-5.099196e+001, 0.000000e+000, 0.000000e+000, 0.000000e+000, 0.000000e+000
 2.145000e-002,-7.913024e+002, 3.231462e+003,-2.494771e+003,-1.770873e+001,-2.334352e+002,-4.786204e+001, 0.000000e+000, 0.000000e+000, 0.000000e+000, 0.000000e+000
 2.150000e-002,-8.554381e+002, 3.248748e+003,-2.451366e+003,-1.637391e+001,-2.300939e+002,-4.455621e+001, 0.000000e+000, 0.000000e+000, 0.000000e+000, 0.000000e+000
 2.155000e-002,-9.189550e+002, 3.265176e+003,-2.407621e+003,-1.479646e+001,-2.267087e+002,-4.109089e+001, 0.000000e+000, 0.000000e+000, 0.000000e+000, 0.000000e+000
 2.160000e-002,-9.822567e+002, 3.280112e+003,-2.362337e+003,-1.299098e+001,-2.232784e+002,-3.747779e+001, 0.000000e+000, 0.000000e+000, 0.000000e+000, 0.000000e+000
 2.165000e-002,-1.044904e+003, 3.294137e+003,-2.316629e+003,-1.097144e+001,-2.197989e+002,-3.373643e+001, 0.000000e+000, 0.000000e+000, 0.000000e+000, 0.000000e+000
 2.170000e-002,-1.107228e+003, 3.306647e+003,-2.269519e+003,-8.756182e+000,-2.162654e+002,-2.987936e+001, 0.000000e+000, 0.000000e+000, 0.000000e+000, 0.000000e+000
 2.175000e-002,-1.168881e+003, 3.318200e+003,-2.221888e+003,-6.361723e+000,-2.126705e+002,-2.592777e+001, 0.000000e+000, 0.000000e+000, 0.000000e+000, 0.000000e+000
 2.180000e-002,-1.230101e+003, 3.328234e+003,-2.173024e+003,-3.808978e+000,-2.090073e+002,-2.189377e+001, 0.000000e+000, 0.000000e+000, 0.000000e+000, 0.000000e+000
 2.185000e-002,-1.290652e+003, 3.337275e+003,-2.123540e+003,-1.115883e+000,-2.052669e+002,-1.779864e+001, 0.000000e+000, 0.000000e+000, 0.000000e+000, 0.000000e+000
 2.190000e-002,-1.350662e+003, 3.344810e+003,-2.073016e+003, 1.695278e+000,-2.014418e+002,-1.365284e+001, 0.000000e+000, 0.000000e+000, 0.000000e+000, 0.000000e+000
 2.195000e-002,-1.410019e+003, 3.351327e+003,-2.021767e+003, 4.606212e+000,-1.975235e+002,-9.476293e+000, 0.000000e+000, 0.000000e+000, 0.000000e+000, 0.000000e+000
 2.200000e-002,-1.468731e+003, 3.356366e+003,-1.969690e+003, 7.594337e+000,-1.935055e+002,-5.277095e+000, 0.000000e+000, 0.000000e+000, 0.000000e+000, 0.000000e+000
 2.205000e-002,-1.526817e+003, 3.360368e+003,-1.916782e+003, 1.064180e+001,-1.893803e+002,-1.072948e+000, 0.000000e+000, 0.000000e+000, 0.000000e+000, 0.000000e+000
 2.210000e-002,-1.584153e+003, 3.362932e+003,-1.863263e+003, 1.372651e+001,-1.851435e+002, 3.130479e+000, 0.000000e+000, 0.000000e+000, 0.000000e+000, 0.000000e+000
 2.215000e-002,-1.640899e+003, 3.364437e+003,-1.808806e+003, 1.683152e+001,-1.807893e+002, 7.317837e+000, 0.000000e+000, 0.000000e+000, 0.000000e+000, 0.000000e+000
 2.220000e-002,-1.696792e+003, 3.364549e+003,-1.753947e+003, 1.993567e+001,-1.763152e+002, 1.148529e+001, 0.000000e+000, 0.000000e+000, 0.000000e+000, 0.000000e+000
 2.225000e-002,-1.752132e+003, 3.363577e+003,-1.698047e+003, 2.302305e+001,-1.717172e+002, 1.561944e+001, 0.000000e+000, 0.000000e+000, 0.000000e+000, 0.000000e+000
 2.230000e-002,-1.806519e+003, 3.361260e+003,-1.641938e+003, 2.607366e+001,-1.669943e+002, 1.971729e+001, 0.000000e+000, 0.000000e+000, 0.000000e+000, 0.000000e+000
 2.235000e-002,-1.860387e+003, 3.357830e+003,-1.584693e+003, 2.907252e+001,-1.621437e+002, 2.376673e+001, 0.000000e+000, 0.000000e+000, 0.000000e+000, 0.000000e+000
 2.240000e-002,-1.913207e+003, 3.353105e+003,-1.527411e+003, 3.200086e+001,-1.571657e+002, 2.776463e+001, 0.000000e+000, 0.000000e+000, 0.000000e+000, 0.000000e+000
 2.245000e-002,-1.965539e+003, 3.347234e+003,-1.468912e+003, 3.484454e+001,-1.520585e+002, 3.169972e+001, 0.000000e+000, 0.000000e+000, 0.000000e+000, 0.000000e+000
 2.250000e-002,-2.016735e+003, 3.340125e+003,-1.410528e+003, 3.758612e+001,-1.468238e+002, 3.556810e+001, 0.000000e+000, 0.000000e+000, 0.000000e+000, 0.000000e+000
 2.255000e-002,-2.067467e+003, 3.331839e+003,-1.350870e+003, 4.021231e+001,-1.414608e+002, 3.935929e+001, 0.000000e+000, 0.000000e+000, 0.000000e+000, 0.000000e+000
 2.260000e-002,-2.116988e+003, 3.322382e+003,-1.291452e+003, 4.270728e+001,-1.359731e+002, 4.306851e+001, 0.000000e+000, 0.000000e+000, 0.000000e+000, 0.000000e+000
 2.265000e-002,-2.166063e+003, 3.311721e+003,-1.230737e+003, 4.505882e+001,-1.303619e+002, 4.668653e+001, 0.000000e+000, 0.000000e+000, 0.000000e+000, 0.000000e+000
 2.270000e-002,-2.213868e+003, 3.299966e+003,-1.170362e+003, 4.725320e+001,-1.246335e+002, 5.020809e+001, 0.000000e+000, 0.000000e+000, 0.000000e+000, 0.000000e+000
 2.275000e-002,-2.261236e+003, 3.286989e+003,-1.108702e+003, 4.927972e+001,-1.187921e+002, 5.362593e+001, 0.000000e+000, 0.000000e+000, 0.000000e+000, 0.000000e+000
 2.280000e-002,-2.307295e+003, 3.273003e+003,-1.047458e+003, 5.112735e+001,-1.128472e+002, 5.693495e+001, 0.000000e+000, 0.000000e+000, 0.000000e+000, 0.000000e+000
 2.285000e-002,-2.352919e+003, 3.257783e+003,-9.849804e+002, 5.278748e+001,-1.068071e+002, 6.013058e+001, 0.000000e+000, 0.000000e+000, 0.000000e+000, 0.000000e+000
 2.290000e-002,-2.397213e+003, 3.241645e+003,-9.229643e+002, 5.425240e+001,-1.006851e+002, 6.320845e+001, 0.000000e+000, 0.000000e+000, 0.000000e+000, 0.000000e+000
 2.295000e-002,-2.441064e+003, 3.224260e+003,-8.598015e+002, 5.551609e+001,-9.449322e+001, 6.616711e+001, 0.000000e+000, 0.000000e+000, 0.000000e+000, 0.000000e+000
 2.300000e-002,-2.483583e+003, 3.206047e+003,-7.971144e+002, 5.657459e+001,-8.824866e+001, 6.900312e+001, 0.000000e+000, 0.000000e+000, 0.000000e+000, 0.000000e+000
 2.305000e-002,-2.525640e+003, 3.186568e+003,-7.334008e+002, 5.742484e+001,-8.196653e+001, 7.171815e+001, 0.000000e+000, 0.000000e+000, 0.000000e+000, 0.000000e+000
 2.310000e-002,-2.566380e+003, 3.166345e+003,-6.701428e+002, 5.806680e+001,-7.566662e+001, 7.430955e+001, 0.000000e+000, 0.000000e+000, 0.000000e+000, 0.000000e+000
 2.315000e-002,-2.606626e+003, 3.144829e+003,-6.060060e+002, 5.850041e+001,-6.936595e+001, 7.678160e+001, 0.000000e+000, 0.000000e+000, 0.000000e+000, 0.000000e+000
 2.320000e-002,-2.645583e+003, 3.122640e+003,-5.422717e+002, 5.872943e+001,-6.308537e+001, 7.913201e+001, 0.000000e+000, 0.000000e+000, 0.000000e+000, 0.000000e+000
 2.325000e-002,-2.684001e+003, 3.099123e+003,-4.778294e+002, 5.875655e+001,-5.684221e+001, 8.136697e+001, 0.000000e+000, 0.000000e+000, 0.000000e+000, 0.000000e+000
 2.330000e-002,-2.721166e+003, 3.074993e+003,-4.137073e+002, 5.858889e+001,-5.065671e+001, 8.348409e+001, 0.000000e+000, 0.000000e+000, 0.000000e+000, 0.000000e+000
 2.335000e-002,-2.757734e+003, 3.049492e+003,-3.490670e+002, 5.823150e+001,-4.454510e+001, 8.549074e+001, 0.000000e+000, 0.000000e+000, 0.000000e+000, 0.000000e+000
 2.340000e-002,-2.793094e+003, 3.023429e+003,-2.846419e+002, 5.769423e+001,-3.852577e+001, 8.738415e+001, 0.000000e+000, 0.000000e+000, 0.000000e+000, 0.000000e+000
 2.345000e-002,-2.827787e+003, 2.995953e+003,-2.199040e+002, 5.698396e+001,-3.261296e+001, 8.917234e+001, 0.000000e+000, 0.000000e+000, 0.000000e+000, 0.000000e+000
 2.350000e-002,-2.861320e+003, 2.967959e+003,-1.552618e+002, 5.611264e+001,-2.682259e+001, 9.085224e+001, 0.000000e+000, 0.000000e+000, 0.000000e+000, 0.000000e+000
 2.355000e-002,-2.894106e+003, 2.938515e+003,-9.052336e+001, 5.508850e+001,-2.116674e+001, 9.243229e+001, 0.000000e+000, 0.000000e+000, 0.000000e+000, 0.000000e+000
 2.360000e-002,-2.925786e+003, 2.908595e+003,-2.575512e+001, 5.392492e+001,-1.565886e+001, 9.390939e+001, 0.000000e+000, 0.000000e+000, 0.000000e+000, 0.000000e+000
 2.365000e-002,-2.956631e+003, 2.877201e+003, 3.888749e+001, 5.263106e+001,-1.030921e+001, 9.529237e+001, 0.000000e+000, 0.000000e+000, 0.000000e+000, 0.000000e+000
 2.370000e-002,-2.986424e+003, 2.845370e+003, 1.036843e+002, 5.122122e+001,-5.129178e+000, 9.657854e+001, 0.000000e+000, 0.000000e+000, 0.000000e+000, 0.000000e+000
 2.375000e-002,-3.015294e+003, 2.812053e+003, 1.681354e+002, 4.970513e+001,-1.277894e-001, 9.777705e+001, 0.000000e+000, 0.000000e+000, 0.000000e+000, 0.000000e+000
 2.380000e-002,-3.043163e+003, 2.778333e+003, 2.328584e+002, 4.809747e+001, 4.685253e+000, 9.888599e+001, 0.000000e+000, 0.000000e+000, 0.000000e+000, 0.000000e+000
 2.385000e-002,-3.070018e+003, 2.743129e+003, 2.970258e+002, 4.640823e+001, 9.301781e+000, 9.991454e+001, 0.000000e+000, 0.000000e+000, 0.000000e+000, 0.000000e+000
 2.390000e-002,-3.095921e+003, 2.707548e+003, 3.615717e+002, 4.465194e+001, 1.371367e+001, 1.008616e+002, 0.000000e+000, 0.000000e+000, 0.000000e+000, 0.000000e+000
 2.395000e-002,-3.120722e+003, 2.670496e+003, 4.253705e+002, 4.283848e+001, 1.791368e+001, 1.017361e+002, 0.000000e+000, 0.000000e+000, 0.000000e+000, 0.000000e+000
 2.400000e-002,-3.144611e+003, 2.633077e+003, 4.896394e+002, 4.098167e+001, 2.189564e+001, 1.025375e+002, 0.000000e+000, 0.000000e+000, 0.000000e+000, 0.000000e+000
 2.405000e-002,-3.167315e+003, 2.594210e+003, 5.529952e+002, 3.909083e+001, 2.565377e+001, 1.032734e+002, 0.000000e+000, 0.000000e+000, 0.000000e+000, 0.000000e+000
 2.410000e-002,-3.189136e+003, 2.554970e+003, 6.168937e+002, 3.717843e+001, 2.918458e+001, 1.039438e+002, 0.000000e+000, 0.000000e+000, 0.000000e+000, 0.000000e+000
 2.415000e-002,-3.209695e+003, 2.514312e+003, 6.797421e+002, 3.525279e+001, 3.248459e+001, 1.045544e+002, 0.000000e+000, 0.000000e+000, 0.000000e+000, 0.000000e+000
 2.420000e-002,-3.229389e+003, 2.473258e+003, 7.431828e+002, 3.332442e+001, 3.555381e+001, 1.051051e+002, 0.000000e+000, 0.000000e+000, 0.000000e+000, 0.000000e+000
 2.425000e-002,-3.247752e+003, 2.430821e+003, 8.054669e+002, 3.140024e+001, 3.839180e+001, 1.055995e+002, 0.000000e+000, 0.000000e+000, 0.000000e+000, 0.000000e+000
 2.430000e-002,-3.265255e+003, 2.387954e+003, 8.683648e+002, 2.948835e+001, 4.100266e+001, 1.060370e+002, 0.000000e+000, 0.000000e+000, 0.000000e+000, 0.000000e+000
 2.435000e-002,-3.281374e+003, 2.343750e+003, 9.300291e+002, 2.759403e+001, 4.338940e+001, 1.064192e+002, 0.000000e+000, 0.000000e+000, 0.000000e+000, 0.000000e+000
 2.440000e-002,-3.296623e+003, 2.299072e+003, 9.922973e+002, 2.572274e+001, 4.556023e+001, 1.067453e+002, 0.000000e+000, 0.000000e+000, 0.000000e+000, 0.000000e+000
 2.445000e-002,-3.310449e+003, 2.253116e+003, 1.053282e+003, 2.387814e+001, 4.752154e+001, 1.070150e+002, 0.000000e+000, 0.000000e+000, 0.000000e+000, 0.000000e+000
 2.450000e-002,-3.323385e+003, 2.206638e+003, 1.114827e+003, 2.206313e+001, 4.928516e+001, 1.072281e+002, 0.000000e+000, 0.000000e+000, 0.000000e+000, 0.000000e+000
 2.455000e-002,-3.334880e+003, 2.158957e+003, 1.175062e+003, 2.028004e+001, 5.086021e+001, 1.073830e+002, 0.000000e+000, 0.000000e+000, 0.000000e+000, 0.000000e+000
 2.460000e-002,-3.345451e+003, 2.110706e+003, 1.235782e+003, 1.852951e+001, 5.226125e+001, 1.074804e+002, 0.000000e+000, 0.000000e+000, 0.000000e+000, 0.000000e+000
 2.465000e-002,-3.354587e+003, 2.061340e+003, 1.295189e+003, 1.681303e+001, 5.349932e+001, 1.075185e+002, 0.000000e+000, 0.000000e+000, 0.000000e+000, 0.000000e+000
 2.470000e-002,-3.362752e+003, 2.011362e+003, 1.354976e+003, 1.512950e+001, 5.459061e+001, 1.074996e+002, 0.000000e+000, 0.000000e+000, 0.000000e+000, 0.000000e+000
 2.475000e-002,-3.369510e+003, 1.960365e+003, 1.413468e+003, 1.348003e+001, 5.554726e+001, 1.074219e+002, 0.000000e+000, 0.000000e+000, 0.000000e+000, 0.000000e+000
 2.480000e-002,-3.375241e+003, 1.908721e+003, 1.472210e+003, 1.186233e+001, 5.638625e+001, 1.072896e+002, 0.000000e+000, 0.000000e+000, 0.000000e+000, 0.000000e+000
 2.485000e-002,-3.379611e+003, 1.856159e+003, 1.529697e+003, 1.027753e+001, 5.712023e+001, 1.071013e+002, 0.000000e+000, 0.000000e+000, 0.000000e+000, 0.000000e+000
 2.490000e-002,-3.382889e+003, 1.802919e+003, 1.587287e+003, 8.722536e+000, 5.776643e+001, 1.068630e+002, 0.000000e+000, 0.000000e+000, 0.000000e+000, 0.000000e+000
 2.495000e-002,-3.384869e+003, 1.748863e+003, 1.643680e+003, 7.198687e+000, 5.833776e+001, 1.065737e+002, 0.000000e+000, 0.000000e+000, 0.000000e+000, 0.000000e+000
 2.500000e-002,-3.385681e+003, 1.694102e+003, 1.700019e+003, 5.702309e+000, 5.885146e+001, 1.062407e+002, 0.000000e+000, 0.000000e+000, 0.000000e+000, 0.000000e+000
 2.505000e-002,-3.385270e+003, 1.638626e+003, 1.755235e+003, 4.234890e+000, 5.932071e+001, 1.058632e+002, 0.000000e+000, 0.000000e+000, 0.000000e+000, 0.000000e+000
 2.510000e-002,-3.383606e+003, 1.582424e+003, 1.810233e+003, 2.792222e+000, 5.976269e+001, 1.054490e+002, 0.000000e+000, 0.000000e+000, 0.000000e+000, 0.000000e+000
 2.515000e-002,-3.380804e+003, 1.525600e+003, 1.864196e+003, 1.375713e+000, 6.019084e+001, 1.049974e+002, 0.000000e+000, 0.000000e+000, 0.000000e+000, 0.000000e+000
 2.520000e-002,-3.376659e+003, 1.468040e+003, 1.917774e+003,-1.939811e-002, 6.062212e+001, 1.045163e+002, 0.000000e+000, 0.000000e+000, 0.000000e+000, 0.000000e+000
 2.525000e-002,-3.371464e+003, 1.409949e+003, 1.970410e+003,-1.392064e+000, 6.107006e+001, 1.040046e+002, 0.000000e+000, 0.000000e+000, 0.000000e+000, 0.000000e+000
 2.530000e-002,-3.364837e+003, 1.351120e+003, 2.022495e+003,-2.747568e+000, 6.155096e+001, 1.034700e+002, 0.000000e+000, 0.000000e+000, 0.000000e+000, 0.000000e+000
 2.535000e-002,-3.357250e+003, 1.291850e+003, 2.073735e+003,-4.085410e+000, 6.207790e+001, 1.029112e+002, 0.000000e+000, 0.000000e+000, 0.000000e+000, 0.000000e+000
 2.540000e-002,-3.348143e+003, 1.231857e+003, 2.124257e+003,-5.411204e+000, 6.266580e+001, 1.023356e+002, 0.000000e+000, 0.000000e+000, 0.000000e+000, 0.000000e+000
 2.545000e-002,-3.338166e+003, 1.171509e+003, 2.174029e+003,-6.725007e+000, 6.332651e+001, 1.017417e+002, 0.000000e+000, 0.000000e+000, 0.000000e+000, 0.000000e+000
 2.550000e-002,-3.326595e+003, 1.110468e+003, 2.222921e+003,-8.032377e+000, 6.407269e+001, 1.011368e+002, 0.000000e+000, 0.000000e+000, 0.000000e+000, 0.000000e+000
 2.555000e-002,-3.314236e+003, 1.049160e+003, 2.271150e+003,-9.333756e+000, 6.491405e+001, 1.005197e+002, 0.000000e+000, 0.000000e+000, 0.000000e+000, 0.000000e+000
 2.560000e-002,-3.300225e+003, 9.872014e+002, 2.318344e+003,-1.063411e+001, 6.586018e+001, 9.989738e+001, 0.000000e+000, 0.000000e+000, 0.000000e+000, 0.000000e+000
 2.565000e-002,-3.285501e+003, 9.250607e+002, 2.364952e+003,-1.193398e+001, 6.691794e+001, 9.926933e+001, 0.000000e+000, 0.000000e+000, 0.000000e+000, 0.000000e+000
 2.570000e-002,-3.269086e+003, 8.623247e+002, 2.410382e+003,-1.323718e+001, 6.809335e+001, 9.864247e+001, 0.000000e+000, 0.000000e+000, 0.000000e+000, 0.000000e+000
 2.575000e-002,-3.252022e+003, 7.994852e+002, 2.455295e+003,-1.454404e+001, 6.939008e+001, 9.801691e+001, 0.000000e+000, 0.000000e+000, 0.000000e+000, 0.000000e+000
 2.580000e-002,-3.233250e+003, 7.361129e+002, 2.498899e+003,-1.585675e+001, 7.081057e+001, 9.739941e+001, 0.000000e+000, 0.000000e+000, 0.000000e+000, 0.000000e+000
 2.585000e-002,-3.213876e+003, 6.727073e+002, 2.542044e+003,-1.717526e+001, 7.235551e+001, 9.679064e+001, 0.000000e+000, 0.000000e+000, 0.000000e+000, 0.000000e+000
 2.590000e-002,-3.192802e+003, 6.088343e+002, 2.583764e+003,-1.849986e+001, 7.402415e+001, 9.619692e+001, 0.000000e+000, 0.000000e+000, 0.000000e+000, 0.000000e+000
 2.595000e-002,-3.171151e+003, 5.449876e+002, 2.625074e+003,-1.983007e+001, 7.581474e+001, 9.561935e+001, 0.000000e+000, 0.000000e+000, 0.000000e+000, 0.000000e+000
 2.600000e-002,-3.147833e+003, 4.807395e+002, 2.664864e+003,-2.116425e+001, 7.772410e+001, 9.506344e+001, 0.000000e+000, 0.000000e+000, 0.000000e+000, 0.000000e+000
 2.605000e-002,-3.123942e+003, 4.165668e+002, 2.704278e+003,-2.250159e+001, 7.974876e+001, 9.453045e+001, 0.000000e+000, 0.000000e+000, 0.000000e+000, 0.000000e+000
 2.610000e-002,-3.098439e+003, 3.520583e+002, 2.742095e+003,-2.383864e+001, 8.188390e+001, 9.402486e+001, 0.000000e+000, 0.000000e+000, 0.000000e+000, 0.000000e+000
 2.615000e-002,-3.072345e+003, 2.876655e+002, 2.779557e+003,-2.517445e+001, 8.412499e+001, 9.354789e+001, 0.000000e+000, 0.000000e+000, 0.000000e+000, 0.000000e+000
 2.620000e-002,-3.044717e+003, 2.230028e+002, 2.815365e+003,-2.650398e+001, 8.646615e+001, 9.310284e+001, 0.000000e+000, 0.000000e+000, 0.000000e+000, 0.000000e+000
 2.625000e-002,-3.016457e+003, 1.584904e+002, 2.850822e+003,-2.782630e+001, 8.890220e+001, 9.269091e+001, 0.000000e+000, 0.000000e+000, 0.000000e+000, 0.000000e+000
 2.630000e-002,-2.986763e+003, 9.377595e+001, 2.884586e+003,-2.913504e+001, 9.142648e+001, 9.231420e+001, 0.000000e+000, 0.000000e+000, 0.000000e+000, 0.000000e+000
 2.635000e-002,-2.956375e+003, 2.924377e+001, 2.917989e+003,-3.042932e+001, 9.403322e+001, 9.197393e+001, 0.000000e+000, 0.000000e+000, 0.000000e+000, 0.000000e+000
 2.640000e-002,-2.924674e+003,-3.542014e+001, 2.949676e+003,-3.170167e+001, 9.671500e+001, 9.167117e+001, 0.000000e+000, 0.000000e+000, 0.000000e+000, 0.000000e+000
 2.645000e-002,-2.892203e+003,-9.986977e+001, 2.980973e+003,-3.295126e+001, 9.946533e+001, 9.140726e+001, 0.000000e+000, 0.000000e+000, 0.000000e+000, 0.000000e+000
 2.650000e-002,-2.858554e+003,-1.643789e+002, 3.010551e+003,-3.416967e+001, 1.022759e+002, 9.118237e+001, 0.000000e+000, 0.000000e+000, 0.000000e+000, 0.000000e+000
 2.655000e-002,-2.824046e+003,-2.286409e+002, 3.039696e+003,-3.535608e+001, 1.051393e+002, 9.099802e+001, 0.000000e+000, 0.000000e+000, 0.000000e+000, 0.000000e+000
 2.660000e-002,-2.788508e+003,-2.928902e+002, 3.067135e+003,-3.650135e+001, 1.080463e+002, 9.085347e+001, 0.000000e+000, 0.000000e+000, 0.000000e+000, 0.000000e+000
 2.665000e-002,-2.752012e+003,-3.568591e+002, 3.094085e+003,-3.760464e+001, 1.109884e+002, 9.075037e+001, 0.000000e+000, 0.000000e+000, 0.000000e+000, 0.000000e+000
 2.670000e-002,-2.714643e+003,-4.207462e+002, 3.119360e+003,-3.865641e+001, 1.139558e+002, 9.068700e+001, 0.000000e+000, 0.000000e+000, 0.000000e+000, 0.000000e+000
 2.675000e-002,-2.676212e+003,-4.843204e+002, 3.144079e+003,-3.965589e+001, 1.169393e+002, 9.066486e+001, 0.000000e+000, 0.000000e+000, 0.000000e+000, 0.000000e+000
 2.680000e-002,-2.637063e+003,-5.477497e+002, 3.167170e+003,-4.059364e+001, 1.199286e+002, 9.068106e+001, 0.000000e+000, 0.000000e+000, 0.000000e+000, 0.000000e+000
 2.685000e-002,-2.596748e+003,-6.108353e+002, 3.189630e+003,-4.146910e+001, 1.229144e+002, 9.073663e+001, 0.000000e+000, 0.000000e+000, 0.000000e+000, 0.000000e+000
 2.690000e-002,-2.555866e+003,-6.737211e+002, 3.210524e+003,-4.227351e+001, 1.258867e+002, 9.082727e+001, 0.000000e+000, 0.000000e+000, 0.000000e+000, 0.000000e+000
 2.695000e-002,-2.513718e+003,-7.362338e+002, 3.230706e+003,-4.300685e+001, 1.288365e+002, 9.095323e+001, 0.000000e+000, 0.000000e+000, 0.000000e+000, 0.000000e+000
 2.700000e-002,-2.471143e+003,-7.985005e+002, 3.249395e+003,-4.366161e+001, 1.317549e+002, 9.110872e+001, 0.000000e+000, 0.000000e+000, 0.000000e+000, 0.000000e+000
 2.705000e-002,-2.427211e+003,-8.603652e+002, 3.267283e+003,-4.423852e+001, 1.346338e+002, 9.129298e+001, 0.000000e+000, 0.000000e+000, 0.000000e+000, 0.000000e+000
 2.710000e-002,-2.382979e+003,-9.219451e+002, 3.283762e+003,-4.473186e+001, 1.374657e+002, 9.149876e+001, 0.000000e+000, 0.000000e+000, 0.000000e+000, 0.000000e+000
 2.715000e-002,-2.337313e+003,-9.830923e+002, 3.299347e+003,-4.514323e+001, 1.402440e+002, 9.172436e+001, 0.000000e+000, 0.000000e+000, 0.000000e+000, 0.000000e+000
 2.720000e-002,-2.291457e+003,-1.043922e+003, 3.313610e+003,-4.546899e+001, 1.429626e+002, 9.196133e+001, 0.000000e+000, 0.000000e+000, 0.000000e+000, 0.000000e+000
 2.725000e-002,-2.244109e+003,-1.104284e+003, 3.326880e+003,-4.571159e+001, 1.456162e+002, 9.220716e+001, 0.000000e+000, 0.000000e+000, 0.000000e+000, 0.000000e+000
 2.730000e-002,-2.196666e+003,-1.164299e+003, 3.338918e+003,-4.586949e+001, 1.482006e+002, 9.245270e+001, 0.000000e+000, 0.000000e+000, 0.000000e+000, 0.000000e+000
 2.735000e-002,-2.147695e+003,-1.223808e+003, 3.349861e+003,-4.594574e+001, 1.507117e+002, 9.269499e+001, 0.000000e+000, 0.000000e+000, 0.000000e+000, 0.000000e+000
 2.740000e-002,-2.098702e+003,-1.282942e+003, 3.359661e+003,-4.594079e+001, 1.531462e+002, 9.292462e+001, 0.000000e+000, 0.000000e+000, 0.000000e+000, 0.000000e+000
 2.745000e-002,-2.048176e+003,-1.341526e+003, 3.368264e+003,-4.585789e+001, 1.555012e+002, 9.313857e+001, 0.000000e+000, 0.000000e+000, 0.000000e+000, 0.000000e+000
 2.750000e-002,-1.997679e+003,-1.399708e+003, 3.375808e+003,-4.569922e+001, 1.577746e+002, 9.332765e+001, 0.000000e+000, 0.000000e+000, 0.000000e+000, 0.000000e+000
 2.755000e-002,-1.945670e+003,-1.457295e+003, 3.382056e+003,-4.546789e+001, 1.599639e+002, 9.348901e+001, 0.000000e+000, 0.000000e+000, 0.000000e+000, 0.000000e+000
 2.760000e-002,-1.893722e+003,-1.514454e+003, 3.387326e+003,-4.516748e+001, 1.620678e+002, 9.361410e+001, 0.000000e+000, 0.000000e+000, 0.000000e+000, 0.000000e+000
 2.765000e-002,-1.840311e+003,-1.570970e+003, 3.391207e+003,-4.480073e+001, 1.640848e+002, 9.370033e+001, 0.000000e+000, 0.000000e+000, 0.000000e+000, 0.000000e+000
 2.770000e-002,-1.786968e+003,-1.627034e+003, 3.394182e+003,-4.437240e+001, 1.660142e+002, 9.373995e+001, 0.000000e+000, 0.000000e+000, 0.000000e+000, 0.000000e+000
 2.775000e-002,-1.732239e+003,-1.682411e+003, 3.395687e+003,-4.388474e+001, 1.678551e+002, 9.373068e+001, 0.000000e+000, 0.000000e+000, 0.000000e+000, 0.000000e+000
 2.780000e-002,-1.677561e+003,-1.737312e+003, 3.396352e+003,-4.334363e+001, 1.696078e+002, 9.366564e+001, 0.000000e+000, 0.000000e+000, 0.000000e+000, 0.000000e+000
 2.785000e-002,-1.621596e+003,-1.791485e+003, 3.395476e+003,-4.275091e+001, 1.712725e+002, 9.354270e+001, 0.000000e+000, 0.000000e+000, 0.000000e+000, 0.000000e+000
 2.790000e-002,-1.565647e+003,-1.845156e+003, 3.393818e+003,-4.211350e+001, 1.728501e+002, 9.335589e+001, 0.000000e+000, 0.000000e+000, 0.000000e+000, 0.000000e+000
 2.795000e-002,-1.508531e+003,-1.898063e+003, 3.390562e+003,-4.143301e+001, 1.743420e+002, 9.310311e+001, 0.000000e+000, 0.000000e+000, 0.000000e+000, 0.000000e+000
 2.800000e-002,-1.451375e+003,-1.950440e+003, 3.386572e+003,-4.071739e+001, 1.757501e+002, 9.277931e+001, 0.000000e+000, 0.000000e+000, 0.000000e+000, 0.000000e+000
 2.805000e-002,-1.393188e+003,-2.002020e+003, 3.380941e+003,-3.996817e+001, 1.770766e+002, 9.238238e+001, 0.000000e+000, 0.000000e+000, 0.000000e+000, 0.000000e+000
 2.810000e-002,-1.334896e+003,-2.053038e+003, 3.374610e+003,-3.919418e+001, 1.783241e+002, 9.190823e+001, 0.000000e+000, 0.000000e+000, 0.000000e+000, 0.000000e+000
 2.815000e-002,-1.275720e+003,-2.103227e+003, 3.366614e+003,-3.839699e+001, 1.794955e+002, 9.135475e+001, 0.000000e+000, 0.000000e+000, 0.000000e+000, 0.000000e+000
 2.820000e-002,-1.216364e+003,-2.152813e+003, 3.357936e+003,-3.758604e+001, 1.805934e+002, 9.071898e+001, 0.000000e+000, 0.000000e+000, 0.000000e+000, 0.000000e+000
 2.825000e-002,-1.156283e+003,-2.201542e+003, 3.347585e+003,-3.676292e+001, 1.816210e+002, 8.999890e+001, 0.000000e+000, 0.000000e+000, 0.000000e+000, 0.000000e+000
 2.830000e-002,-1.095946e+003,-2.249620e+003, 3.336555e+003,-3.593724e+001, 1.825806e+002, 8.919281e+001, 0.000000e+000, 0.000000e+000, 0.000000e+000, 0.000000e+000
 2.835000e-002,-1.035046e+003,-2.296815e+003, 3.323861e+003,-3.511053e+001, 1.834749e+002, 8.829890e+001, 0.000000e+000, 0.000000e+000, 0.000000e+000, 0.000000e+000
 2.840000e-002,-9.738182e+002,-2.343303e+003, 3.310475e+003,-3.429211e+001, 1.843054e+002, 8.731684e+001, 0.000000e+000, 0.000000e+000, 0.000000e+000, 0.000000e+000
 2.845000e-002,-9.121891e+002,-2.388884e+003, 3.295453e+003,-3.348326e+001, 1.850741e+002, 8.624513e+001, 0.000000e+000, 0.000000e+000, 0.000000e+000, 0.000000e+000
 2.850000e-002,-8.501677e+002,-2.433697e+003, 3.279710e+003,-3.269253e+001, 1.857812e+002, 8.508487e+001, 0.000000e+000, 0.000000e+000, 0.000000e+000, 0.000000e+000
 2.855000e-002,-7.879014e+002,-2.477584e+003, 3.262377e+003,-3.192091e+001, 1.864277e+002, 8.383486e+001, 0.000000e+000, 0.000000e+000, 0.000000e+000, 0.000000e+000
 2.860000e-002,-7.251915e+002,-2.520640e+003, 3.244282e+003,-3.117579e+001, 1.870126e+002, 8.249754e+001, 0.000000e+000, 0.000000e+000, 0.000000e+000, 0.000000e+000
 2.865000e-002,-6.623812e+002,-2.562758e+003, 3.224658e+003,-3.045781e+001, 1.875361e+002, 8.107202e+001, 0.000000e+000, 0.000000e+000, 0.000000e+000, 0.000000e+000
 2.870000e-002,-5.990920e+002,-2.603977e+003, 3.204219e+003,-2.977300e+001, 1.879960e+002, 7.956192e+001, 0.000000e+000, 0.000000e+000, 0.000000e+000, 0.000000e+000
 2.875000e-002,-5.358306e+002,-2.644255e+003, 3.182331e+003,-2.912173e+001, 1.883917e+002, 7.796655e+001, 0.000000e+000, 0.000000e+000, 0.000000e+000, 0.000000e+000
 2.880000e-002,-4.720738e+002,-2.683569e+003, 3.159564e+003,-2.850851e+001, 1.887204e+002, 7.629053e+001, 0.000000e+000, 0.000000e+000, 0.000000e+000, 0.000000e+000
 2.885000e-002,-4.084530e+002,-2.721942e+003, 3.135439e+003,-2.793356e+001, 1.889813e+002, 7.453335e+001, 0.000000e+000, 0.000000e+000, 0.000000e+000, 0.000000e+000
 2.890000e-002,-3.443418e+002,-2.759288e+003, 3.110366e+003,-2.739981e+001, 1.891710e+002, 7.270039e+001, 0.000000e+000, 0.000000e+000, 0.000000e+000, 0.000000e+000
 2.895000e-002,-2.804528e+002,-2.795700e+003, 3.084038e+003,-2.690746e+001, 1.892886e+002, 7.079134e+001, 0.000000e+000, 0.000000e+000, 0.000000e+000, 0.000000e+000
 2.900000e-002,-2.161013e+002,-2.831022e+003, 3.056687e+003,-2.645782e+001, 1.893306e+002, 6.881219e+001, 0.000000e+000, 0.000000e+000, 0.000000e+000, 0.000000e+000
 2.905000e-002,-1.520350e+002,-2.865420e+003, 3.028188e+003,-2.605106e+001, 1.892959e+002, 6.676291e+001, 0.000000e+000, 0.000000e+000, 0.000000e+000, 0.000000e+000
 2.910000e-002,-8.755832e+001,-2.898666e+003, 2.998590e+003,-2.568687e+001, 1.891813e+002, 6.464995e+001, 0.000000e+000, 0.000000e+000, 0.000000e+000, 0.000000e+000
 2.915000e-002,-2.340693e+001,-2.930999e+003, 2.967957e+003,-2.536530e+001, 1.889854e+002, 6.247369e+001, 0.000000e+000, 0.000000e+000, 0.000000e+000, 0.000000e+000
 2.920000e-002, 4.107901e+001,-2.962119e+003, 2.936150e+003,-2.508437e+001, 1.887048e+002, 6.024095e+001, 0.000000e+000, 0.000000e+000, 0.000000e+000, 0.000000e+000
 2.925000e-002, 1.052214e+002,-2.992336e+003, 2.903418e+003,-2.484393e+001, 1.883381e+002, 5.795263e+001, 0.000000e+000, 0.000000e+000, 0.000000e+000, 0.000000e+000
 2.930000e-002, 1.696006e+002,-3.021283e+003, 2.869445e+003,-2.464031e+001, 1.878817e+002, 5.561578e+001, 0.000000e+000, 0.000000e+000, 0.000000e+000, 0.000000e+000
 2.935000e-002, 2.336383e+002,-3.049335e+003, 2.834653e+003,-2.447306e+001, 1.873337e+002, 5.323187e+001, 0.000000e+000, 0.000000e+000, 0.000000e+000, 0.000000e+000
 2.940000e-002, 2.977966e+002,-3.076066e+003, 2.798560e+003,-2.433694e+001, 1.866904e+002, 5.080802e+001, 0.000000e+000, 0.000000e+000, 0.000000e+000, 0.000000e+000
 2.945000e-002, 3.616334e+002,-3.101906e+003, 2.761750e+003,-2.423114e+001, 1.859496e+002, 4.834621e+001, 0.000000e+000, 0.000000e+000, 0.000000e+000, 0.000000e+000
 2.950000e-002, 4.254603e+002,-3.126381e+003, 2.723593e+003,-2.414912e+001, 1.851077e+002, 4.585336e+001, 0.000000e+000, 0.000000e+000, 0.000000e+000, 0.000000e+000
 2.955000e-002, 4.890013e+002,-3.149968e+003, 2.684812e+003,-2.408976e+001, 1.841621e+002, 4.333187e+001, 0.000000e+000, 0.000000e+000, 0.000000e+000, 0.000000e+000
 2.960000e-002, 5.523928e+002,-3.172157e+003, 2.644651e+003,-2.404563e+001, 1.831096e+002, 4.078813e+001, 0.000000e+000, 0.000000e+000, 0.000000e+000, 0.000000e+000
 2.965000e-002, 6.155458e+002,-3.193454e+003, 2.603950e+003,-2.401547e+001, 1.819476e+002, 3.822480e+001, 0.000000e+000, 0.000000e+000, 0.000000e+000, 0.000000e+000
 2.970000e-002, 6.784055e+002,-3.213335e+003, 2.561856e+003,-2.399144e+001, 1.806736e+002, 3.564742e+001, 0.000000e+000, 0.000000e+000, 0.000000e+000, 0.000000e+000
 2.975000e-002, 7.410816e+002,-3.232316e+003, 2.519293e+003,-2.397234e+001, 1.792853e+002, 3.305872e+001, 0.000000e+000, 0.000000e+000, 0.000000e+000, 0.000000e+000
 2.980000e-002, 8.033216e+002,-3.249876e+003, 2.475341e+003,-2.395042e+001, 1.777812e+002, 3.046316e+001, 0.000000e+000, 0.000000e+000, 0.000000e+000, 0.000000e+000
 2.985000e-002, 8.654348e+002,-3.266520e+003, 2.430978e+003,-2.392471e+001, 1.761596e+002, 2.786342e+001, 0.000000e+000, 0.000000e+000, 0.000000e+000, 0.000000e+000
 2.990000e-002, 9.269745e+002,-3.281751e+003, 2.385248e+003,-2.388800e+001, 1.744203e+002, 2.526276e+001, 0.000000e+000, 0.000000e+000, 0.000000e+000, 0.000000e+000
 2.995000e-002, 9.884404e+002,-3.296043e+003, 2.339149e+003,-2.383959e+001, 1.725623e+002, 2.266370e+001, 0.000000e+000, 0.000000e+000, 0.000000e+000, 0.000000e+000
 3.000000e-002, 1.049205e+003,-3.308944e+003, 2.291723e+003,-2.377313e+001, 1.705867e+002, 2.006833e+001, 0.000000e+000, 0.000000e+000, 0.000000e+000, 0.000000e+000
 3.005000e-002, 1.109939e+003,-3.320871e+003, 2.243956e+003,-2.368815e+001, 1.684932e+002, 1.747905e+001, 0.000000e+000, 0.000000e+000, 0.000000e+000, 0.000000e+000
 3.010000e-002, 1.169857e+003,-3.331443e+003, 2.194917e+003,-2.357934e+001, 1.662842e+002, 1.489688e+001, 0.000000e+000, 0.000000e+000, 0.000000e+000, 0.000000e+000
 3.015000e-002, 1.229774e+003,-3.340994e+003, 2.145551e+003,-2.344625e+001, 1.639598e+002, 1.232420e+001, 0.000000e+000, 0.000000e+000, 0.000000e+000, 0.000000e+000
 3.020000e-002, 1.288776e+003,-3.349239e+003, 2.094982e+003,-2.328473e+001, 1.615239e+002, 9.761114e+000, 0.000000e+000, 0.000000e+000, 0.000000e+000, 0.000000e+000
 3.025000e-002, 1.347787e+003,-3.356404e+003, 2.044086e+003,-2.309415e+001, 1.589769e+002, 7.210083e+000, 0.000000e+000, 0.000000e+000, 0.000000e+000, 0.000000e+000
 3.030000e-002, 1.405807e+003,-3.362326e+003, 1.992068e+003,-2.287152e+001, 1.563235e+002, 4.670520e+000, 0.000000e+000, 0.000000e+000, 0.000000e+000, 0.000000e+000
 3.035000e-002, 1.463824e+003,-3.367099e+003, 1.939713e+003,-2.261588e+001, 1.535647e+002, 2.144997e+000, 0.000000e+000, 0.000000e+000, 0.000000e+000, 0.000000e+000
 3.040000e-002, 1.520795e+003,-3.370702e+003, 1.886327e+003,-2.232541e+001, 1.507062e+002,-3.675810e-001, 0.000000e+000, 0.000000e+000, 0.000000e+000, 0.000000e+000
 3.045000e-002, 1.577730e+003,-3.373082e+003, 1.832586e+003,-2.199875e+001, 1.477492e+002,-2.864523e+000, 0.000000e+000, 0.000000e+000, 0.000000e+000, 0.000000e+000
 3.050000e-002, 1.633589e+003,-3.374375e+003, 1.777913e+003,-2.163532e+001, 1.447006e+002,-5.347303e+000, 0.000000e+000, 0.000000e+000, 0.000000e+000, 0.000000e+000
 3.055000e-002, 1.689355e+003,-3.374364e+003, 1.722861e+003,-2.123337e+001, 1.415620e+002,-7.813164e+000, 0.000000e+000, 0.000000e+000, 0.000000e+000, 0.000000e+000
 3.060000e-002, 1.744041e+003,-3.373359e+003, 1.666984e+003,-2.079363e+001, 1.383411e+002,-1.026387e+001, 0.000000e+000, 0.000000e+000, 0.000000e+000, 0.000000e+000
 3.065000e-002, 1.798553e+003,-3.370967e+003, 1.610699e+003,-2.031408e+001, 1.350404e+002,-1.269668e+001, 0.000000e+000, 0.000000e+000, 0.000000e+000, 0.000000e+000
 3.070000e-002, 1.852009e+003,-3.367678e+003, 1.553699e+003,-1.979683e+001, 1.316686e+002,-1.511356e+001, 0.000000e+000, 0.000000e+000, 0.000000e+000, 0.000000e+000
 3.075000e-002, 1.905189e+003,-3.362919e+003, 1.496264e+003,-1.923967e+001, 1.282287e+002,-1.751191e+001, 0.000000e+000, 0.000000e+000, 0.000000e+000, 0.000000e+000
 3.080000e-002, 1.957358e+003,-3.357363e+003, 1.438224e+003,-1.864611e+001, 1.247304e+002,-1.989380e+001, 0.000000e+000, 0.000000e+000, 0.000000e+000, 0.000000e+000
 3.085000e-002, 2.009129e+003,-3.350254e+003, 1.379722e+003,-1.801391e+001, 1.211774e+002,-2.225680e+001, 0.000000e+000, 0.000000e+000, 0.000000e+000, 0.000000e+000
 3.090000e-002, 2.059955e+003,-3.342444e+003, 1.320724e+003,-1.734782e+001, 1.175798e+002,-2.460301e+001, 0.000000e+000, 0.000000e+000, 0.000000e+000, 0.000000e+000
 3.095000e-002, 2.110243e+003,-3.333005e+003, 1.261242e+003,-1.664563e+001, 1.139419e+002,-2.693019e+001, 0.000000e+000, 0.000000e+000, 0.000000e+000, 0.000000e+000
 3.100000e-002, 2.159670e+003,-3.322952e+003, 1.201369e+003,-1.591314e+001, 1.102739e+002,-2.924031e+001, 0.000000e+000, 0.000000e+000, 0.000000e+000, 0.000000e+000
 3.105000e-002, 2.208404e+003,-3.311201e+003, 1.140992e+003,-1.514819e+001, 1.065804e+002,-3.153132e+001, 0.000000e+000, 0.000000e+000, 0.000000e+000, 0.000000e+000
 3.110000e-002, 2.256372e+003,-3.298913e+003, 1.080325e+003,-1.435732e+001, 1.028712e+002,-3.380495e+001, 0.000000e+000, 0.000000e+000, 0.000000e+000, 0.000000e+000
 3.115000e-002, 2.303484e+003,-3.284868e+003, 1.019143e+003,-1.353844e+001, 9.915104e+001,-3.605930e+001, 0.000000e+000, 0.000000e+000, 0.000000e+000, 0.000000e+000
 3.120000e-002, 2.349930e+003,-3.270350e+003, 9.577610e+002,-1.269849e+001, 9.542863e+001,-3.829573e+001, 0.000000e+000, 0.000000e+000, 0.000000e+000, 0.000000e+000
 3.125000e-002, 2.395354e+003,-3.254030e+003, 8.958622e+002,-1.183548e+001, 9.170882e+001,-4.051249e+001, 0.000000e+000, 0.000000e+000, 0.000000e+000, 0.000000e+000
 3.130000e-002, 2.440214e+003,-3.237285e+003, 8.338473e+002,-1.095643e+001, 8.799898e+001,-4.271049e+001, 0.000000e+000, 0.000000e+000, 0.000000e+000, 0.000000e+000
 3.135000e-002, 2.483888e+003,-3.218708e+003, 7.713217e+002,-1.005955e+001, 8.430378e+001,-4.488813e+001, 0.000000e+000, 0.000000e+000, 0.000000e+000, 0.000000e+000
 3.140000e-002, 2.527094e+003,-3.199740e+003, 7.087547e+002,-9.151626e+000, 8.062920e+001,-4.704589e+001, 0.000000e+000, 0.000000e+000, 0.000000e+000, 0.000000e+000
 3.145000e-002, 2.568962e+003,-3.178931e+003, 6.456937e+002,-8.231193e+000, 7.697974e+001,-4.918234e+001, 0.000000e+000, 0.000000e+000, 0.000000e+000, 0.000000e+000
 3.150000e-002, 2.610447e+003,-3.157745e+003, 5.826570e+002,-7.304617e+000, 7.335992e+001,-5.129752e+001, 0.000000e+000, 0.000000e+000, 0.000000e+000, 0.000000e+000
 3.155000e-002, 2.650454e+003,-3.134733e+003, 5.191531e+002,-6.370880e+000, 6.977415e+001,-5.339025e+001, 0.000000e+000, 0.000000e+000, 0.000000e+000, 0.000000e+000
 3.160000e-002, 2.690150e+003,-3.111341e+003, 4.557305e+002,-5.435705e+000, 6.622559e+001,-5.546016e+001, 0.000000e+000, 0.000000e+000, 0.000000e+000, 0.000000e+000
 3.165000e-002, 2.728248e+003,-3.086157e+003, 3.918774e+002,-4.498663e+000, 6.271865e+001,-5.750632e+001, 0.000000e+000, 0.000000e+000, 0.000000e+000, 0.000000e+000
 3.170000e-002, 2.766086e+003,-3.060573e+003, 3.281537e+002,-3.564626e+000, 5.925518e+001,-5.952803e+001, 0.000000e+000, 0.000000e+000, 0.000000e+000, 0.000000e+000
 3.175000e-002, 2.802231e+003,-3.033255e+003, 2.640453e+002,-2.633823e+000, 5.583966e+001,-6.152461e+001, 0.000000e+000, 0.000000e+000, 0.000000e+000, 0.000000e+000
 3.180000e-002, 2.838143e+003,-3.005497e+003, 2.001062e+002,-1.710061e+000, 5.247263e+001,-6.349501e+001, 0.000000e+000, 0.000000e+000, 0.000000e+000, 0.000000e+000
 3.185000e-002, 2.872292e+003,-2.976085e+003, 1.358361e+002,-7.942092e-001, 4.915860e+001,-6.543875e+001, 0.000000e+000, 0.000000e+000, 0.000000e+000, 0.000000e+000
 3.190000e-002, 2.906208e+003,-2.946175e+003, 7.176780e+001, 1.111974e-001, 4.589683e+001,-6.735448e+001, 0.000000e+000, 0.000000e+000, 0.000000e+000, 0.000000e+000
 3.195000e-002, 2.938320e+003,-2.914708e+003, 7.428300e+000, 1.004728e+000, 4.269175e+001,-6.924184e+001, 0.000000e+000, 0.000000e+000, 0.000000e+000, 0.000000e+000
 3.200000e-002, 2.970171e+003,-2.882669e+003,-5.668266e+001, 1.885302e+000, 3.954129e+001,-7.109917e+001, 0.000000e+000, 0.000000e+000, 0.000000e+000, 0.000000e+000
 3.205000e-002, 3.000208e+003,-2.849190e+003,-1.210002e+002, 2.751039e+000, 3.644965e+001,-7.292613e+001, 0.000000e+000, 0.000000e+000, 0.000000e+000, 0.000000e+000
 3.210000e-002, 3.029926e+003,-2.815050e+003,-1.850668e+002, 3.602415e+000, 3.341347e+001,-7.472081e+001, 0.000000e+000, 0.000000e+000, 0.000000e+000, 0.000000e+000
 3.215000e-002, 3.057850e+003,-2.779600e+003,-2.492720e+002, 4.437202e+000, 3.043656e+001,-7.648282e+001, 0.000000e+000, 0.000000e+000, 0.000000e+000, 0.000000e+000
 3.220000e-002, 3.085371e+003,-2.743390e+003,-3.132062e+002, 5.257429e+000, 2.751438e+001,-7.821007e+001, 0.000000e+000, 0.000000e+000, 0.000000e+000, 0.000000e+000
 3.225000e-002, 3.111145e+003,-2.706015e+003,-3.772090e+002, 6.060585e+000, 2.465031e+001,-7.990212e+001, 0.000000e+000, 0.000000e+000, 0.000000e+000, 0.000000e+000
 3.230000e-002, 3.136409e+003,-2.667772e+003,-4.409212e+002, 6.850114e+000, 2.183880e+001,-8.155682e+001, 0.000000e+000, 0.000000e+000, 0.000000e+000, 0.000000e+000
 3.235000e-002, 3.160000e+003,-2.628518e+003,-5.046315e+002, 7.623246e+000, 1.908282e+001,-8.317371e+001, 0.000000e+000, 0.000000e+000, 0.000000e+000, 0.000000e+000
 3.240000e-002, 3.182955e+003,-2.588287e+003,-5.680301e+002, 8.384591e+000, 1.637610e+001,-8.475075e+001, 0.000000e+000, 0.000000e+000, 0.000000e+000, 0.000000e+000
 3.245000e-002, 3.204334e+003,-2.547206e+003,-6.313569e+002, 9.131120e+000, 1.372127e+001,-8.628751e+001, 0.000000e+000, 0.000000e+000, 0.000000e+000, 0.000000e+000
 3.250000e-002, 3.224935e+003,-2.505038e+003,-6.943483e+002, 9.868291e+000, 1.111168e+001,-8.778223e+001, 0.000000e+000, 0.000000e+000, 0.000000e+000, 0.000000e+000
 3.255000e-002, 3.244074e+003,-2.462184e+003,-7.572000e+002, 1.059282e+001, 8.549678e+000,-8.923463e+001, 0.000000e+000, 0.000000e+000, 0.000000e+000, 0.000000e+000
 3.260000e-002, 3.262284e+003,-2.418140e+003,-8.196889e+002, 1.131067e+001, 6.028556e+000,-9.064334e+001, 0.000000e+000, 0.000000e+000, 0.000000e+000, 0.000000e+000
 3.265000e-002, 3.279161e+003,-2.373571e+003,-8.819739e+002, 1.201835e+001, 3.550437e+000,-9.200830e+001, 0.000000e+000, 0.000000e+000, 0.000000e+000, 0.000000e+000
 3.270000e-002, 3.294951e+003,-2.327714e+003,-9.438644e+002, 1.272204e+001, 1.108807e+000,-9.332863e+001, 0.000000e+000, 0.000000e+000, 0.000000e+000, 0.000000e+000
 3.275000e-002, 3.309542e+003,-2.281491e+003,-1.005491e+003, 1.341811e+001,-1.294475e+000,-9.460450e+001, 0.000000e+000, 0.000000e+000, 0.000000e+000, 0.000000e+000
 3.280000e-002, 3.322891e+003,-2.233894e+003,-1.066688e+003, 1.411269e+001,-3.665521e+000,-9.583556e+001, 0.000000e+000, 0.000000e+000, 0.000000e+000, 0.000000e+000
 3.285000e-002, 3.335174e+003,-2.186076e+003,-1.127567e+003, 1.480223e+001,-6.002822e+000,-9.702221e+001, 0.000000e+000, 0.000000e+000, 0.000000e+000, 0.000000e+000
 3.290000e-002, 3.346068e+003,-2.136815e+003,-1.187975e+003, 1.549254e+001,-8.311965e+000,-9.816459e+001, 0.000000e+000, 0.000000e+000, 0.000000e+000, 0.000000e+000
 3.295000e-002, 3.356022e+003,-2.087465e+003,-1.248017e+003, 1.618033e+001,-1.059189e+001,-9.926325e+001, 0.000000e+000, 0.000000e+000, 0.000000e+000, 0.000000e+000
 3.300000e-002, 3.364451e+003,-2.036618e+003,-1.307546e+003, 1.687094e+001,-1.284756e+001,-1.003188e+002, 0.000000e+000, 0.000000e+000, 0.000000e+000, 0.000000e+000
 3.305000e-002, 3.372057e+003,-1.985799e+003,-1.366665e+003, 1.756151e+001,-1.507845e+001,-1.013318e+002, 0.000000e+000, 0.000000e+000, 0.000000e+000, 0.000000e+000
 3.310000e-002, 3.378019e+003,-1.933448e+003,-1.425226e+003, 1.825675e+001,-1.728878e+001,-1.023032e+002, 0.000000e+000, 0.000000e+000, 0.000000e+000, 0.000000e+000
 3.315000e-002, 3.383257e+003,-1.881225e+003,-1.483337e+003, 1.895433e+001,-1.947857e+001,-1.032337e+002, 0.000000e+000, 0.000000e+000, 0.000000e+000, 0.000000e+000
 3.320000e-002, 3.386754e+003,-1.827458e+003,-1.540842e+003, 1.965817e+001,-2.165119e+001,-1.041245e+002, 0.000000e+000, 0.000000e+000, 0.000000e+000, 0.000000e+000
 3.325000e-002, 3.389608e+003,-1.773899e+003,-1.597864e+003, 2.036659e+001,-2.380714e+001,-1.049762e+002, 0.000000e+000, 0.000000e+000, 0.000000e+000, 0.000000e+000
 3.330000e-002, 3.390650e+003,-1.718806e+003,-1.654230e+003, 2.108251e+001,-2.594876e+001,-1.057902e+002, 0.000000e+000, 0.000000e+000, 0.000000e+000, 0.000000e+000
 3.335000e-002, 3.391107e+003,-1.663981e+003,-1.710080e+003, 2.180491e+001,-2.807696e+001,-1.065672e+002, 0.000000e+000, 0.000000e+000, 0.000000e+000, 0.000000e+000
 3.340000e-002, 3.389708e+003,-1.607657e+003,-1.765227e+003, 2.253561e+001,-3.019290e+001,-1.073087e+002, 0.000000e+000, 0.000000e+000, 0.000000e+000, 0.000000e+000
 3.345000e-002, 3.387757e+003,-1.551642e+003,-1.819825e+003, 2.327419e+001,-3.229775e+001,-1.080155e+002, 0.000000e+000, 0.000000e+000, 0.000000e+000, 0.000000e+000
 3.350000e-002, 3.383937e+003,-1.494186e+003,-1.873673e+003, 2.402129e+001,-3.439145e+001,-1.086890e+002, 0.000000e+000, 0.000000e+000, 0.000000e+000, 0.000000e+000
 3.355000e-002, 3.379573e+003,-1.437057e+003,-1.926942e+003, 2.477708e+001,-3.647533e+001,-1.093302e+002, 0.000000e+000, 0.000000e+000, 0.000000e+000, 0.000000e+000
 3.360000e-002, 3.373354e+003,-1.378567e+003,-1.979414e+003, 2.554095e+001,-3.854811e+001,-1.099404e+002, 0.000000e+000, 0.000000e+000, 0.000000e+000, 0.000000e+000
 3.365000e-002, 3.366577e+003,-1.320405e+003,-2.031277e+003, 2.631362e+001,-4.061126e+001,-1.105207e+002, 0.000000e+000, 0.000000e+000, 0.000000e+000, 0.000000e+000
 3.370000e-002, 3.357985e+003,-1.260981e+003,-2.082302e+003, 2.709332e+001,-4.266241e+001,-1.110724e+002, 0.000000e+000, 0.000000e+000, 0.000000e+000, 0.000000e+000
 3.375000e-002, 3.348796e+003,-1.201867e+003,-2.132683e+003, 2.788127e+001,-4.470317e+001,-1.115967e+002, 0.000000e+000, 0.000000e+000, 0.000000e+000, 0.000000e+000
 3.380000e-002, 3.337859e+003,-1.141605e+003,-2.182191e+003, 2.867461e+001,-4.673031e+001,-1.120945e+002, 0.000000e+000, 0.000000e+000, 0.000000e+000, 0.000000e+000
 3.385000e-002, 3.326264e+003,-1.081620e+003,-2.231019e+003, 2.947503e+001,-4.874567e+001,-1.125671e+002, 0.000000e+000, 0.000000e+000, 0.000000e+000, 0.000000e+000
 3.390000e-002, 3.313011e+003,-1.020615e+003,-2.278944e+003, 3.027876e+001,-5.074539e+001,-1.130154e+002, 0.000000e+000, 0.000000e+000, 0.000000e+000, 0.000000e+000
 3.395000e-002, 3.299022e+003,-9.598413e+002,-2.326148e+003, 3.108788e+001,-5.273159e+001,-1.134404e+002, 0.000000e+000, 0.000000e+000, 0.000000e+000, 0.000000e+000
 3.400000e-002, 3.283483e+003,-8.981843e+002,-2.372429e+003, 3.189787e+001,-5.470007e+001,-1.138426e+002, 0.000000e+000, 0.000000e+000, 0.000000e+000, 0.000000e+000
 3.405000e-002, 3.267115e+003,-8.367040e+002,-2.417944e+003, 3.271109e+001,-5.665323e+001,-1.142233e+002, 0.000000e+000, 0.000000e+000, 0.000000e+000, 0.000000e+000
 3.410000e-002, 3.249319e+003,-7.744847e+002,-2.462519e+003, 3.352245e+001,-5.858675e+001,-1.145825e+002, 0.000000e+000, 0.000000e+000, 0.000000e+000, 0.000000e+000
 3.415000e-002, 3.230595e+003,-7.123821e+002,-2.506280e+003, 3.433444e+001,-6.050330e+001,-1.149213e+002, 0.000000e+000, 0.000000e+000, 0.000000e+000, 0.000000e+000
 3.420000e-002, 3.210574e+003,-6.496882e+002,-2.549094e+003, 3.514158e+001,-6.239857e+001,-1.152394e+002, 0.000000e+000, 0.000000e+000, 0.000000e+000, 0.000000e+000
 3.425000e-002, 3.189520e+003,-5.870495e+002,-2.591040e+003, 3.594635e+001,-6.427539e+001,-1.155380e+002, 0.000000e+000, 0.000000e+000, 0.000000e+000, 0.000000e+000
 3.430000e-002, 3.167305e+003,-5.239682e+002,-2.632035e+003, 3.674303e+001,-6.612961e+001,-1.158162e+002, 0.000000e+000, 0.000000e+000, 0.000000e+000, 0.000000e+000
 3.435000e-002, 3.143954e+003,-4.608821e+002,-2.672107e+003, 3.753394e+001,-6.796410e+001,-1.160752e+002, 0.000000e+000, 0.000000e+000, 0.000000e+000, 0.000000e+000
 3.440000e-002, 3.119578e+003,-3.974998e+002,-2.711232e+003, 3.831330e+001,-6.977491e+001,-1.163140e+002, 0.000000e+000, 0.000000e+000, 0.000000e+000, 0.000000e+000
 3.445000e-002, 3.093968e+003,-3.340574e+002,-2.749374e+003, 3.908315e+001,-7.156485e+001,-1.165336e+002, 0.000000e+000, 0.000000e+000, 0.000000e+000, 0.000000e+000
 3.450000e-002, 3.067463e+003,-2.704598e+002,-2.786576e+003, 3.983787e+001,-7.333028e+001,-1.167327e+002, 0.000000e+000, 0.000000e+000, 0.000000e+000, 0.000000e+000
 3.455000e-002, 3.039635e+003,-2.067538e+002,-2.822735e+003, 4.057912e+001,-7.507386e+001,-1.169122e+002, 0.000000e+000, 0.000000e+000, 0.000000e+000, 0.000000e+000
 3.460000e-002, 3.011035e+003,-1.430255e+002,-2.857966e+003, 4.130168e+001,-7.679236e+001,-1.170708e+002, 0.000000e+000, 0.000000e+000, 0.000000e+000, 0.000000e+000
 3.465000e-002, 2.981034e+003,-7.914911e+001,-2.892093e+003, 4.200679e+001,-7.848824e+001,-1.172091e+002, 0.000000e+000, 0.000000e+000, 0.000000e+000, 0.000000e+000
 3.470000e-002, 2.950370e+003,-1.537328e+001,-2.925306e+003, 4.268983e+001,-8.015881e+001,-1.173255e+002, 0.000000e+000, 0.000000e+000, 0.000000e+000, 0.000000e+000
 3.475000e-002, 2.918246e+003, 4.857987e+001,-2.957355e+003, 4.335163e+001,-8.180635e+001,-1.174206e+002, 0.000000e+000, 0.000000e+000, 0.000000e+000, 0.000000e+000
 3.480000e-002, 2.885551e+003, 1.123216e+002,-2.988505e+003, 4.398835e+001,-8.342878e+001,-1.174925e+002, 0.000000e+000, 0.000000e+000, 0.000000e+000, 0.000000e+000
 3.485000e-002, 2.851355e+003, 1.762582e+002,-3.018437e+003, 4.460046e+001,-8.502825e+001,-1.175415e+002, 0.000000e+000, 0.000000e+000, 0.000000e+000, 0.000000e+000
 3.490000e-002, 2.816662e+003, 2.398852e+002,-3.047481e+003, 4.518502e+001,-8.660337e+001,-1.175656e+002, 0.000000e+000, 0.000000e+000, 0.000000e+000, 0.000000e+000
 3.495000e-002, 2.780448e+003, 3.037122e+002,-3.075258e+003, 4.574212e+001,-8.815614e+001,-1.175648e+002, 0.000000e+000, 0.000000e+000, 0.000000e+000, 0.000000e+000
 3.500000e-002, 2.743792e+003, 3.671444e+002,-3.102158e+003, 4.626984e+001,-8.968588e+001,-1.175371e+002, 0.000000e+000, 0.000000e+000, 0.000000e+000, 0.000000e+000
 3.505000e-002, 2.705617e+003, 4.307684e+002,-3.127745e+003, 4.676787e+001,-9.119442e+001,-1.174819e+002, 0.000000e+000, 0.000000e+000, 0.000000e+000, 0.000000e+000
 3.510000e-002, 2.667036e+003, 4.939251e+002,-3.152462e+003, 4.723529e+001,-9.268174e+001,-1.173973e+002, 0.000000e+000, 0.000000e+000, 0.000000e+000, 0.000000e+000
 3.515000e-002, 2.626961e+003, 5.572524e+002,-3.175829e+003, 4.767142e+001,-9.414945e+001,-1.172825e+002, 0.000000e+000, 0.000000e+000, 0.000000e+000, 0.000000e+000
 3.520000e-002, 2.586497e+003, 6.200519e+002,-3.198326e+003, 4.807626e+001,-9.559809e+001,-1.171356e+002, 0.000000e+000, 0.000000e+000, 0.000000e+000, 0.000000e+000
 3.525000e-002, 2.544584e+003, 6.829882e+002,-3.219445e+003, 4.844875e+001,-9.702898e+001,-1.169556e+002, 0.000000e+000, 0.000000e+000, 0.000000e+000, 0.000000e+000
 3.530000e-002, 2.502281e+003, 7.453472e+002,-3.239686e+003, 4.878973e+001,-9.844308e+001,-1.167408e+002, 0.000000e+000, 0.000000e+000, 0.000000e+000, 0.000000e+000
 3.535000e-002, 2.458596e+003, 8.077979e+002,-3.258531e+003, 4.909774e+001,-9.984135e+001,-1.164899e+002, 0.000000e+000, 0.000000e+000, 0.000000e+000, 0.000000e+000
 3.540000e-002, 2.414506e+003, 8.696322e+002,-3.276482e+003, 4.937436e+001,-1.012251e+002,-1.162018e+002, 0.000000e+000, 0.000000e+000, 0.000000e+000, 0.000000e+000
 3.545000e-002, 2.369115e+003, 9.315031e+002,-3.293030e+003, 4.961777e+001,-1.025949e+002,-1.158749e+002, 0.000000e+000, 0.000000e+000, 0.000000e+000, 0.000000e+000
 3.550000e-002, 2.323292e+003, 9.927274e+002,-3.308659e+003, 4.983018e+001,-1.039522e+002,-1.155085e+002, 0.000000e+000, 0.000000e+000, 0.000000e+000, 0.000000e+000
 3.555000e-002, 2.276265e+003, 1.053925e+003,-3.322888e+003, 5.000946e+001,-1.052973e+002,-1.151010e+002, 0.000000e+000, 0.000000e+000, 0.000000e+000, 0.000000e+000
 3.560000e-002, 2.228767e+003, 1.114454e+003,-3.336165e+003, 5.015831e+001,-1.066317e+002,-1.146521e+002, 0.000000e+000, 0.000000e+000, 0.000000e+000, 0.000000e+000
 3.565000e-002, 2.180173e+003, 1.174888e+003,-3.348057e+003, 5.027442e+001,-1.079553e+002,-1.141601e+002, 0.000000e+000, 0.000000e+000, 0.000000e+000, 0.000000e+000
 3.570000e-002, 2.131062e+003, 1.234635e+003,-3.358958e+003, 5.036083e+001,-1.092699e+002,-1.136253e+002, 0.000000e+000, 0.000000e+000, 0.000000e+000, 0.000000e+000
 3.575000e-002, 2.080972e+003, 1.294215e+003,-3.368497e+003, 5.041516e+001,-1.105750e+002,-1.130458e+002, 0.000000e+000, 0.000000e+000, 0.000000e+000, 0.000000e+000
 3.580000e-002, 2.030316e+003, 1.353095e+003,-3.376998e+003, 5.044068e+001,-1.118723e+002,-1.124225e+002, 0.000000e+000, 0.000000e+000, 0.000000e+000, 0.000000e+000
 3.585000e-002, 1.978800e+003, 1.411734e+003,-3.384172e+003, 5.043502e+001,-1.131612e+002,-1.117535e+002, 0.000000e+000, 0.000000e+000, 0.000000e+000, 0.000000e+000
 3.590000e-002, 1.926671e+003, 1.469662e+003,-3.390258e+003, 5.040155e+001,-1.144433e+002,-1.110398e+002, 0.000000e+000, 0.000000e+000, 0.000000e+000, 0.000000e+000
 3.595000e-002, 1.873801e+003, 1.527273e+003,-3.395056e+003, 5.033799e+001,-1.157178e+002,-1.102798e+002, 0.000000e+000, 0.000000e+000, 0.000000e+000, 0.000000e+000
 3.600000e-002, 1.820272e+003, 1.584163e+003,-3.398713e+003, 5.024769e+001,-1.169859e+002,-1.094749e+002, 0.000000e+000, 0.000000e+000, 0.000000e+000, 0.000000e+000
 3.605000e-002, 1.766122e+003, 1.640662e+003,-3.401129e+003, 5.012853e+001,-1.182468e+002,-1.086232e+002, 0.000000e+000, 0.000000e+000, 0.000000e+000, 0.000000e+000
 3.610000e-002, 1.711273e+003, 1.696427e+003,-3.402347e+003, 4.998366e+001,-1.195014e+002,-1.077266e+002, 0.000000e+000, 0.000000e+000, 0.000000e+000, 0.000000e+000
 3.615000e-002, 1.655917e+003, 1.751730e+003,-3.402375e+003, 4.981121e+001,-1.207484e+002,-1.067834e+002, 0.000000e+000, 0.000000e+000, 0.000000e+000, 0.000000e+000
 3.620000e-002, 1.599830e+003, 1.806283e+003,-3.401151e+003, 4.961402e+001,-1.219882e+002,-1.057957e+002, 0.000000e+000, 0.000000e+000, 0.000000e+000, 0.000000e+000
 3.625000e-002, 1.543342e+003, 1.860308e+003,-3.398790e+003, 4.939048e+001,-1.232195e+002,-1.047619e+002, 0.000000e+000, 0.000000e+000, 0.000000e+000, 0.000000e+000
 3.630000e-002, 1.486103e+003, 1.913562e+003,-3.395123e+003, 4.914304e+001,-1.244420e+002,-1.036843e+002, 0.000000e+000, 0.000000e+000, 0.000000e+000, 0.000000e+000
 3.635000e-002, 1.428559e+003, 1.966229e+003,-3.390370e+003, 4.887042e+001,-1.256541e+002,-1.025616e+002, 0.000000e+000, 0.000000e+000, 0.000000e+000, 0.000000e+000
 3.640000e-002, 1.370258e+003, 2.018099e+003,-3.384265e+003, 4.857458e+001,-1.268549e+002,-1.013962e+002, 0.000000e+000, 0.000000e+000, 0.000000e+000, 0.000000e+000
 3.645000e-002, 1.311734e+003, 2.069328e+003,-3.377125e+003, 4.825459e+001,-1.280424e+002,-1.001870e+002, 0.000000e+000, 0.000000e+000, 0.000000e+000, 0.000000e+000
 3.650000e-002, 1.252460e+003, 2.119732e+003,-3.368591e+003, 4.791191e+001,-1.292153e+002,-9.893650e+001, 0.000000e+000, 0.000000e+000, 0.000000e+000, 0.000000e+000
 3.655000e-002, 1.193036e+003, 2.169447e+003,-3.359069e+003, 4.754601e+001,-1.303713e+002,-9.764400e+001, 0.000000e+000, 0.000000e+000, 0.000000e+000, 0.000000e+000
 3.660000e-002, 1.132881e+003, 2.218305e+003,-3.348120e+003, 4.715783e+001,-1.315085e+002,-9.631169e+001, 0.000000e+000, 0.000000e+000, 0.000000e+000, 0.000000e+000
 3.665000e-002, 1.072634e+003, 2.266434e+003,-3.336225e+003, 4.674723e+001,-1.326247e+002,-9.493938e+001, 0.000000e+000, 0.000000e+000, 0.000000e+000, 0.000000e+000
 3.670000e-002, 1.011692e+003, 2.313670e+003,-3.322879e+003, 4.631463e+001,-1.337175e+002,-9.352901e+001, 0.000000e+000, 0.000000e+000, 0.000000e+000, 0.000000e+000
 3.675000e-002, 9.507031e+002, 2.360143e+003,-3.308623e+003, 4.586030e+001,-1.347846e+002,-9.208075e+001, 0.000000e+000, 0.000000e+000, 0.000000e+000, 0.000000e+000
 3.680000e-002, 8.890667e+002, 2.405686e+003,-3.292904e+003, 4.538417e+001,-1.358232e+002,-9.059627e+001, 0.000000e+000, 0.000000e+000, 0.000000e+000, 0.000000e+000
 3.685000e-002, 8.274177e+002, 2.450436e+003,-3.276303e+003, 4.488686e+001,-1.368312e+002,-8.907604e+001, 0.000000e+000, 0.000000e+000, 0.000000e+000, 0.000000e+000
 3.690000e-002, 7.651823e+002, 2.494217e+003,-3.258238e+003, 4.436784e+001,-1.378055e+002,-8.752147e+001, 0.000000e+000, 0.000000e+000, 0.000000e+000, 0.000000e+000
 3.695000e-002, 7.029563e+002, 2.537181e+003,-3.239312e+003, 4.382804e+001,-1.387440e+002,-8.593333e+001, 0.000000e+000, 0.000000e+000, 0.000000e+000, 0.000000e+000
 3.700000e-002, 6.402167e+002, 2.579135e+003,-3.218930e+003, 4.326650e+001,-1.396436e+002,-8.431274e+001, 0.000000e+000, 0.000000e+000, 0.000000e+000, 0.000000e+000
 3.705000e-002, 5.774987e+002, 2.620252e+003,-3.197702e+003, 4.268441e+001,-1.405021e+002,-8.266076e+001, 0.000000e+000, 0.000000e+000, 0.000000e+000, 0.000000e+000
 3.710000e-002, 5.143496e+002, 2.660320e+003,-3.175037e+003, 4.208044e+001,-1.413165e+002,-8.097821e+001, 0.000000e+000, 0.000000e+000, 0.000000e+000, 0.000000e+000
 3.715000e-002, 4.512263e+002, 2.699531e+003,-3.151533e+003, 4.145597e+001,-1.420844e+002,-7.926649e+001, 0.000000e+000, 0.000000e+000, 0.000000e+000, 0.000000e+000
 3.720000e-002, 3.877618e+002, 2.737655e+003,-3.126622e+003, 4.080937e+001,-1.428030e+002,-7.752610e+001, 0.000000e+000, 0.000000e+000, 0.000000e+000, 0.000000e+000
 3.725000e-002, 3.243213e+002, 2.774905e+003,-3.100871e+003, 4.014217e+001,-1.434699e+002,-7.575874e+001, 0.000000e+000, 0.000000e+000, 0.000000e+000, 0.000000e+000
 3.730000e-002, 2.606345e+002, 2.811031e+003,-3.073753e+003, 3.945255e+001,-1.440824e+002,-7.396465e+001, 0.000000e+000, 0.000000e+000, 0.000000e+000, 0.000000e+000
 3.735000e-002, 1.969659e+002, 2.846266e+003,-3.045789e+003, 3.874212e+001,-1.446381e+002,-7.214575e+001, 0.000000e+000, 0.000000e+000, 0.000000e+000, 0.000000e+000
 3.740000e-002, 1.331484e+002, 2.880346e+003,-3.016506e+003, 3.800900e+001,-1.451344e+002,-7.030207e+001, 0.000000e+000, 0.000000e+000, 0.000000e+000, 0.000000e+000
 3.745000e-002, 6.934170e+001, 2.913515e+003,-2.986367e+003, 3.725487e+001,-1.455692e+002,-6.843566e+001, 0.000000e+000, 0.000000e+000, 0.000000e+000, 0.000000e+000
 3.750000e-002, 5.483334e+000, 2.945505e+003,-2.954965e+003, 3.647792e+001,-1.459401e+002,-6.654631e+001, 0.000000e+000, 0.000000e+000, 0.000000e+000, 0.000000e+000
 3.755000e-002,-5.837084e+001, 2.976563e+003,-2.922693e+003, 3.567983e+001,-1.462450e+002,-6.463618e+001, 0.000000e+000, 0.000000e+000, 0.000000e+000, 0.000000e+000
 3.760000e-002,-1.221820e+002, 3.006422e+003,-2.889219e+003, 3.485899e+001,-1.464820e+002,-6.270481e+001, 0.000000e+000, 0.000000e+000, 0.000000e+000, 0.000000e+000
 3.765000e-002,-1.859926e+002, 3.035326e+003,-2.854860e+003, 3.401710e+001,-1.466493e+002,-6.075438e+001, 0.000000e+000, 0.000000e+000, 0.000000e+000, 0.000000e+000
 3.770000e-002,-2.496703e+002, 3.063018e+003,-2.819365e+003, 3.315284e+001,-1.467453e+002,-5.878420e+001, 0.000000e+000, 0.000000e+000, 0.000000e+000, 0.000000e+000
 3.775000e-002,-3.133458e+002, 3.089729e+003,-2.782969e+003, 3.226787e+001,-1.467683e+002,-5.679639e+001, 0.000000e+000, 0.000000e+000, 0.000000e+000, 0.000000e+000
 3.780000e-002,-3.768051e+002, 3.115222e+003,-2.745508e+003, 3.136127e+001,-1.467174e+002,-5.479010e+001, 0.000000e+000, 0.000000e+000, 0.000000e+000, 0.000000e+000
 3.785000e-002,-4.402537e+002, 3.139704e+003,-2.707128e+003, 3.043460e+001,-1.465911e+002,-5.276733e+001, 0.000000e+000, 0.000000e+000, 0.000000e+000, 0.000000e+000
 3.790000e-002,-5.034107e+002, 3.162969e+003,-2.667754e+003, 2.948742e+001,-1.463890e+002,-5.072710e+001, 0.000000e+000, 0.000000e+000, 0.000000e+000, 0.000000e+000
 3.795000e-002,-5.665403e+002, 3.185189e+003,-2.627447e+003, 2.852116e+001,-1.461097e+002,-4.867132e+001, 0.000000e+000, 0.000000e+000, 0.000000e+000, 0.000000e+000
 3.800000e-002,-6.293123e+002, 3.206200e+003,-2.586219e+003, 2.753585e+001,-1.457534e+002,-4.659892e+001, 0.000000e+000, 0.000000e+000, 0.000000e+000, 0.000000e+000
 3.805000e-002,-6.920308e+002, 3.226128e+003,-2.544043e+003, 2.653278e+001,-1.453190e+002,-4.451172e+001, 0.000000e+000, 0.000000e+000, 0.000000e+000, 0.000000e+000
 3.810000e-002,-7.543355e+002, 3.244861e+003,-2.501019e+003, 2.551246e+001,-1.448070e+002,-4.240865e+001, 0.000000e+000, 0.000000e+000, 0.000000e+000, 0.000000e+000
 3.815000e-002,-8.165510e+002, 3.262471e+003,-2.457036e+003, 2.447600e+001,-1.442164e+002,-4.029146e+001, 0.000000e+000, 0.000000e+000, 0.000000e+000, 0.000000e+000
 3.820000e-002,-8.783066e+002, 3.278905e+003,-2.412276e+003, 2.342438e+001,-1.435484e+002,-3.815914e+001, 0.000000e+000, 0.000000e+000, 0.000000e+000, 0.000000e+000
 3.825000e-002,-9.399276e+002, 3.294175e+003,-2.366550e+003, 2.235849e+001,-1.428020e+002,-3.601335e+001, 0.000000e+000, 0.000000e+000, 0.000000e+000, 0.000000e+000
 3.830000e-002,-1.001053e+003, 3.308291e+003,-2.320116e+003, 2.127978e+001,-1.419789e+002,-3.385323e+001, 0.000000e+000, 0.000000e+000, 0.000000e+000, 0.000000e+000
 3.835000e-002,-1.061989e+003, 3.321200e+003,-2.272713e+003, 2.018894e+001,-1.410782e+002,-3.168036e+001, 0.000000e+000, 0.000000e+000, 0.000000e+000, 0.000000e+000
 3.840000e-002,-1.122402e+003, 3.332983e+003,-2.224669e+003, 1.908781e+001,-1.401020e+002,-2.949406e+001, 0.000000e+000, 0.000000e+000, 0.000000e+000, 0.000000e+000
 3.845000e-002,-1.182564e+003, 3.343516e+003,-2.175657e+003, 1.797690e+001,-1.390498e+002,-2.729581e+001, 0.000000e+000, 0.000000e+000, 0.000000e+000, 0.000000e+000
 3.850000e-002,-1.242185e+003, 3.352955e+003,-2.126069e+003, 1.685837e+001,-1.379238e+002,-2.508513e+001, 0.000000e+000, 0.000000e+000, 0.000000e+000, 0.000000e+000
 3.855000e-002,-1.301484e+003, 3.361101e+003,-2.075519e+003, 1.573259e+001,-1.367240e+002,-2.286343e+001, 0.000000e+000, 0.000000e+000, 0.000000e+000, 0.000000e+000
 3.860000e-002,-1.360232e+003, 3.368185e+003,-2.024455e+003, 1.460198e+001,-1.354529e+002,-2.063040e+001, 0.000000e+000, 0.000000e+000, 0.000000e+000, 0.000000e+000
 3.865000e-002,-1.418583e+003, 3.373936e+003,-1.972440e+003, 1.346678e+001,-1.341106e+002,-1.838738e+001, 0.000000e+000, 0.000000e+000, 0.000000e+000, 0.000000e+000
 3.870000e-002,-1.476376e+003, 3.378657e+003,-1.919969e+003, 1.232959e+001,-1.327001e+002,-1.613428e+001, 0.000000e+000, 0.000000e+000, 0.000000e+000, 0.000000e+000
 3.875000e-002,-1.533694e+003, 3.382010e+003,-1.866565e+003, 1.119055e+001,-1.312216e+002,-1.387233e+001, 0.000000e+000, 0.000000e+000, 0.000000e+000, 0.000000e+000
 3.880000e-002,-1.590452e+003, 3.384364e+003,-1.812759e+003, 1.005235e+001,-1.296783e+002,-1.160166e+001, 0.000000e+000, 0.000000e+000, 0.000000e+000, 0.000000e+000
 3.885000e-002,-1.646656e+003, 3.385317e+003,-1.758042e+003, 8.915071e+000,-1.280709e+002,-9.323460e+000, 0.000000e+000, 0.000000e+000, 0.000000e+000, 0.000000e+000
 3.890000e-002,-1.702297e+003, 3.385300e+003,-1.702974e+003, 7.781392e+000,-1.264024e+002,-7.038064e+000, 0.000000e+000, 0.000000e+000, 0.000000e+000, 0.000000e+000
 3.895000e-002,-1.757307e+003, 3.383855e+003,-1.647023e+003, 6.651384e+000,-1.246738e+002,-4.746613e+000, 0.000000e+000, 0.000000e+000, 0.000000e+000, 0.000000e+000
 3.900000e-002,-1.811750e+003, 3.381466e+003,-1.590768e+003, 5.527604e+000,-1.228881e+002,-2.449675e+000, 0.000000e+000, 0.000000e+000, 0.000000e+000, 0.000000e+000
 3.905000e-002,-1.865488e+003, 3.377629e+003,-1.533662e+003, 4.410151e+000,-1.210467e+002,-1.483591e-001, 0.000000e+000, 0.000000e+000, 0.000000e+000, 0.000000e+000
 3.910000e-002,-1.918654e+003, 3.372868e+003,-1.476298e+003, 3.301380e+000,-1.191521e+002, 2.156542e+000, 0.000000e+000, 0.000000e+000, 0.000000e+000, 0.000000e+000
 3.915000e-002,-1.971044e+003, 3.366647e+003,-1.418119e+003, 2.201453e+000,-1.172062e+002, 4.463940e+000, 0.000000e+000, 0.000000e+000, 0.000000e+000, 0.000000e+000
 3.920000e-002,-2.022854e+003, 3.359517e+003,-1.359724e+003, 1.112447e+000,-1.152112e+002, 6.772835e+000, 0.000000e+000, 0.000000e+000, 0.000000e+000, 0.000000e+000
 3.925000e-002,-2.073823e+003, 3.350924e+003,-1.300554e+003, 3.462105e-002,-1.131691e+002, 9.082166e+000, 0.000000e+000, 0.000000e+000, 0.000000e+000, 0.000000e+000
 3.930000e-002,-2.124197e+003, 3.341430e+003,-1.241208e+003,-1.030294e+000,-1.110820e+002, 1.139075e+001, 0.000000e+000, 0.000000e+000, 0.000000e+000, 0.000000e+000
 3.935000e-002,-2.173675e+003, 3.330480e+003,-1.181132e+003,-2.081911e+000,-1.089522e+002, 1.369757e+001, 0.000000e+000, 0.000000e+000, 0.000000e+000, 0.000000e+000
 3.940000e-002,-2.222537e+003, 3.318632e+003,-1.120919e+003,-3.118897e+000,-1.067813e+002, 1.600130e+001, 0.000000e+000, 0.000000e+000, 0.000000e+000, 0.000000e+000
 3.945000e-002,-2.270456e+003, 3.305344e+003,-1.060023e+003,-4.140719e+000,-1.045719e+002, 1.830098e+001, 0.000000e+000, 0.000000e+000, 0.000000e+000, 0.000000e+000
 3.950000e-002,-2.317730e+003, 3.291154e+003,-9.990252e+002,-5.146482e+000,-1.023255e+002, 2.059516e+001, 0.000000e+000, 0.000000e+000, 0.000000e+000, 0.000000e+000
 3.955000e-002,-2.364023e+003, 3.275550e+003,-9.373966e+002,-6.135504e+000,-1.000448e+002, 2.288298e+001, 0.000000e+000, 0.000000e+000, 0.000000e+000, 0.000000e+000
 3.960000e-002,-2.409635e+003, 3.259034e+003,-8.757005e+002,-7.107349e+000,-9.773096e+001, 2.516290e+001, 0.000000e+000, 0.000000e+000, 0.000000e+000, 0.000000e+000
 3.965000e-002,-2.454240e+003, 3.241140e+003,-8.134280e+002,-8.061194e+000,-9.538703e+001, 2.743413e+001, 0.000000e+000, 0.000000e+000, 0.000000e+000, 0.000000e+000
 3.970000e-002,-2.498119e+003, 3.222317e+003,-7.511201e+002,-8.997078e+000,-9.301399e+001, 2.969508e+001, 0.000000e+000, 0.000000e+000, 0.000000e+000, 0.000000e+000
 3.975000e-002,-2.540974e+003, 3.202161e+003,-6.882933e+002,-9.914057e+000,-9.061499e+001, 3.194505e+001, 0.000000e+000, 0.000000e+000, 0.000000e+000, 0.000000e+000
 3.980000e-002,-2.583050e+003, 3.181054e+003,-6.254610e+002,-1.081264e+001,-8.819079e+001, 3.418237e+001, 0.000000e+000, 0.000000e+000, 0.000000e+000, 0.000000e+000
 3.985000e-002,-2.624095e+003, 3.158667e+003,-5.621703e+002,-1.169179e+001,-8.574471e+001, 3.640644e+001, 0.000000e+000, 0.000000e+000, 0.000000e+000, 0.000000e+000
 3.990000e-002,-2.664303e+003, 3.135303e+003,-4.989019e+002,-1.255247e+001,-8.327728e+001, 3.861552e+001, 0.000000e+000, 0.000000e+000, 0.000000e+000, 0.000000e+000
 3.995000e-002,-2.703480e+003, 3.110718e+003,-4.352383e+002,-1.339359e+001,-8.079195e+001, 4.080911e+001, 0.000000e+000, 0.000000e+000, 0.000000e+000, 0.000000e+000
 4.000000e-002,-2.741757e+003, 3.085126e+003,-3.716226e+002,-1.421652e+001,-7.828903e+001, 4.298539e+001, 0.000000e+000, 0.000000e+000, 0.000000e+000, 0.000000e+000
 4.005000e-002,-2.779012e+003, 3.058380e+003,-3.076779e+002,-1.502016e+001,-7.577206e+001, 4.514397e+001, 0.000000e+000, 0.000000e+000, 0.000000e+000, 0.000000e+000
 4.010000e-002,-2.815297e+003, 3.030594e+003,-2.438041e+002,-1.580622e+001,-7.324115e+001, 4.728294e+001, 0.000000e+000, 0.000000e+000, 0.000000e+000, 0.000000e+000
 4.015000e-002,-2.850577e+003, 3.001724e+003,-1.796708e+002,-1.657363e+001,-7.069989e+001, 4.940207e+001, 0.000000e+000, 0.000000e+000, 0.000000e+000, 0.000000e+000
 4.020000e-002,-2.884816e+003, 2.971781e+003,-1.156286e+002,-1.732438e+001,-6.814825e+001, 5.149939e+001, 0.000000e+000, 0.000000e+000, 0.000000e+000, 0.000000e+000
 4.025000e-002,-2.918070e+003, 2.940830e+003,-5.139985e+001,-1.805745e+001,-6.558985e+001, 5.357479e+001, 0.000000e+000, 0.000000e+000, 0.000000e+000, 0.000000e+000
 4.030000e-002,-2.950210e+003, 2.908772e+003, 1.272024e+001,-1.877502e+001,-6.302458e+001, 5.562630e+001, 0.000000e+000, 0.000000e+000, 0.000000e+000, 0.000000e+000
 4.035000e-002,-2.981389e+003, 2.875782e+003, 7.695079e+001,-1.947615e+001,-6.045602e+001, 5.765399e+001, 0.000000e+000, 0.000000e+000, 0.000000e+000, 0.000000e+000
 4.040000e-002,-3.011385e+003, 2.841654e+003, 1.410581e+002,-2.016312e+001,-5.788407e+001, 5.965587e+001, 0.000000e+000, 0.000000e+000, 0.000000e+000, 0.000000e+000
 4.045000e-002,-3.040444e+003, 2.806671e+003, 2.051963e+002,-2.083510e+001,-5.531224e+001, 6.163225e+001, 0.000000e+000, 0.000000e+000, 0.000000e+000, 0.000000e+000
 4.050000e-002,-3.068253e+003, 2.770523e+003, 2.691998e+002,-2.149437e+001,-5.274050e+001, 6.358112e+001, 0.000000e+000, 0.000000e+000, 0.000000e+000, 0.000000e+000
 4.055000e-002,-3.095148e+003, 2.733596e+003, 3.331514e+002,-2.214025e+001,-5.017223e+001, 6.550301e+001, 0.000000e+000, 0.000000e+000, 0.000000e+000, 0.000000e+000
 4.060000e-002,-3.120731e+003, 2.695480e+003, 3.969601e+002,-2.277490e+001,-4.760750e+001, 6.739597e+001, 0.000000e+000, 0.000000e+000, 0.000000e+000, 0.000000e+000
 4.065000e-002,-3.145422e+003, 2.656659e+003, 4.606313e+002,-2.339782e+001,-4.504954e+001, 6.926072e+001, 0.000000e+000, 0.000000e+000, 0.000000e+000, 0.000000e+000
 4.070000e-002,-3.168746e+003, 2.616631e+003, 5.241545e+002,-2.401099e+001,-4.249853e+001, 7.109534e+001, 0.000000e+000, 0.000000e+000, 0.000000e+000, 0.000000e+000
 4.075000e-002,-3.191195e+003, 2.575968e+003, 5.874520e+002,-2.461411e+001,-3.995748e+001, 7.290076e+001, 0.000000e+000, 0.000000e+000, 0.000000e+000, 0.000000e+000
 4.080000e-002,-3.212230e+003, 2.534088e+003, 6.505995e+002,-2.520891e+001,-3.742672e+001, 7.467507e+001, 0.000000e+000, 0.000000e+000, 0.000000e+000, 0.000000e+000
 4.085000e-002,-3.232402e+003, 2.491636e+003, 7.134310e+002,-2.579528e+001,-3.490894e+001, 7.641940e+001, 0.000000e+000, 0.000000e+000, 0.000000e+000, 0.000000e+000
 4.090000e-002,-3.251124e+003, 2.447965e+003, 7.761132e+002,-2.637468e+001,-3.240466e+001, 7.813182e+001, 0.000000e+000, 0.000000e+000, 0.000000e+000, 0.000000e+000
 4.095000e-002,-3.268987e+003, 2.403780e+003, 8.383876e+002,-2.694723e+001,-2.991621e+001, 7.981363e+001, 0.000000e+000, 0.000000e+000, 0.000000e+000, 0.000000e+000
 4.100000e-002,-3.285373e+003, 2.358383e+003, 9.005153e+002,-2.751402e+001,-2.744427e+001, 8.146292e+001, 0.000000e+000, 0.000000e+000, 0.000000e+000, 0.000000e+000
 4.105000e-002,-3.300899e+003, 2.312523e+003, 9.621431e+002,-2.807542e+001,-2.499081e+001, 8.308107e+001, 0.000000e+000, 0.000000e+000, 0.000000e+000, 0.000000e+000
 4.110000e-002,-3.314930e+003, 2.265466e+003, 1.023628e+003,-2.863216e+001,-2.255668e+001, 8.466622e+001, 0.000000e+000, 0.000000e+000, 0.000000e+000, 0.000000e+000
 4.115000e-002,-3.328094e+003, 2.217991e+003, 1.084521e+003,-2.918485e+001,-2.014345e+001, 8.621980e+001, 0.000000e+000, 0.000000e+000, 0.000000e+000, 0.000000e+000
 4.120000e-002,-3.339757e+003, 2.169344e+003, 1.145275e+003,-2.973381e+001,-1.775217e+001, 8.774001e+001, 0.000000e+000, 0.000000e+000, 0.000000e+000, 0.000000e+000
 4.125000e-002,-3.350535e+003, 2.120315e+003, 1.205347e+003,-3.027989e+001,-1.538400e+001, 8.922829e+001, 0.000000e+000, 0.000000e+000, 0.000000e+000, 0.000000e+000
 4.130000e-002,-3.359821e+003, 2.070151e+003, 1.265282e+003,-3.082303e+001,-1.304020e+001, 9.068297e+001, 0.000000e+000, 0.000000e+000, 0.000000e+000, 0.000000e+000
 4.135000e-002,-3.368196e+003, 2.019633e+003, 1.324449e+003,-3.136429e+001,-1.072151e+001, 9.210538e+001, 0.000000e+000, 0.000000e+000, 0.000000e+000, 0.000000e+000
 4.140000e-002,-3.375094e+003, 1.968026e+003, 1.383479e+003,-3.190319e+001,-8.429396e+000, 9.349405e+001, 0.000000e+000, 0.000000e+000, 0.000000e+000, 0.000000e+000
 4.145000e-002,-3.381052e+003, 1.916085e+003, 1.441658e+003,-3.244101e+001,-6.164207e+000, 9.485017e+001, 0.000000e+000, 0.000000e+000, 0.000000e+000, 0.000000e+000
 4.150000e-002,-3.385559e+003, 1.863111e+003, 1.499696e+003,-3.297690e+001,-3.927577e+000, 9.617245e+001, 0.000000e+000, 0.000000e+000, 0.000000e+000, 0.000000e+000
 4.155000e-002,-3.389088e+003, 1.809815e+003, 1.556808e+003,-3.351226e+001,-1.719452e+000, 9.746193e+001, 0.000000e+000, 0.000000e+000, 0.000000e+000, 0.000000e+000
 4.160000e-002,-3.391203e+003, 1.755551e+003, 1.613770e+003,-3.404593e+001, 4.583946e-001, 9.871751e+001, 0.000000e+000, 0.000000e+000, 0.000000e+000, 0.000000e+000
 4.165000e-002,-3.392298e+003, 1.700971e+003, 1.669736e+003,-3.457941e+001, 2.606424e+000, 9.994000e+001, 0.000000e+000, 0.000000e+000, 0.000000e+000, 0.000000e+000
 4.170000e-002,-3.392021e+003, 1.645495e+003, 1.725538e+003,-3.511126e+001, 4.722772e+000, 1.011286e+002, 0.000000e+000, 0.000000e+000, 0.000000e+000, 0.000000e+000
 4.175000e-002,-3.390680e+003, 1.589703e+003, 1.780284e+003,-3.564302e+001, 6.808309e+000, 1.022837e+002, 0.000000e+000, 0.000000e+000, 0.000000e+000, 0.000000e+000
 4.180000e-002,-3.388015e+003, 1.533096e+003, 1.834842e+003,-3.617303e+001, 8.861139e+000, 1.034048e+002, 0.000000e+000, 0.000000e+000, 0.000000e+000, 0.000000e+000
 4.185000e-002,-3.384239e+003, 1.476165e+003, 1.888296e+003,-3.670283e+001, 1.088253e+001, 1.044921e+002, 0.000000e+000, 0.000000e+000, 0.000000e+000, 0.000000e+000
 4.190000e-002,-3.379191e+003, 1.418506e+003, 1.941529e+003,-3.723061e+001, 1.287062e+001, 1.055452e+002, 0.000000e+000, 0.000000e+000, 0.000000e+000, 0.000000e+000
 4.195000e-002,-3.372988e+003, 1.360512e+003, 1.993621e+003,-3.775784e+001, 1.482703e+001, 1.065640e+002, 0.000000e+000, 0.000000e+000, 0.000000e+000, 0.000000e+000
 4.200000e-002,-3.365567e+003, 1.301883e+003, 2.045448e+003,-3.828262e+001, 1.674999e+001, 1.075486e+002, 0.000000e+000, 0.000000e+000, 0.000000e+000, 0.000000e+000
 4.205000e-002,-3.356946e+003, 1.242904e+003, 2.096111e+003,-3.880631e+001, 1.864146e+001, 1.084981e+002, 0.000000e+000, 0.000000e+000, 0.000000e+000, 0.000000e+000
 4.210000e-002,-3.347162e+003, 1.183387e+003, 2.146452e+003,-3.932697e+001, 2.049975e+001, 1.094133e+002, 0.000000e+000, 0.000000e+000, 0.000000e+000, 0.000000e+000
 4.215000e-002,-3.336138e+003, 1.123503e+003, 2.195621e+003,-3.984581e+001, 2.232712e+001, 1.102929e+002, 0.000000e+000, 0.000000e+000, 0.000000e+000, 0.000000e+000
 4.220000e-002,-3.324005e+003, 1.063180e+003, 2.244401e+003,-4.036093e+001, 2.412203e+001, 1.111378e+002, 0.000000e+000, 0.000000e+000, 0.000000e+000, 0.000000e+000
 4.225000e-002,-3.310597e+003, 1.002473e+003, 2.292011e+003,-4.087330e+001, 2.588695e+001, 1.119464e+002, 0.000000e+000, 0.000000e+000, 0.000000e+000, 0.000000e+000
 4.230000e-002,-3.296131e+003, 9.414282e+002, 2.339155e+003,-4.138111e+001, 2.762049e+001, 1.127202e+002, 0.000000e+000, 0.000000e+000, 0.000000e+000, 0.000000e+000
 4.235000e-002,-3.280362e+003, 8.799830e+002, 2.385146e+003,-4.188511e+001, 2.932529e+001, 1.134570e+002, 0.000000e+000, 0.000000e+000, 0.000000e+000, 0.000000e+000
 4.240000e-002,-3.263581e+003, 8.182999e+002, 2.430580e+003,-4.238361e+001, 3.100014e+001, 1.141588e+002, 0.000000e+000, 0.000000e+000, 0.000000e+000, 0.000000e+000
 4.245000e-002,-3.245478e+003, 7.562023e+002, 2.474892e+003,-4.287706e+001, 3.264777e+001, 1.148230e+002, 0.000000e+000, 0.000000e+000, 0.000000e+000, 0.000000e+000
 4.250000e-002,-3.226403e+003, 6.939662e+002, 2.518548e+003,-4.336398e+001, 3.426719e+001, 1.154517e+002, 0.000000e+000, 0.000000e+000, 0.000000e+000, 0.000000e+000
 4.255000e-002,-3.205996e+003, 6.313039e+002, 2.561124e+003,-4.384452e+001, 3.586116e+001, 1.160424e+002, 0.000000e+000, 0.000000e+000, 0.000000e+000, 0.000000e+000
 4.260000e-002,-3.184651e+003, 5.686005e+002, 2.602935e+003,-4.431743e+001, 3.742890e+001, 1.165973e+002, 0.000000e+000, 0.000000e+000, 0.000000e+000, 0.000000e+000
 4.265000e-002,-3.161973e+003, 5.054626e+002, 2.643718e+003,-4.478254e+001, 3.897320e+001, 1.171135e+002, 0.000000e+000, 0.000000e+000, 0.000000e+000, 0.000000e+000
 4.270000e-002,-3.138386e+003, 4.423777e+002, 2.683623e+003,-4.523886e+001, 4.049350e+001, 1.175936e+002, 0.000000e+000, 0.000000e+000, 0.000000e+000, 0.000000e+000
 4.275000e-002,-3.113474e+003, 3.788547e+002, 2.722558e+003,-4.568593e+001, 4.199253e+001, 1.180345e+002, 0.000000e+000, 0.000000e+000, 0.000000e+000, 0.000000e+000
 4.280000e-002,-3.087673e+003, 3.154748e+002, 2.760498e+003,-4.612304e+001, 4.346998e+001, 1.184389e+002, 0.000000e+000, 0.000000e+000, 0.000000e+000, 0.000000e+000
 4.285000e-002,-3.060567e+003, 2.516583e+002, 2.797532e+003,-4.654943e+001, 4.492849e+001, 1.188036e+002, 0.000000e+000, 0.000000e+000, 0.000000e+000, 0.000000e+000
 4.290000e-002,-3.032586e+003, 1.880704e+002, 2.833452e+003,-4.696469e+001, 4.636797e+001, 1.191313e+002, 0.000000e+000, 0.000000e+000, 0.000000e+000, 0.000000e+000
 4.295000e-002,-3.003328e+003, 1.240533e+002, 2.868534e+003,-4.736779e+001, 4.779092e+001, 1.194188e+002, 0.000000e+000, 0.000000e+000, 0.000000e+000, 0.000000e+000
 4.300000e-002,-2.973201e+003, 6.034489e+001, 2.902384e+003,-4.775860e+001, 4.919747e+001, 1.196689e+002, 0.000000e+000, 0.000000e+000, 0.000000e+000, 0.000000e+000
 4.305000e-002,-2.941837e+003,-3.779155e+000, 2.935462e+003,-4.813584e+001, 5.058990e+001, 1.198784e+002, 0.000000e+000, 0.000000e+000, 0.000000e+000, 0.000000e+000
 4.310000e-002,-2.909605e+003,-6.751989e+001, 2.967196e+003,-4.849963e+001, 5.196854e+001, 1.200500e+002, 0.000000e+000, 0.000000e+000, 0.000000e+000, 0.000000e+000
 4.315000e-002,-2.876181e+003,-1.316563e+002, 2.998221e+003,-4.884851e+001, 5.333543e+001, 1.201808e+002, 0.000000e+000, 0.000000e+000, 0.000000e+000, 0.000000e+000
 4.320000e-002,-2.841887e+003,-1.953408e+002, 3.027796e+003,-4.918278e+001, 5.469106e+001, 1.202732e+002, 0.000000e+000, 0.000000e+000, 0.000000e+000, 0.000000e+000
 4.325000e-002,-2.806454e+003,-2.593944e+002, 3.056719e+003,-4.950083e+001, 5.603717e+001, 1.203246e+002, 0.000000e+000, 0.000000e+000, 0.000000e+000, 0.000000e+000
 4.330000e-002,-2.770145e+003,-3.229337e+002, 3.084099e+003,-4.980311e+001, 5.737438e+001, 1.203373e+002, 0.000000e+000, 0.000000e+000, 0.000000e+000, 0.000000e+000
 4.335000e-002,-2.732754e+003,-3.868091e+002, 3.110873e+003,-5.008790e+001, 5.870412e+001, 1.203091e+002, 0.000000e+000, 0.000000e+000, 0.000000e+000, 0.000000e+000
 4.340000e-002,-2.694481e+003,-4.501140e+002, 3.136025e+003,-5.035574e+001, 6.002710e+001, 1.202417e+002, 0.000000e+000, 0.000000e+000, 0.000000e+000, 0.000000e+000
 4.345000e-002,-2.655187e+003,-5.137158e+002, 3.160603e+003,-5.060485e+001, 6.134444e+001, 1.201335e+002, 0.000000e+000, 0.000000e+000, 0.000000e+000, 0.000000e+000
 4.350000e-002,-2.615002e+003,-5.766974e+002, 3.183499e+003,-5.083581e+001, 6.265693e+001, 1.199859e+002, 0.000000e+000, 0.000000e+000, 0.000000e+000, 0.000000e+000
 4.355000e-002,-2.573861e+003,-6.399303e+002, 3.205839e+003,-5.104686e+001, 6.396532e+001, 1.197980e+002, 0.000000e+000, 0.000000e+000, 0.000000e+000, 0.000000e+000
 4.360000e-002,-2.531824e+003,-7.025001e+002, 3.226453e+003,-5.123852e+001, 6.527049e+001, 1.195703e+002, 0.000000e+000, 0.000000e+000, 0.000000e+000, 0.000000e+000
 4.365000e-002,-2.488893e+003,-7.652691e+002, 3.246515e+003,-5.140911e+001, 6.657286e+001, 1.193027e+002, 0.000000e+000, 0.000000e+000, 0.000000e+000, 0.000000e+000
 4.370000e-002,-2.445064e+003,-8.273389e+002, 3.264827e+003,-5.155908e+001, 6.787336e+001, 1.189954e+002, 0.000000e+000, 0.000000e+000, 0.000000e+000, 0.000000e+000
 4.375000e-002,-2.400402e+003,-8.895497e+002, 3.282573e+003,-5.168688e+001, 6.917202e+001, 1.186486e+002, 0.000000e+000, 0.000000e+000, 0.000000e+000, 0.000000e+000
 4.380000e-002,-2.354847e+003,-9.510319e+002, 3.298565e+003,-5.179282e+001, 7.046986e+001, 1.182621e+002, 0.000000e+000, 0.000000e+000, 0.000000e+000, 0.000000e+000
 4.385000e-002,-2.308515e+003,-1.012591e+003, 3.313960e+003,-5.187555e+001, 7.176653e+001, 1.178367e+002, 0.000000e+000, 0.000000e+000, 0.000000e+000, 0.000000e+000
 4.390000e-002,-2.261301e+003,-1.073398e+003, 3.327619e+003,-5.193521e+001, 7.306309e+001, 1.173716e+002, 0.000000e+000, 0.000000e+000, 0.000000e+000, 0.000000e+000
 4.395000e-002,-2.213362e+003,-1.134213e+003, 3.340633e+003,-5.197068e+001, 7.435879e+001, 1.168684e+002, 0.000000e+000, 0.000000e+000, 0.000000e+000, 0.000000e+000
 4.400000e-002,-2.164558e+003,-1.194259e+003, 3.351947e+003,-5.198190e+001, 7.565472e+001, 1.163255e+002, 0.000000e+000, 0.000000e+000, 0.000000e+000, 0.000000e+000
 4.405000e-002,-2.115077e+003,-1.254237e+003, 3.362552e+003,-5.196803e+001, 7.694975e+001, 1.157453e+002, 0.000000e+000, 0.000000e+000, 0.000000e+000, 0.000000e+000
 4.410000e-002,-2.064757e+003,-1.313437e+003, 3.371515e+003,-5.192877e+001, 7.824496e+001, 1.151256e+002, 0.000000e+000, 0.000000e+000, 0.000000e+000, 0.000000e+000
 4.415000e-002,-2.013799e+003,-1.372487e+003, 3.379689e+003,-5.186358e+001, 7.953883e+001, 1.144694e+002, 0.000000e+000, 0.000000e+000, 0.000000e+000, 0.000000e+000
 4.420000e-002,-1.962037e+003,-1.430756e+003, 3.386293e+003,-5.177195e+001, 8.083244e+001, 1.137740e+002, 0.000000e+000, 0.000000e+000, 0.000000e+000, 0.000000e+000
 4.425000e-002,-1.909672e+003,-1.488789e+003, 3.392018e+003,-5.165363e+001, 8.212389e+001, 1.130428e+002, 0.000000e+000, 0.000000e+000, 0.000000e+000, 0.000000e+000
 4.430000e-002,-1.856546e+003,-1.546045e+003, 3.396260e+003,-5.150788e+001, 8.341424e+001, 1.122729e+002, 0.000000e+000, 0.000000e+000, 0.000000e+000, 0.000000e+000
 4.435000e-002,-1.802843e+003,-1.602973e+003, 3.399524e+003,-5.133475e+001, 8.470120e+001, 1.114680e+002, 0.000000e+000, 0.000000e+000, 0.000000e+000, 0.000000e+000
 4.440000e-002,-1.748432e+003,-1.659133e+003, 3.401403e+003,-5.113332e+001, 8.598586e+001, 1.106248e+002, 0.000000e+000, 0.000000e+000, 0.000000e+000, 0.000000e+000
 4.445000e-002,-1.693463e+003,-1.714870e+003, 3.402198e+003,-5.090390e+001, 8.726557e+001, 1.097472e+002, 0.000000e+000, 0.000000e+000, 0.000000e+000, 0.000000e+000
 4.450000e-002,-1.637846e+003,-1.769854e+003, 3.401713e+003,-5.064543e+001, 8.854140e+001, 1.088319e+002, 0.000000e+000, 0.000000e+000, 0.000000e+000, 0.000000e+000
 4.455000e-002,-1.581688e+003,-1.824317e+003, 3.400036e+003,-5.035848e+001, 8.981045e+001, 1.078828e+002, 0.000000e+000, 0.000000e+000, 0.000000e+000, 0.000000e+000
 4.460000e-002,-1.524946e+003,-1.878047e+003, 3.397190e+003,-5.004186e+001, 9.107376e+001, 1.068966e+002, 0.000000e+000, 0.000000e+000, 0.000000e+000, 0.000000e+000
 4.465000e-002,-1.467673e+003,-1.931155e+003, 3.393045e+003,-4.969638e+001, 9.232816e+001, 1.058772e+002, 0.000000e+000, 0.000000e+000, 0.000000e+000, 0.000000e+000
 4.470000e-002,-1.409889e+003,-1.983555e+003, 3.387841e+003,-4.932080e+001, 9.357473e+001, 1.048213e+002, 0.000000e+000, 0.000000e+000, 0.000000e+000, 0.000000e+000
 4.475000e-002,-1.351582e+003,-2.035228e+003, 3.381236e+003,-4.891608e+001, 9.481008e+001, 1.037326e+002, 0.000000e+000, 0.000000e+000, 0.000000e+000, 0.000000e+000
 4.480000e-002,-1.292837e+003,-2.086223e+003, 3.373679e+003,-4.848102e+001, 9.603527e+001, 1.026080e+002, 0.000000e+000, 0.000000e+000, 0.000000e+000, 0.000000e+000
 4.485000e-002,-1.233577e+003,-2.136386e+003, 3.364627e+003,-4.801670e+001, 9.724677e+001, 1.014511e+002, 0.000000e+000, 0.000000e+000, 0.000000e+000, 0.000000e+000
 4.490000e-002,-1.173954e+003,-2.185903e+003, 3.354726e+003,-4.752197e+001, 9.844559e+001, 1.002590e+002, 0.000000e+000, 0.000000e+000, 0.000000e+000, 0.000000e+000
 4.495000e-002,-1.113823e+003,-2.234484e+003, 3.343244e+003,-4.699802e+001, 9.962812e+001, 9.903495e+001, 0.000000e+000, 0.000000e+000, 0.000000e+000, 0.000000e+000
 4.500000e-002,-1.053407e+003,-2.282451e+003, 3.331007e+003,-4.644379e+001, 1.007953e+002, 9.777635e+001, 0.000000e+000, 0.000000e+000, 0.000000e+000, 0.000000e+000
 4.505000e-002,-9.924911e+002,-2.329378e+003, 3.317119e+003,-4.586049e+001, 1.019435e+002, 9.648608e+001, 0.000000e+000, 0.000000e+000, 0.000000e+000, 0.000000e+000
 4.510000e-002,-9.313636e+002,-2.375727e+003, 3.302557e+003,-4.524726e+001, 1.030736e+002, 9.516209e+001, 0.000000e+000, 0.000000e+000, 0.000000e+000, 0.000000e+000
 4.515000e-002,-8.697506e+002,-2.420934e+003, 3.286289e+003,-4.460529e+001, 1.041820e+002, 9.380671e+001, 0.000000e+000, 0.000000e+000, 0.000000e+000, 0.000000e+000
 4.520000e-002,-8.079963e+002,-2.465597e+003, 3.269416e+003,-4.393391e+001, 1.052693e+002, 9.241842e+001, 0.000000e+000, 0.000000e+000, 0.000000e+000, 0.000000e+000
 4.525000e-002,-7.457747e+002,-2.509021e+003, 3.250798e+003,-4.323425e+001, 1.063321e+002, 9.099904e+001, 0.000000e+000, 0.000000e+000, 0.000000e+000, 0.000000e+000
 4.530000e-002,-6.834778e+002,-2.551931e+003, 3.231631e+003,-4.250594e+001, 1.073709e+002, 8.954762e+001, 0.000000e+000, 0.000000e+000, 0.000000e+000, 0.000000e+000
 4.535000e-002,-6.207375e+002,-2.593511e+003, 3.210699e+003,-4.174997e+001, 1.083824e+002, 8.806540e+001, 0.000000e+000, 0.000000e+000, 0.000000e+000, 0.000000e+000
 4.540000e-002,-5.579824e+002,-2.634606e+003, 3.189255e+003,-4.096628e+001, 1.093670e+002, 8.655204e+001, 0.000000e+000, 0.000000e+000, 0.000000e+000, 0.000000e+000
 4.545000e-002,-4.948147e+002,-2.674287e+003, 3.166048e+003,-4.015575e+001, 1.103215e+002, 8.500822e+001, 0.000000e+000, 0.000000e+000, 0.000000e+000, 0.000000e+000
 4.550000e-002,-4.316862e+002,-2.713505e+003, 3.142350e+003,-3.931865e+001, 1.112461e+002, 8.343420e+001, 0.000000e+000, 0.000000e+000, 0.000000e+000, 0.000000e+000
 4.555000e-002,-3.681829e+002,-2.751233e+003, 3.116909e+003,-3.845570e+001, 1.121381e+002, 8.183008e+001, 0.000000e+000, 0.000000e+000, 0.000000e+000, 0.000000e+000
 4.560000e-002,-3.047662e+002,-2.788515e+003, 3.090983e+003,-3.756753e+001, 1.129973e+002, 8.019671e+001, 0.000000e+000, 0.000000e+000, 0.000000e+000, 0.000000e+000
 4.565000e-002,-2.410194e+002,-2.824241e+003, 3.063350e+003,-3.665473e+001, 1.138213e+002, 7.853366e+001, 0.000000e+000, 0.000000e+000, 0.000000e+000, 0.000000e+000
 4.570000e-002,-1.774002e+002,-2.859530e+003, 3.035226e+003,-3.571824e+001, 1.146097e+002, 7.684235e+001, 0.000000e+000, 0.000000e+000, 0.000000e+000, 0.000000e+000
 4.575000e-002,-1.135024e+002,-2.893209e+003, 3.005449e+003,-3.475855e+001, 1.153605e+002, 7.512187e+001, 0.000000e+000, 0.000000e+000, 0.000000e+000, 0.000000e+000
 4.580000e-002,-4.976715e+001,-2.926450e+003, 2.975159e+003,-3.377689e+001, 1.160732e+002, 7.337415e+001, 0.000000e+000, 0.000000e+000, 0.000000e+000, 0.000000e+000
 4.585000e-002, 1.418955e+001,-2.958039e+003, 2.943286e+003,-3.277365e+001, 1.167459e+002, 7.159786e+001, 0.000000e+000, 0.000000e+000, 0.000000e+000, 0.000000e+000
 4.590000e-002, 7.795367e+001,-2.989180e+003, 2.910867e+003,-3.175032e+001, 1.173778e+002, 6.979539e+001, 0.000000e+000, 0.000000e+000, 0.000000e+000, 0.000000e+000
 4.595000e-002, 1.418772e+002,-3.018642e+003, 2.876948e+003,-3.070724e+001, 1.179677e+002, 6.796509e+001, 0.000000e+000, 0.000000e+000, 0.000000e+000, 0.000000e+000
 4.600000e-002, 2.055823e+002,-3.047634e+003, 2.842441e+003,-2.964606e+001, 1.185145e+002, 6.610973e+001, 0.000000e+000, 0.000000e+000, 0.000000e+000, 0.000000e+000
 4.605000e-002, 2.693812e+002,-3.074931e+003, 2.806529e+003,-2.856710e+001, 1.190172e+002, 6.422742e+001, 0.000000e+000, 0.000000e+000, 0.000000e+000, 0.000000e+000
 4.610000e-002, 3.329384e+002,-3.101728e+003, 2.769978e+003,-2.747216e+001, 1.194744e+002, 6.232125e+001, 0.000000e+000, 0.000000e+000, 0.000000e+000, 0.000000e+000
 4.615000e-002, 3.965220e+002,-3.126828e+003, 2.732125e+003,-2.636154e+001, 1.198859e+002, 6.038916e+001, 0.000000e+000, 0.000000e+000, 0.000000e+000, 0.000000e+000
 4.620000e-002, 4.598419e+002,-3.151387e+003, 2.693581e+003,-2.523711e+001, 1.202498e+002, 5.843448e+001, 0.000000e+000, 0.000000e+000, 0.000000e+000, 0.000000e+000
 4.625000e-002, 5.231202e+002,-3.174262e+003, 2.653842e+003,-2.409922e+001, 1.205662e+002, 5.645508e+001, 0.000000e+000, 0.000000e+000, 0.000000e+000, 0.000000e+000
 4.630000e-002, 5.861126e+002,-3.196543e+003, 2.613356e+003,-2.294974e+001, 1.208331e+002, 5.445446e+001, 0.000000e+000, 0.000000e+000, 0.000000e+000, 0.000000e+000
 4.635000e-002, 6.489969e+002,-3.217166e+003, 2.571789e+003,-2.178909e+001, 1.210511e+002, 5.243048e+001, 0.000000e+000, 0.000000e+000, 0.000000e+000, 0.000000e+000
 4.640000e-002, 7.115712e+002,-3.237134e+003, 2.529418e+003,-2.061907e+001, 1.212178e+002, 5.038671e+001, 0.000000e+000, 0.000000e+000, 0.000000e+000, 0.000000e+000
 4.645000e-002, 7.739738e+002,-3.255481e+003, 2.486079e+003,-1.944022e+001, 1.213345e+002, 4.832113e+001, 0.000000e+000, 0.000000e+000, 0.000000e+000, 0.000000e+000
 4.650000e-002, 8.360392e+002,-3.273104e+003, 2.441885e+003,-1.825423e+001, 1.213984e+002, 4.623727e+001, 0.000000e+000, 0.000000e+000, 0.000000e+000, 0.000000e+000
 4.655000e-002, 8.978734e+002,-3.289156e+003, 2.396833e+003,-1.706177e+001, 1.214112e+002, 4.413329e+001, 0.000000e+000, 0.000000e+000, 0.000000e+000, 0.000000e+000
 4.660000e-002, 9.593393e+002,-3.304406e+003, 2.350880e+003,-1.586437e+001, 1.213701e+002, 4.201263e+001, 0.000000e+000, 0.000000e+000, 0.000000e+000, 0.000000e+000
 4.665000e-002, 1.020520e+003,-3.318143e+003, 2.304177e+003,-1.466287e+001, 1.212771e+002, 3.987368e+001, 0.000000e+000, 0.000000e+000, 0.000000e+000, 0.000000e+000
 4.670000e-002, 1.081295e+003,-3.330997e+003, 2.256532e+003,-1.345857e+001, 1.211292e+002, 3.771974e+001, 0.000000e+000, 0.000000e+000, 0.000000e+000, 0.000000e+000
 4.675000e-002, 1.141737e+003,-3.342404e+003, 2.208240e+003,-1.225249e+001, 1.209288e+002, 3.554947e+001, 0.000000e+000, 0.000000e+000, 0.000000e+000, 0.000000e+000
 4.680000e-002, 1.201733e+003,-3.352844e+003, 2.158974e+003,-1.104570e+001, 1.206730e+002, 3.336597e+001, 0.000000e+000, 0.000000e+000, 0.000000e+000, 0.000000e+000
 4.685000e-002, 1.261354e+003,-3.361907e+003, 2.109156e+003,-9.839382e+000, 1.203642e+002, 3.116822e+001, 0.000000e+000, 0.000000e+000, 0.000000e+000, 0.000000e+000
 4.690000e-002, 1.320480e+003,-3.369917e+003, 2.058344e+003,-8.634352e+000, 1.199996e+002, 2.895907e+001, 0.000000e+000, 0.000000e+000, 0.000000e+000, 0.000000e+000
 4.695000e-002, 1.379197e+003,-3.376626e+003, 2.007067e+003,-7.431935e+000, 1.195819e+002, 2.673785e+001, 0.000000e+000, 0.000000e+000, 0.000000e+000, 0.000000e+000
 4.700000e-002, 1.437367e+003,-3.382196e+003, 1.954784e+003,-6.232703e+000, 1.191084e+002, 2.450711e+001, 0.000000e+000, 0.000000e+000, 0.000000e+000, 0.000000e+000
 4.705000e-002, 1.495098e+003,-3.386542e+003, 1.902116e+003,-5.038107e+000, 1.185818e+002, 2.226656e+001, 0.000000e+000, 0.000000e+000, 0.000000e+000, 0.000000e+000
 4.710000e-002, 1.552224e+003,-3.389666e+003, 1.848442e+003,-3.848472e+000, 1.179995e+002, 2.001842e+001, 0.000000e+000, 0.000000e+000, 0.000000e+000, 0.000000e+000
 4.715000e-002, 1.608890e+003,-3.391642e+003, 1.794452e+003,-2.665346e+000, 1.173644e+002, 1.776275e+001, 0.000000e+000, 0.000000e+000, 0.000000e+000, 0.000000e+000
 4.720000e-002, 1.664889e+003,-3.392319e+003, 1.739466e+003,-1.488833e+000, 1.166742e+002, 1.550145e+001, 0.000000e+000, 0.000000e+000, 0.000000e+000, 0.000000e+000
 4.725000e-002, 1.720409e+003,-3.391922e+003, 1.684227e+003,-3.205371e-001, 1.159315e+002, 1.323492e+001, 0.000000e+000, 0.000000e+000, 0.000000e+000, 0.000000e+000
 4.730000e-002, 1.775198e+003,-3.390156e+003, 1.628014e+003, 8.396157e-001, 1.151346e+002, 1.096472e+001, 0.000000e+000, 0.000000e+000, 0.000000e+000, 0.000000e+000
 4.735000e-002, 1.829494e+003,-3.387385e+003, 1.571599e+003, 1.990018e+000, 1.142860e+002, 8.691573e+000, 0.000000e+000, 0.000000e+000, 0.000000e+000, 0.000000e+000
 4.740000e-002, 1.882993e+003,-3.383182e+003, 1.514243e+003, 3.130874e+000, 1.133841e+002, 6.416715e+000, 0.000000e+000, 0.000000e+000, 0.000000e+000, 0.000000e+000
 4.745000e-002, 1.935987e+003,-3.378038e+003, 1.456729e+003, 4.260626e+000, 1.124315e+002, 4.141136e+000, 0.000000e+000, 0.000000e+000, 0.000000e+000, 0.000000e+000
 4.750000e-002, 1.988120e+003,-3.371411e+003, 1.398315e+003, 5.379551e+000, 1.114272e+002, 1.865770e+000, 0.000000e+000, 0.000000e+000, 0.000000e+000, 0.000000e+000
 4.755000e-002, 2.039736e+003,-3.363898e+003, 1.339781e+003, 6.486205e+000, 1.103733e+002,-4.081477e-001, 0.000000e+000, 0.000000e+000, 0.000000e+000, 0.000000e+000
 4.760000e-002, 2.090427e+003,-3.354863e+003, 1.280396e+003, 7.580880e+000, 1.092693e+002,-2.679971e+000, 0.000000e+000, 0.000000e+000, 0.000000e+000, 0.000000e+000
 4.765000e-002, 2.140589e+003,-3.344989e+003, 1.220922e+003, 8.662303e+000, 1.081173e+002,-4.948255e+000, 0.000000e+000, 0.000000e+000, 0.000000e+000, 0.000000e+000
 4.770000e-002, 2.189768e+003,-3.333565e+003, 1.160655e+003, 9.730728e+000, 1.069172e+002,-7.212615e+000, 0.000000e+000, 0.000000e+000, 0.000000e+000, 0.000000e+000
 4.775000e-002, 2.238401e+003,-3.321339e+003, 1.100321e+003, 1.078511e+001, 1.056708e+002,-9.471437e+000, 0.000000e+000, 0.000000e+000, 0.000000e+000, 0.000000e+000
 4.780000e-002, 2.285999e+003,-3.307549e+003, 1.039261e+003, 1.182561e+001, 1.043786e+002,-1.172456e+001, 0.000000e+000, 0.000000e+000, 0.000000e+000, 0.000000e+000
 4.785000e-002, 2.333031e+003,-3.292986e+003, 9.781534e+002, 1.285147e+001, 1.030421e+002,-1.397025e+001, 0.000000e+000, 0.000000e+000, 0.000000e+000, 0.000000e+000
 4.790000e-002, 2.378982e+003,-3.276856e+003, 9.163883e+002, 1.386271e+001, 1.016621e+002,-1.620854e+001, 0.000000e+000, 0.000000e+000, 0.000000e+000, 0.000000e+000
 4.795000e-002, 2.424341e+003,-3.259972e+003, 8.545923e+002, 1.485889e+001, 1.002402e+002,-1.843759e+001, 0.000000e+000, 0.000000e+000, 0.000000e+000, 0.000000e+000
 4.800000e-002, 2.468583e+003,-3.241531e+003, 7.922126e+002, 1.583986e+001, 9.877759e+001,-2.065761e+001, 0.000000e+000, 0.000000e+000, 0.000000e+000, 0.000000e+000
 4.805000e-002, 2.512200e+003,-3.222346e+003, 7.298154e+002, 1.680551e+001, 9.727543e+001,-2.286672e+001, 0.000000e+000, 0.000000e+000, 0.000000e+000, 0.000000e+000
 4.810000e-002, 2.554672e+003,-3.201627e+003, 6.669113e+002, 1.775549e+001, 9.573546e+001,-2.506524e+001, 0.000000e+000, 0.000000e+000, 0.000000e+000, 0.000000e+000
 4.815000e-002, 2.596480e+003,-3.180166e+003, 6.040013e+002, 1.869006e+001, 9.415864e+001,-2.725129e+001, 0.000000e+000, 0.000000e+000, 0.000000e+000, 0.000000e+000
 4.820000e-002, 2.637127e+003,-3.157202e+003, 5.406633e+002, 1.960863e+001, 9.254709e+001,-2.942529e+001, 0.000000e+000, 0.000000e+000, 0.000000e+000, 0.000000e+000
 4.825000e-002, 2.677062e+003,-3.133493e+003, 4.773306e+002, 2.051182e+001, 9.090159e+001,-3.158537e+001, 0.000000e+000, 0.000000e+000, 0.000000e+000, 0.000000e+000
 4.830000e-002, 2.715828e+003,-3.108321e+003, 4.136495e+002, 2.139878e+001, 8.922457e+001,-3.373203e+001, 0.000000e+000, 0.000000e+000, 0.000000e+000, 0.000000e+000
 4.835000e-002, 2.753827e+003,-3.082395e+003, 3.499847e+002, 2.227050e+001, 8.751668e+001,-3.586347e+001, 0.000000e+000, 0.000000e+000, 0.000000e+000, 0.000000e+000
 4.840000e-002, 2.790663e+003,-3.055055e+003, 2.860513e+002, 2.312588e+001, 8.578062e+001,-3.798021e+001, 0.000000e+000, 0.000000e+000, 0.000000e+000, 0.000000e+000
 4.845000e-002, 2.826668e+003,-3.026946e+003, 2.221460e+002, 2.396623e+001, 8.401691e+001,-4.008052e+001, 0.000000e+000, 0.000000e+000, 0.000000e+000, 0.000000e+000
 4.850000e-002, 2.861523e+003,-2.997480e+003, 1.580512e+002, 2.479021e+001, 8.222846e+001,-4.216496e+001, 0.000000e+000, 0.000000e+000, 0.000000e+000, 0.000000e+000
 4.855000e-002, 2.895479e+003,-2.967228e+003, 9.399744e+001, 2.559943e+001, 8.041570e+001,-4.423188e+001, 0.000000e+000, 0.000000e+000, 0.000000e+000, 0.000000e+000
 4.860000e-002, 2.928308e+003,-2.935678e+003, 2.983214e+001, 2.639234e+001, 7.858169e+001,-4.628184e+001, 0.000000e+000, 0.000000e+000, 0.000000e+000, 0.000000e+000
 4.865000e-002, 2.960163e+003,-2.903324e+003,-3.427766e+001, 2.717078e+001, 7.672677e+001,-4.831329e+001, 0.000000e+000, 0.000000e+000, 0.000000e+000, 0.000000e+000
 4.870000e-002, 2.990922e+003,-2.869737e+003,-9.842288e+001, 2.793305e+001, 7.485408e+001,-5.032677e+001, 0.000000e+000, 0.000000e+000, 0.000000e+000, 0.000000e+000
 4.875000e-002, 3.020628e+003,-2.835327e+003,-1.624962e+002, 2.868118e+001, 7.296393e+001,-5.232084e+001, 0.000000e+000, 0.000000e+000, 0.000000e+000, 0.000000e+000
 4.880000e-002, 3.049274e+003,-2.799749e+003,-2.265309e+002, 2.941335e+001, 7.105944e+001,-5.429599e+001, 0.000000e+000, 0.000000e+000, 0.000000e+000, 0.000000e+000
 4.885000e-002, 3.076788e+003,-2.763332e+003,-2.904753e+002, 3.013169e+001, 6.914093e+001,-5.625090e+001, 0.000000e+000, 0.000000e+000, 0.000000e+000, 0.000000e+000
 4.890000e-002, 3.103281e+003,-2.725813e+003,-3.543095e+002, 3.083435e+001, 6.721143e+001,-5.818600e+001, 0.000000e+000, 0.000000e+000, 0.000000e+000, 0.000000e+000
 4.895000e-002, 3.128564e+003,-2.687441e+003,-4.180328e+002, 3.152351e+001, 6.527129e+001,-6.010008e+001, 0.000000e+000, 0.000000e+000, 0.000000e+000, 0.000000e+000
 4.900000e-002, 3.152867e+003,-2.648031e+003,-4.815768e+002, 3.219732e+001, 6.332339e+001,-6.199351e+001, 0.000000e+000, 0.000000e+000, 0.000000e+000, 0.000000e+000
 4.905000e-002, 3.175882e+003,-2.607759e+003,-5.449871e+002, 3.285794e+001, 6.136814e+001,-6.386517e+001, 0.000000e+000, 0.000000e+000, 0.000000e+000, 0.000000e+000
 4.910000e-002, 3.197959e+003,-2.566513e+003,-6.081519e+002, 3.350359e+001, 5.940826e+001,-6.571537e+001, 0.000000e+000, 0.000000e+000, 0.000000e+000, 0.000000e+000
 4.915000e-002, 3.218676e+003,-2.524399e+003,-6.711580e+002, 3.413633e+001, 5.744417e+001,-6.754308e+001, 0.000000e+000, 0.000000e+000, 0.000000e+000, 0.000000e+000
 4.920000e-002, 3.238495e+003,-2.481371e+003,-7.338549e+002, 3.475452e+001, 5.547839e+001,-6.934856e+001, 0.000000e+000, 0.000000e+000, 0.000000e+000, 0.000000e+000
 4.925000e-002, 3.256885e+003,-2.437476e+003,-7.963664e+002, 3.536005e+001, 5.351141e+001,-7.113084e+001, 0.000000e+000, 0.000000e+000, 0.000000e+000, 0.000000e+000
 4.930000e-002, 3.274415e+003,-2.392724e+003,-8.585076e+002, 3.595147e+001, 5.154549e+001,-7.289009e+001, 0.000000e+000, 0.000000e+000, 0.000000e+000, 0.000000e+000
 4.935000e-002, 3.290457e+003,-2.347111e+003,-9.204347e+002, 3.653044e+001, 4.958119e+001,-7.462547e+001, 0.000000e+000, 0.000000e+000, 0.000000e+000, 0.000000e+000
 4.940000e-002, 3.305669e+003,-2.300695e+003,-9.819333e+002, 3.709576e+001, 4.762051e+001,-7.633703e+001, 0.000000e+000, 0.000000e+000, 0.000000e+000, 0.000000e+000
 4.945000e-002, 3.319344e+003,-2.253429e+003,-1.043187e+003, 3.764881e+001, 4.566405e+001,-7.802399e+001, 0.000000e+000, 0.000000e+000, 0.000000e+000, 0.000000e+000
 4.950000e-002, 3.332214e+003,-2.205411e+003,-1.103957e+003, 3.818867e+001, 4.371353e+001,-7.968637e+001, 0.000000e+000, 0.000000e+000, 0.000000e+000, 0.000000e+000
 4.955000e-002, 3.343507e+003,-2.156561e+003,-1.164451e+003, 3.871640e+001, 4.176957e+001,-8.132343e+001, 0.000000e+000, 0.000000e+000, 0.000000e+000, 0.000000e+000
 4.960000e-002, 3.354010e+003,-2.107004e+003,-1.224407e+003, 3.923141e+001, 3.983364e+001,-8.293507e+001, 0.000000e+000, 0.000000e+000, 0.000000e+000, 0.000000e+000
 4.965000e-002, 3.362910e+003,-2.056638e+003,-1.284053e+003, 3.973439e+001, 3.790635e+001,-8.452065e+001, 0.000000e+000, 0.000000e+000, 0.000000e+000, 0.000000e+000
 4.970000e-002, 3.371028e+003,-2.005610e+003,-1.343112e+003, 4.022511e+001, 3.598888e+001,-8.607999e+001, 0.000000e+000, 0.000000e+000, 0.000000e+000, 0.000000e+000
 4.975000e-002, 3.377528e+003,-1.953801e+003,-1.401825e+003, 4.070389e+001, 3.408184e+001,-8.761248e+001, 0.000000e+000, 0.000000e+000, 0.000000e+000, 0.000000e+000
 4.980000e-002, 3.383244e+003,-1.901370e+003,-1.459905e+003, 4.117084e+001, 3.218615e+001,-8.911786e+001, 0.000000e+000, 0.000000e+000, 0.000000e+000, 0.000000e+000
 4.985000e-002, 3.387340e+003,-1.848190e+003,-1.517601e+003, 4.162592e+001, 3.030238e+001,-9.059559e+001, 0.000000e+000, 0.000000e+000, 0.000000e+000, 0.000000e+000
 4.990000e-002, 3.390642e+003,-1.794428e+003,-1.574621e+003, 4.206956e+001, 2.843121e+001,-9.204532e+001, 0.000000e+000, 0.000000e+000, 0.000000e+000, 0.000000e+000
 4.995000e-002, 3.392333e+003,-1.739951e+003,-1.631218e+003, 4.250138e+001, 2.657313e+001,-9.346657e+001, 0.000000e+000, 0.000000e+000, 0.000000e+000, 0.000000e+000
 5.000000e-002, 3.393211e+003,-1.684931e+003,-1.687097e+003, 4.292214e+001, 2.472861e+001,-9.485890e+001, 0.000000e+000, 0.000000e+000, 0.000000e+000, 0.000000e+000
 5.005000e-002, 3.392500e+003,-1.629234e+003,-1.742514e+003, 4.333109e+001, 2.289807e+001,-9.622190e+001, 0.000000e+000, 0.000000e+000, 0.000000e+000, 0.000000e+000
 5.010000e-002, 3.390949e+003,-1.573031e+003,-1.797175e+003, 4.372928e+001, 2.108178e+001,-9.755505e+001, 0.000000e+000, 0.000000e+000, 0.000000e+000, 0.000000e+000
 5.015000e-002, 3.387842e+003,-1.516193e+003,-1.851332e+003, 4.411568e+001, 1.928007e+001,-9.885802e+001, 0.000000e+000, 0.000000e+000, 0.000000e+000, 0.000000e+000
 5.020000e-002, 3.383861e+003,-1.458884e+003,-1.904699e+003, 4.449156e+001, 1.749304e+001,-1.001302e+002, 0.000000e+000, 0.000000e+000, 0.000000e+000, 0.000000e+000
 5.025000e-002, 3.378365e+003,-1.400983e+003,-1.957518e+003, 4.485564e+001, 1.572092e+001,-1.013713e+002, 0.000000e+000, 0.000000e+000, 0.000000e+000, 0.000000e+000
 5.030000e-002, 3.371958e+003,-1.342650e+003,-2.009516e+003, 4.520935e+001, 1.396367e+001,-1.025807e+002, 0.000000e+000, 0.000000e+000, 0.000000e+000, 0.000000e+000
 5.035000e-002, 3.364083e+003,-1.283766e+003,-2.060923e+003, 4.555125e+001, 1.222142e+001,-1.037582e+002, 0.000000e+000, 0.000000e+000, 0.000000e+000, 0.000000e+000
 5.040000e-002, 3.355258e+003,-1.224488e+003,-2.111479e+003, 4.588287e+001, 1.049401e+001,-1.049029e+002, 0.000000e+000, 0.000000e+000, 0.000000e+000, 0.000000e+000
 5.045000e-002, 3.345017e+003,-1.164706e+003,-2.161399e+003, 4.620262e+001, 8.781452e+000,-1.060149e+002, 0.000000e+000, 0.000000e+000, 0.000000e+000, 0.000000e+000
 5.050000e-002, 3.333787e+003,-1.104566e+003,-2.210444e+003, 4.651211e+001, 7.083495e+000,-1.070934e+002, 0.000000e+000, 0.000000e+000, 0.000000e+000, 0.000000e+000
 5.055000e-002, 3.321196e+003,-1.043967e+003,-2.258805e+003, 4.680968e+001, 5.400048e+000,-1.081381e+002, 0.000000e+000, 0.000000e+000, 0.000000e+000, 0.000000e+000
 5.060000e-002, 3.307575e+003,-9.830512e+002,-2.306269e+003, 4.709693e+001, 3.730776e+000,-1.091484e+002, 0.000000e+000, 0.000000e+000, 0.000000e+000, 0.000000e+000
 5.065000e-002, 3.292652e+003,-9.217208e+002,-2.353002e+003, 4.737220e+001, 2.075502e+000,-1.101242e+002, 0.000000e+000, 0.000000e+000, 0.000000e+000, 0.000000e+000
 5.070000e-002, 3.276662e+003,-8.601133e+002,-2.398819e+003, 4.763699e+001, 4.338140e-001,-1.110646e+002, 0.000000e+000, 0.000000e+000, 0.000000e+000, 0.000000e+000
 5.075000e-002, 3.259427e+003,-7.981379e+002,-2.443857e+003, 4.788974e+001,-1.194530e+000,-1.119698e+002, 0.000000e+000, 0.000000e+000, 0.000000e+000, 0.000000e+000
 5.080000e-002, 3.241094e+003,-7.359258e+002,-2.487963e+003, 4.813180e+001,-2.810008e+000,-1.128387e+002, 0.000000e+000, 0.000000e+000, 0.000000e+000, 0.000000e+000
 5.085000e-002, 3.221568e+003,-6.733929e+002,-2.531242e+003, 4.836174e+001,-4.412903e+000,-1.136715e+002, 0.000000e+000, 0.000000e+000, 0.000000e+000, 0.000000e+000
 5.090000e-002, 3.200921e+003,-6.106638e+002,-2.573574e+003, 4.858070e+001,-6.003757e+000,-1.144673e+002, 0.000000e+000, 0.000000e+000, 0.000000e+000, 0.000000e+000
 5.095000e-002, 3.179131e+003,-5.476622e+002,-2.615032e+003, 4.878743e+001,-7.582859e+000,-1.152263e+002, 0.000000e+000, 0.000000e+000, 0.000000e+000, 0.000000e+000
 5.100000e-002, 3.156202e+003,-4.845044e+002,-2.655531e+003, 4.898282e+001,-9.150812e+000,-1.159474e+002, 0.000000e+000, 0.000000e+000, 0.000000e+000, 0.000000e+000
 5.105000e-002, 3.132175e+003,-4.211240e+002,-2.695109e+003, 4.916586e+001,-1.070788e+001,-1.166311e+002, 0.000000e+000, 0.000000e+000, 0.000000e+000, 0.000000e+000
 5.110000e-002, 3.107002e+003,-3.576265e+002,-2.733718e+003, 4.933714e+001,-1.225473e+001,-1.172762e+002, 0.000000e+000, 0.000000e+000, 0.000000e+000, 0.000000e+000
 5.115000e-002, 3.080769e+003,-2.939583e+002,-2.771358e+003, 4.949588e+001,-1.379158e+001,-1.178831e+002, 0.000000e+000, 0.000000e+000, 0.000000e+000, 0.000000e+000
 5.120000e-002, 3.053392e+003,-2.302103e+002,-2.808022e+003, 4.964238e+001,-1.531914e+001,-1.184509e+002, 0.000000e+000, 0.000000e+000, 0.000000e+000, 0.000000e+000
 5.125000e-002, 3.024986e+003,-1.663461e+002,-2.843672e+003, 4.977612e+001,-1.683755e+001,-1.189799e+002, 0.000000e+000, 0.000000e+000, 0.000000e+000, 0.000000e+000
 5.130000e-002, 2.995450e+003,-1.024375e+002,-2.878339e+003, 4.989709e+001,-1.834759e+001,-1.194692e+002, 0.000000e+000, 0.000000e+000, 0.000000e+000, 0.000000e+000
 5.135000e-002, 2.964907e+003,-3.846978e+001,-2.911947e+003, 5.000502e+001,-1.984929e+001,-1.199192e+002, 0.000000e+000, 0.000000e+000, 0.000000e+000, 0.000000e+000
 5.140000e-002, 2.933258e+003, 2.550984e+001,-2.944567e+003, 5.009959e+001,-2.134350e+001,-1.203289e+002, 0.000000e+000, 0.000000e+000, 0.000000e+000, 0.000000e+000
 5.145000e-002, 2.900619e+003, 8.948808e+001,-2.976087e+003, 5.018080e+001,-2.283011e+001,-1.206987e+002, 0.000000e+000, 0.000000e+000, 0.000000e+000, 0.000000e+000
 5.150000e-002, 2.866905e+003, 1.534488e+002,-3.006614e+003, 5.024802e+001,-2.431006e+001,-1.210279e+002, 0.000000e+000, 0.000000e+000, 0.000000e+000, 0.000000e+000
 5.155000e-002, 2.832214e+003, 2.173444e+002,-3.036000e+003, 5.030148e+001,-2.578306e+001,-1.213169e+002, 0.000000e+000, 0.000000e+000, 0.000000e+000, 0.000000e+000
 5.160000e-002, 2.796488e+003, 2.811964e+002,-3.064391e+003, 5.034032e+001,-2.725015e+001,-1.215648e+002, 0.000000e+000, 0.000000e+000, 0.000000e+000, 0.000000e+000
 5.165000e-002, 2.759790e+003, 3.449160e+002,-3.091602e+003, 5.036493e+001,-2.871087e+001,-1.217721e+002, 0.000000e+000, 0.000000e+000, 0.000000e+000, 0.000000e+000
 5.170000e-002, 2.722105e+003, 4.085696e+002,-3.117814e+003, 5.037426e+001,-3.016632e+001,-1.219380e+002, 0.000000e+000, 0.000000e+000, 0.000000e+000, 0.000000e+000
 5.175000e-002, 2.683452e+003, 4.720200e+002,-3.142813e+003, 5.036884e+001,-3.161587e+001,-1.220630e+002, 0.000000e+000, 0.000000e+000, 0.000000e+000, 0.000000e+000
 5.180000e-002, 2.643864e+003, 5.353856e+002,-3.166810e+003, 5.034749e+001,-3.306068e+001,-1.221464e+002, 0.000000e+000, 0.000000e+000, 0.000000e+000, 0.000000e+000
 5.185000e-002, 2.603310e+003, 5.984741e+002,-3.189559e+003, 5.031079e+001,-3.449994e+001,-1.221886e+002, 0.000000e+000, 0.000000e+000, 0.000000e+000, 0.000000e+000
 5.190000e-002, 2.561876e+003, 6.614622e+002,-3.211307e+003, 5.025750e+001,-3.593486e+001,-1.221891e+002, 0.000000e+000, 0.000000e+000, 0.000000e+000, 0.000000e+000
 5.195000e-002, 2.519478e+003, 7.240966e+002,-3.231776e+003, 5.018822e+001,-3.736448e+001,-1.221481e+002, 0.000000e+000, 0.000000e+000, 0.000000e+000, 0.000000e+000
 5.200000e-002, 2.476258e+003, 7.866180e+002,-3.251243e+003, 5.010171e+001,-3.879000e+001,-1.220653e+002, 0.000000e+000, 0.000000e+000, 0.000000e+000, 0.000000e+000
 5.205000e-002, 2.432077e+003, 8.487071e+002,-3.269403e+003, 4.999850e+001,-4.021033e+001,-1.219410e+002, 0.000000e+000, 0.000000e+000, 0.000000e+000, 0.000000e+000
 5.210000e-002, 2.387130e+003, 9.106729e+002,-3.286560e+003, 4.987745e+001,-4.162667e+001,-1.217746e+002, 0.000000e+000, 0.000000e+000, 0.000000e+000, 0.000000e+000
 5.215000e-002, 2.341232e+003, 9.721265e+002,-3.302387e+003, 4.973895e+001,-4.303778e+001,-1.215667e+002, 0.000000e+000, 0.000000e+000, 0.000000e+000, 0.000000e+000
 5.220000e-002, 2.294621e+003, 1.033448e+003,-3.317210e+003, 4.958203e+001,-4.444484e+001,-1.213168e+002, 0.000000e+000, 0.000000e+000, 0.000000e+000, 0.000000e+000
 5.225000e-002, 2.247073e+003, 1.094177e+003,-3.330681e+003, 4.940690e+001,-4.584653e+001,-1.210253e+002, 0.000000e+000, 0.000000e+000, 0.000000e+000, 0.000000e+000
 5.230000e-002, 2.198861e+003, 1.154767e+003,-3.343148e+003, 4.921279e+001,-4.724395e+001,-1.206918e+002, 0.000000e+000, 0.000000e+000, 0.000000e+000, 0.000000e+000
 5.235000e-002, 2.149734e+003, 1.214685e+003,-3.354245e+003, 4.899971e+001,-4.863572e+001,-1.203166e+002, 0.000000e+000, 0.000000e+000, 0.000000e+000, 0.000000e+000
 5.240000e-002, 2.099985e+003, 1.274454e+003,-3.364337e+003, 4.876714e+001,-5.002284e+001,-1.198996e+002, 0.000000e+000, 0.000000e+000, 0.000000e+000, 0.000000e+000
 5.245000e-002, 2.049354e+003, 1.333475e+003,-3.373046e+003, 4.851484e+001,-5.140393e+001,-1.194410e+002, 0.000000e+000, 0.000000e+000, 0.000000e+000, 0.000000e+000
 5.250000e-002, 1.998135e+003, 1.392338e+003,-3.380748e+003, 4.824261e+001,-5.277984e+001,-1.189407e+002, 0.000000e+000, 0.000000e+000, 0.000000e+000, 0.000000e+000
 5.255000e-002, 1.946075e+003, 1.450378e+003,-3.387057e+003, 4.794992e+001,-5.414923e+001,-1.183989e+002, 0.000000e+000, 0.000000e+000, 0.000000e+000, 0.000000e+000
 5.260000e-002, 1.893455e+003, 1.508248e+003,-3.392358e+003, 4.763690e+001,-5.551275e+001,-1.178156e+002, 0.000000e+000, 0.000000e+000, 0.000000e+000, 0.000000e+000
 5.265000e-002, 1.840044e+003, 1.565226e+003,-3.396259e+003, 4.730275e+001,-5.686917e+001,-1.171908e+002, 0.000000e+000, 0.000000e+000, 0.000000e+000, 0.000000e+000
 5.270000e-002, 1.786092e+003, 1.622018e+003,-3.399149e+003, 4.694794e+001,-5.821891e+001,-1.165248e+002, 0.000000e+000, 0.000000e+000, 0.000000e+000, 0.000000e+000
 5.275000e-002, 1.731411e+003, 1.677854e+003,-3.400639e+003, 4.657139e+001,-5.956086e+001,-1.158176e+002, 0.000000e+000, 0.000000e+000, 0.000000e+000, 0.000000e+000
 5.280000e-002, 1.676199e+003, 1.733484e+003,-3.401113e+003, 4.617392e+001,-6.089518e+001,-1.150694e+002, 0.000000e+000, 0.000000e+000, 0.000000e+000, 0.000000e+000
 5.285000e-002, 1.620330e+003, 1.788101e+003,-3.400191e+003, 4.575417e+001,-6.222094e+001,-1.142802e+002, 0.000000e+000, 0.000000e+000, 0.000000e+000, 0.000000e+000
 5.290000e-002, 1.563932e+003, 1.842485e+003,-3.398246e+003, 4.531330e+001,-6.353801e+001,-1.134504e+002, 0.000000e+000, 0.000000e+000, 0.000000e+000, 0.000000e+000
 5.295000e-002, 1.506957e+003, 1.895809e+003,-3.394915e+003, 4.484974e+001,-6.484565e+001,-1.125799e+002, 0.000000e+000, 0.000000e+000, 0.000000e+000, 0.000000e+000
 5.300000e-002, 1.449450e+003, 1.948865e+003,-3.390552e+003, 4.436491e+001,-6.614343e+001,-1.116693e+002, 0.000000e+000, 0.000000e+000, 0.000000e+000, 0.000000e+000
 5.305000e-002, 1.391453e+003, 2.000822e+003,-3.384819e+003, 4.385708e+001,-6.743085e+001,-1.107183e+002, 0.000000e+000, 0.000000e+000, 0.000000e+000, 0.000000e+000
 5.310000e-002, 1.332914e+003, 2.052471e+003,-3.378043e+003, 4.332791e+001,-6.870714e+001,-1.097277e+002, 0.000000e+000, 0.000000e+000, 0.000000e+000, 0.000000e+000
 5.315000e-002, 1.273979e+003, 2.102991e+003,-3.369917e+003, 4.277556e+001,-6.997204e+001,-1.086971e+002, 0.000000e+000, 0.000000e+000, 0.000000e+000, 0.000000e+000
 5.320000e-002, 1.214490e+003, 2.153154e+003,-3.360734e+003, 4.220187e+001,-7.122446e+001,-1.076275e+002, 0.000000e+000, 0.000000e+000, 0.000000e+000, 0.000000e+000
 5.325000e-002, 1.154702e+003, 2.202170e+003,-3.350230e+003, 4.160498e+001,-7.246441e+001,-1.065185e+002, 0.000000e+000, 0.000000e+000, 0.000000e+000, 0.000000e+000
 5.330000e-002, 1.094346e+003, 2.250770e+003,-3.338651e+003, 4.098681e+001,-7.369044e+001,-1.053711e+002, 0.000000e+000, 0.000000e+000, 0.000000e+000, 0.000000e+000
 5.335000e-002, 1.033789e+003, 2.298215e+003,-3.325786e+003, 4.034557e+001,-7.490286e+001,-1.041849e+002, 0.000000e+000, 0.000000e+000, 0.000000e+000, 0.000000e+000
 5.340000e-002, 9.726513e+002, 2.345179e+003,-3.311825e+003, 3.968320e+001,-7.609988e+001,-1.029611e+002, 0.000000e+000, 0.000000e+000, 0.000000e+000, 0.000000e+000
 5.345000e-002, 9.114097e+002, 2.390990e+003,-3.296618e+003, 3.899803e+001,-7.728210e+001,-1.016991e+002, 0.000000e+000, 0.000000e+000, 0.000000e+000, 0.000000e+000
 5.350000e-002, 8.495782e+002, 2.436246e+003,-3.280292e+003, 3.829198e+001,-7.844737e+001,-1.004005e+002, 0.000000e+000, 0.000000e+000, 0.000000e+000, 0.000000e+000
 5.355000e-002, 7.877364e+002, 2.480361e+003,-3.262768e+003, 3.756358e+001,-7.959660e+001,-9.906442e+001, 0.000000e+000, 0.000000e+000, 0.000000e+000, 0.000000e+000
 5.360000e-002, 7.253008e+002, 2.523840e+003,-3.244098e+003, 3.681462e+001,-8.072731e+001,-9.769265e+001, 0.000000e+000, 0.000000e+000, 0.000000e+000, 0.000000e+000
 5.365000e-002, 6.629429e+002, 2.566200e+003,-3.224282e+003, 3.604392e+001,-8.184068e+001,-9.628431e+001, 0.000000e+000, 0.000000e+000, 0.000000e+000, 0.000000e+000
 5.370000e-002, 5.999949e+002, 2.607836e+003,-3.203293e+003, 3.525307e+001,-8.293393e+001,-9.484132e+001, 0.000000e+000, 0.000000e+000, 0.000000e+000, 0.000000e+000
 5.375000e-002, 5.372045e+002, 2.648385e+003,-3.181215e+003, 3.444125e+001,-8.400850e+001,-9.336277e+001, 0.000000e+000, 0.000000e+000, 0.000000e+000, 0.000000e+000
 5.380000e-002, 4.738375e+002, 2.688114e+003,-3.157934e+003, 3.360978e+001,-8.506136e+001,-9.185072e+001, 0.000000e+000, 0.000000e+000, 0.000000e+000, 0.000000e+000
 5.385000e-002, 4.106983e+002, 2.726798e+003,-3.133626e+003, 3.275826e+001,-8.609413e+001,-9.030421e+001, 0.000000e+000, 0.000000e+000, 0.000000e+000, 0.000000e+000
 5.390000e-002, 3.470069e+002, 2.764560e+003,-3.108086e+003, 3.188769e+001,-8.710359e+001,-8.872542e+001, 0.000000e+000, 0.000000e+000, 0.000000e+000, 0.000000e+000
 5.395000e-002, 2.836023e+002, 2.801325e+003,-3.081582e+003, 3.099812e+001,-8.809155e+001,-8.711343e+001, 0.000000e+000, 0.000000e+000, 0.000000e+000, 0.000000e+000
 5.400000e-002, 2.196823e+002, 2.837064e+003,-3.053818e+003, 3.009019e+001,-8.905458e+001,-8.547047e+001, 0.000000e+000, 0.000000e+000, 0.000000e+000, 0.000000e+000
 5.405000e-002, 1.560959e+002, 2.871860e+003,-3.025156e+003, 2.916444e+001,-8.999464e+001,-8.379569e+001, 0.000000e+000, 0.000000e+000, 0.000000e+000, 0.000000e+000
 5.410000e-002, 9.204343e+001, 2.905524e+003,-2.995208e+003, 2.822113e+001,-9.090821e+001,-8.209134e+001, 0.000000e+000, 0.000000e+000, 0.000000e+000, 0.000000e+000
 5.415000e-002, 2.835893e+001, 2.938302e+003,-2.964426e+003, 2.726127e+001,-9.179733e+001,-8.035667e+001, 0.000000e+000, 0.000000e+000, 0.000000e+000, 0.000000e+000
 5.420000e-002,-3.572929e+001, 2.969842e+003,-2.932337e+003, 2.628475e+001,-9.265841e+001,-7.859390e+001, 0.000000e+000, 0.000000e+000, 0.000000e+000, 0.000000e+000
 5.425000e-002,-9.942803e+001, 3.000556e+003,-2.899478e+003, 2.529305e+001,-9.349352e+001,-7.680246e+001, 0.000000e+000, 0.000000e+000, 0.000000e+000, 0.000000e+000
 5.430000e-002,-1.634555e+002, 3.029926e+003,-2.865296e+003, 2.428567e+001,-9.429911e+001,-7.498444e+001, 0.000000e+000, 0.000000e+000, 0.000000e+000, 0.000000e+000
 5.435000e-002,-2.270842e+002, 3.058533e+003,-2.830403e+003, 2.326456e+001,-9.507724e+001,-7.313951e+001, 0.000000e+000, 0.000000e+000, 0.000000e+000, 0.000000e+000
 5.440000e-002,-2.909548e+002, 3.085692e+003,-2.794177e+003, 2.222886e+001,-9.582440e+001,-7.126961e+001, 0.000000e+000, 0.000000e+000, 0.000000e+000, 0.000000e+000
 5.445000e-002,-3.544285e+002, 3.112149e+003,-2.757298e+003, 2.118092e+001,-9.654259e+001,-6.937465e+001, 0.000000e+000, 0.000000e+000, 0.000000e+000, 0.000000e+000
 5.450000e-002,-4.180472e+002, 3.137060e+003,-2.719083e+003, 2.011958e+001,-9.722847e+001,-6.745639e+001, 0.000000e+000, 0.000000e+000, 0.000000e+000, 0.000000e+000
 5.455000e-002,-4.812804e+002, 3.161329e+003,-2.680265e+003, 1.904751e+001,-9.788390e+001,-6.551503e+001, 0.000000e+000, 0.000000e+000, 0.000000e+000, 0.000000e+000
 5.460000e-002,-5.445530e+002, 3.183958e+003,-2.640120e+003, 1.796332e+001,-9.850572e+001,-6.355209e+001, 0.000000e+000, 0.000000e+000, 0.000000e+000, 0.000000e+000
 5.465000e-002,-6.074596e+002, 3.206002e+003,-2.599415e+003, 1.686994e+001,-9.909565e+001,-6.156807e+001, 0.000000e+000, 0.000000e+000, 0.000000e+000, 0.000000e+000
 5.470000e-002,-6.702935e+002, 3.226320e+003,-2.557400e+003, 1.576579e+001,-9.965079e+001,-5.956422e+001, 0.000000e+000, 0.000000e+000, 0.000000e+000, 0.000000e+000
 5.475000e-002,-7.327866e+002, 3.246104e+003,-2.514860e+003, 1.465399e+001,-1.001726e+002,-5.754141e+001, 0.000000e+000, 0.000000e+000, 0.000000e+000, 0.000000e+000
 5.480000e-002,-7.950909e+002, 3.264087e+003,-2.471040e+003, 1.353284e+001,-1.006586e+002,-5.550056e+001, 0.000000e+000, 0.000000e+000, 0.000000e+000, 0.000000e+000
 5.485000e-002,-8.570828e+002, 3.281579e+003,-2.426721e+003, 1.240555e+001,-1.011099e+002,-5.344287e+001, 0.000000e+000, 0.000000e+000, 0.000000e+000, 0.000000e+000
 5.490000e-002,-9.187686e+002, 3.297206e+003,-2.381162e+003, 1.127041e+001,-1.015243e+002,-5.136898e+001, 0.000000e+000, 0.000000e+000, 0.000000e+000, 0.000000e+000
 5.495000e-002,-9.801712e+002, 3.312376e+003,-2.335124e+003, 1.013063e+001,-1.019028e+002,-4.928042e+001, 0.000000e+000, 0.000000e+000, 0.000000e+000, 0.000000e+000
 5.500000e-002,-1.041151e+003, 3.325630e+003,-2.287896e+003, 8.984534e+000,-1.022436e+002,-4.717748e+001, 0.000000e+000, 0.000000e+000, 0.000000e+000, 0.000000e+000
 5.505000e-002,-1.101876e+003, 3.338453e+003,-2.240198e+003, 7.835248e+000,-1.025472e+002,-4.506203e+001, 0.000000e+000, 0.000000e+000, 0.000000e+000, 0.000000e+000
 5.510000e-002,-1.162066e+003, 3.349320e+003,-2.191372e+003, 6.681237e+000,-1.028124e+002,-4.293406e+001, 0.000000e+000, 0.000000e+000, 0.000000e+000, 0.000000e+000
 5.515000e-002,-1.222024e+003, 3.359772e+003,-2.142079e+003, 5.525443e+000,-1.030394e+002,-4.079571e+001, 0.000000e+000, 0.000000e+000, 0.000000e+000, 0.000000e+000
 5.520000e-002,-1.281341e+003, 3.368244e+003,-2.091729e+003, 4.366543e+000,-1.032272e+002,-3.864668e+001, 0.000000e+000, 0.000000e+000, 0.000000e+000, 0.000000e+000
 5.525000e-002,-1.340444e+003, 3.376305e+003,-2.040908e+003, 3.207217e+000,-1.033759e+002,-3.648937e+001, 0.000000e+000, 0.000000e+000, 0.000000e+000, 0.000000e+000
 5.530000e-002,-1.398808e+003, 3.382375e+003,-1.989109e+003, 2.046422e+000,-1.034850e+002,-3.432321e+001, 0.000000e+000, 0.000000e+000, 0.000000e+000, 0.000000e+000
 5.535000e-002,-1.456965e+003, 3.388028e+003,-1.936830e+003, 8.865045e-001,-1.035541e+002,-3.215078e+001, 0.000000e+000, 0.000000e+000, 0.000000e+000, 0.000000e+000
 5.540000e-002,-1.514298e+003, 3.391697e+003,-1.883659e+003,-2.732430e-001,-1.035833e+002,-2.997132e+001, 0.000000e+000, 0.000000e+000, 0.000000e+000, 0.000000e+000
 5.545000e-002,-1.571423e+003, 3.394928e+003,-1.829993e+003,-1.430862e+000,-1.035718e+002,-2.778754e+001, 0.000000e+000, 0.000000e+000, 0.000000e+000, 0.000000e+000
 5.550000e-002,-1.627649e+003, 3.396195e+003,-1.775527e+003,-2.586685e+000,-1.035202e+002,-2.559850e+001, 0.000000e+000, 0.000000e+000, 0.000000e+000, 0.000000e+000
 5.555000e-002,-1.683654e+003, 3.396995e+003,-1.720551e+003,-3.739184e+000,-1.034273e+002,-2.340698e+001, 0.000000e+000, 0.000000e+000, 0.000000e+000, 0.000000e+000
 5.560000e-002,-1.738698e+003, 3.395866e+003,-1.664870e+003,-4.888288e+000,-1.032944e+002,-2.121194e+001, 0.000000e+000, 0.000000e+000, 0.000000e+000, 0.000000e+000
 5.565000e-002,-1.793497e+003, 3.394228e+003,-1.608661e+003,-6.032925e+000,-1.031199e+002,-1.901616e+001, 0.000000e+000, 0.000000e+000, 0.000000e+000, 0.000000e+000
 5.570000e-002,-1.847287e+003, 3.390710e+003,-1.551845e+003,-7.172610e+000,-1.029053e+002,-1.681854e+001, 0.000000e+000, 0.000000e+000, 0.000000e+000, 0.000000e+000
 5.575000e-002,-1.900796e+003, 3.386633e+003,-1.494484e+003,-8.306735e+000,-1.026490e+002,-1.462179e+001, 0.000000e+000, 0.000000e+000, 0.000000e+000, 0.000000e+000
 5.580000e-002,-1.953261e+003, 3.380738e+003,-1.436613e+003,-9.434410e+000,-1.023530e+002,-1.242485e+001, 0.000000e+000, 0.000000e+000, 0.000000e+000, 0.000000e+000
 5.585000e-002,-2.005397e+003, 3.374222e+003,-1.378184e+003,-1.055548e+001,-1.020152e+002,-1.023027e+001, 0.000000e+000, 0.000000e+000, 0.000000e+000, 0.000000e+000
 5.590000e-002,-2.056470e+003, 3.365964e+003,-1.319339e+003,-1.166866e+001,-1.016381e+002,-8.037061e+000, 0.000000e+000, 0.000000e+000, 0.000000e+000, 0.000000e+000
 5.595000e-002,-2.107152e+003, 3.357016e+003,-1.259928e+003,-1.277423e+001,-1.012194e+002,-5.847592e+000, 0.000000e+000, 0.000000e+000, 0.000000e+000, 0.000000e+000
 5.600000e-002,-2.156764e+003, 3.346411e+003,-1.200191e+003,-1.387057e+001,-1.007620e+002,-3.660991e+000, 0.000000e+000, 0.000000e+000, 0.000000e+000, 0.000000e+000
 5.605000e-002,-2.205916e+003, 3.335040e+003,-1.139886e+003,-1.495832e+001,-1.002634e+002,-1.479380e+000, 0.000000e+000, 0.000000e+000, 0.000000e+000, 0.000000e+000
 5.610000e-002,-2.254000e+003, 3.322107e+003,-1.079339e+003,-1.603557e+001,-9.972678e+001, 6.979427e-001, 0.000000e+000, 0.000000e+000, 0.000000e+000, 0.000000e+000
 5.615000e-002,-2.301548e+003, 3.308328e+003,-1.018230e+003,-1.710329e+001,-9.914949e+001, 2.869144e+000, 0.000000e+000, 0.000000e+000, 0.000000e+000, 0.000000e+000
 5.620000e-002,-2.348040e+003, 3.293089e+003,-9.569568e+002,-1.815935e+001,-9.853507e+001, 5.034720e+000, 0.000000e+000, 0.000000e+000, 0.000000e+000, 0.000000e+000
 5.625000e-002,-2.393912e+003, 3.276920e+003,-8.951343e+002,-1.920496e+001,-9.788074e+001, 7.193155e+000, 0.000000e+000, 0.000000e+000, 0.000000e+000, 0.000000e+000
 5.630000e-002,-2.438748e+003, 3.259399e+003,-8.332185e+002,-2.023784e+001,-9.719024e+001, 9.344714e+000, 0.000000e+000, 0.000000e+000, 0.000000e+000, 0.000000e+000
 5.635000e-002,-2.482877e+003, 3.240862e+003,-7.707756e+002,-2.125937e+001,-9.646079e+001, 1.148821e+001, 0.000000e+000, 0.000000e+000, 0.000000e+000, 0.000000e+000
 5.640000e-002,-2.525994e+003, 3.221085e+003,-7.083015e+002,-2.226721e+001,-9.569624e+001, 1.362367e+001, 0.000000e+000, 0.000000e+000, 0.000000e+000, 0.000000e+000
 5.645000e-002,-2.568316e+003, 3.200208e+003,-6.453316e+002,-2.326283e+001,-9.489389e+001, 1.575025e+001, 0.000000e+000, 0.000000e+000, 0.000000e+000, 0.000000e+000
 5.650000e-002,-2.609653e+003, 3.178202e+003,-5.823843e+002,-2.424388e+001,-9.405760e+001, 1.786771e+001, 0.000000e+000, 0.000000e+000, 0.000000e+000, 0.000000e+000
 5.655000e-002,-2.650108e+003, 3.155016e+003,-5.189816e+002,-2.521185e+001,-9.318481e+001, 1.997553e+001, 0.000000e+000, 0.000000e+000, 0.000000e+000, 0.000000e+000
 5.660000e-002,-2.689604e+003, 3.130813e+003,-4.556472e+002,-2.616451e+001,-9.227935e+001, 2.207325e+001, 0.000000e+000, 0.000000e+000, 0.000000e+000, 0.000000e+000
 5.665000e-002,-2.728137e+003, 3.105354e+003,-3.919057e+002,-2.710324e+001,-9.133884e+001, 2.416064e+001, 0.000000e+000, 0.000000e+000, 0.000000e+000, 0.000000e+000
 5.670000e-002,-2.765734e+003, 3.078985e+003,-3.282711e+002,-2.802600e+001,-9.036700e+001, 2.623702e+001, 0.000000e+000, 0.000000e+000, 0.000000e+000, 0.000000e+000
 5.675000e-002,-2.802291e+003, 3.051292e+003,-2.642852e+002,-2.893402e+001,-8.936168e+001, 2.830242e+001, 0.000000e+000, 0.000000e+000, 0.000000e+000, 0.000000e+000
 5.680000e-002,-2.837932e+003, 3.022793e+003,-2.004380e+002,-2.982550e+001,-8.832645e+001, 3.035597e+001, 0.000000e+000, 0.000000e+000, 0.000000e+000, 0.000000e+000
 5.685000e-002,-2.872466e+003, 2.992907e+003,-1.363015e+002,-3.070145e+001,-8.725943e+001, 3.239793e+001, 0.000000e+000, 0.000000e+000, 0.000000e+000, 0.000000e+000
 5.690000e-002,-2.906095e+003, 2.962315e+003,-7.233025e+001,-3.156038e+001,-8.616396e+001, 3.442727e+001, 0.000000e+000, 0.000000e+000, 0.000000e+000, 0.000000e+000
 5.695000e-002,-2.938560e+003, 2.930285e+003,-8.136486e+000,-3.240303e+001,-8.503849e+001, 3.644441e+001, 0.000000e+000, 0.000000e+000, 0.000000e+000, 0.000000e+000
 5.700000e-002,-2.970126e+003, 2.897639e+003, 5.586951e+001,-3.322827e+001,-8.388607e+001, 3.844822e+001, 0.000000e+000, 0.000000e+000, 0.000000e+000, 0.000000e+000
 5.705000e-002,-3.000481e+003, 2.863515e+003, 1.200278e+002,-3.403650e+001,-8.270552e+001, 4.043922e+001, 0.000000e+000, 0.000000e+000, 0.000000e+000, 0.000000e+000
 5.710000e-002,-3.029932e+003, 2.828855e+003, 1.839787e+002,-3.482699e+001,-8.149955e+001, 4.241623e+001, 0.000000e+000, 0.000000e+000, 0.000000e+000, 0.000000e+000
 5.715000e-002,-3.058140e+003, 2.792691e+003, 2.480098e+002,-3.559981e+001,-8.026736e+001, 4.437981e+001, 0.000000e+000, 0.000000e+000, 0.000000e+000, 0.000000e+000
 5.720000e-002,-3.085429e+003, 2.756063e+003, 3.118151e+002,-3.635463e+001,-7.901132e+001, 4.632875e+001, 0.000000e+000, 0.000000e+000, 0.000000e+000, 0.000000e+000
 5.725000e-002,-3.111455e+003, 2.717914e+003, 3.756281e+002,-3.709116e+001,-7.773101e+001, 4.826364e+001, 0.000000e+000, 0.000000e+000, 0.000000e+000, 0.000000e+000
 5.730000e-002,-3.136537e+003, 2.679364e+003, 4.391970e+002,-3.780949e+001,-7.642841e+001, 5.018326e+001, 0.000000e+000, 0.000000e+000, 0.000000e+000, 0.000000e+000
 5.735000e-002,-3.160348e+003, 2.639291e+003, 5.027021e+002,-3.850897e+001,-7.510350e+001, 5.208816e+001, 0.000000e+000, 0.000000e+000, 0.000000e+000, 0.000000e+000
 5.740000e-002,-3.183182e+003, 2.598867e+003, 5.659437e+002,-3.919010e+001,-7.375786e+001, 5.397717e+001, 0.000000e+000, 0.000000e+000, 0.000000e+000, 0.000000e+000
 5.745000e-002,-3.204751e+003, 2.556932e+003, 6.290522e+002,-3.985190e+001,-7.239188e+001, 5.585075e+001, 0.000000e+000, 0.000000e+000, 0.000000e+000, 0.000000e+000
 5.750000e-002,-3.225299e+003, 2.514686e+003, 6.918757e+002,-4.049523e+001,-7.100671e+001, 5.770780e+001, 0.000000e+000, 0.000000e+000, 0.000000e+000, 0.000000e+000
 5.755000e-002,-3.244598e+003, 2.470953e+003, 7.544998e+002,-4.111883e+001,-6.960311e+001, 5.954867e+001, 0.000000e+000, 0.000000e+000, 0.000000e+000, 0.000000e+000
 5.760000e-002,-3.262827e+003, 2.426941e+003, 8.168145e+002,-4.172388e+001,-6.818187e+001, 6.137235e+001, 0.000000e+000, 0.000000e+000, 0.000000e+000, 0.000000e+000
 5.765000e-002,-3.279834e+003, 2.381477e+003, 8.788676e+002,-4.230888e+001,-6.674409e+001, 6.317905e+001, 0.000000e+000, 0.000000e+000, 0.000000e+000, 0.000000e+000
 5.770000e-002,-3.295713e+003, 2.335754e+003, 9.405836e+002,-4.287528e+001,-6.529015e+001, 6.496786e+001, 0.000000e+000, 0.000000e+000, 0.000000e+000, 0.000000e+000
 5.775000e-002,-3.310406e+003, 2.288627e+003, 1.001980e+003,-4.342139e+001,-6.382148e+001, 6.673884e+001, 0.000000e+000, 0.000000e+000, 0.000000e+000, 0.000000e+000
 5.780000e-002,-3.323911e+003, 2.241255e+003, 1.063008e+003,-4.394887e+001,-6.233813e+001, 6.849118e+001, 0.000000e+000, 0.000000e+000, 0.000000e+000, 0.000000e+000
 5.785000e-002,-3.336270e+003, 2.192536e+003, 1.123663e+003,-4.445594e+001,-6.084177e+001, 7.022478e+001, 0.000000e+000, 0.000000e+000, 0.000000e+000, 0.000000e+000
 5.790000e-002,-3.347380e+003, 2.143577e+003, 1.183916e+003,-4.494435e+001,-5.933216e+001, 7.193894e+001, 0.000000e+000, 0.000000e+000, 0.000000e+000, 0.000000e+000
 5.795000e-002,-3.357388e+003, 2.093338e+003, 1.243745e+003,-4.541231e+001,-5.781118e+001, 7.363341e+001, 0.000000e+000, 0.000000e+000, 0.000000e+000, 0.000000e+000
 5.800000e-002,-3.366088e+003, 2.042858e+003, 1.303135e+003,-4.586160e+001,-5.627833e+001, 7.530756e+001, 0.000000e+000, 0.000000e+000, 0.000000e+000, 0.000000e+000
 5.805000e-002,-3.373730e+003, 1.991172e+003, 1.362057e+003,-4.629051e+001,-5.473566e+001, 7.696103e+001, 0.000000e+000, 0.000000e+000, 0.000000e+000, 0.000000e+000
 5.810000e-002,-3.380007e+003, 1.939240e+003, 1.420499e+003,-4.670075e+001,-5.318244e+001, 7.859325e+001, 0.000000e+000, 0.000000e+000, 0.000000e+000, 0.000000e+000
 5.815000e-002,-3.385271e+003, 1.886181e+003, 1.478431e+003,-4.709076e+001,-5.162085e+001, 8.020374e+001, 0.000000e+000, 0.000000e+000, 0.000000e+000, 0.000000e+000
 5.820000e-002,-3.389119e+003, 1.832869e+003, 1.535842e+003,-4.746212e+001,-5.004998e+001, 8.179198e+001, 0.000000e+000, 0.000000e+000, 0.000000e+000, 0.000000e+000
 5.825000e-002,-3.391994e+003, 1.778514e+003, 1.592702e+003,-4.781348e+001,-4.847206e+001, 8.335741e+001, 0.000000e+000, 0.000000e+000, 0.000000e+000, 0.000000e+000
 5.830000e-002,-3.393411e+003, 1.723895e+003, 1.649001e+003,-4.814623e+001,-4.688609e+001, 8.489953e+001, 0.000000e+000, 0.000000e+000, 0.000000e+000, 0.000000e+000
 5.835000e-002,-3.393889e+003, 1.668321e+003, 1.704711e+003,-4.845930e+001,-4.529430e+001, 8.641772e+001, 0.000000e+000, 0.000000e+000, 0.000000e+000, 0.000000e+000
 5.840000e-002,-3.392876e+003, 1.612473e+003, 1.759818e+003,-4.875381e+001,-4.369561e+001, 8.791145e+001, 0.000000e+000, 0.000000e+000, 0.000000e+000, 0.000000e+000
 5.845000e-002,-3.390952e+003, 1.555758e+003, 1.814297e+003,-4.902904e+001,-4.209222e+001, 8.938011e+001, 0.000000e+000, 0.000000e+000, 0.000000e+000, 0.000000e+000
 5.850000e-002,-3.387516e+003, 1.498759e+003, 1.868135e+003,-4.928577e+001,-4.048302e+001, 9.082313e+001, 0.000000e+000, 0.000000e+000, 0.000000e+000, 0.000000e+000
 5.855000e-002,-3.383187e+003, 1.440982e+003, 1.921308e+003,-4.952368e+001,-3.887015e+001, 9.223990e+001, 0.000000e+000, 0.000000e+000, 0.000000e+000, 0.000000e+000
 5.860000e-002,-3.377337e+003, 1.382914e+003, 1.973801e+003,-4.974319e+001,-3.725250e+001, 9.362978e+001, 0.000000e+000, 0.000000e+000, 0.000000e+000, 0.000000e+000
 5.865000e-002,-3.370605e+003, 1.324156e+003, 2.025590e+003,-4.994437e+001,-3.563209e+001, 9.499222e+001, 0.000000e+000, 0.000000e+000, 0.000000e+000, 0.000000e+000
 5.870000e-002,-3.362355e+003, 1.265102e+003, 2.076667e+003,-5.012730e+001,-3.400788e+001, 9.632647e+001, 0.000000e+000, 0.000000e+000, 0.000000e+000, 0.000000e+000
 5.875000e-002,-3.353223e+003, 1.205443e+003, 2.126998e+003,-5.029243e+001,-3.238174e+001, 9.763208e+001, 0.000000e+000, 0.000000e+000, 0.000000e+000, 0.000000e+000
 5.880000e-002,-3.342590e+003, 1.145489e+003, 2.176587e+003,-5.043949e+001,-3.075270e+001, 9.890818e+001, 0.000000e+000, 0.000000e+000, 0.000000e+000, 0.000000e+000
 5.885000e-002,-3.331065e+003, 1.085012e+003, 2.225387e+003,-5.056930e+001,-2.912250e+001, 1.001544e+002, 0.000000e+000, 0.000000e+000, 0.000000e+000, 0.000000e+000
 5.890000e-002,-3.318071e+003, 1.024243e+003, 2.273420e+003,-5.068125e+001,-2.749026e+001, 1.013698e+002, 0.000000e+000, 0.000000e+000, 0.000000e+000, 0.000000e+000
 5.895000e-002,-3.304165e+003, 9.630320e+002, 2.320619e+003,-5.077653e+001,-2.585752e+001, 1.025541e+002, 0.000000e+000, 0.000000e+000, 0.000000e+000, 0.000000e+000
 5.900000e-002,-3.288831e+003, 9.015375e+002, 2.367030e+003,-5.085419e+001,-2.422355e+001, 1.037062e+002, 0.000000e+000, 0.000000e+000, 0.000000e+000, 0.000000e+000
 5.905000e-002,-3.272560e+003, 8.396759e+002, 2.412560e+003,-5.091575e+001,-2.258971e+001, 1.048260e+002, 0.000000e+000, 0.000000e+000, 0.000000e+000, 0.000000e+000
 5.910000e-002,-3.254913e+003, 7.775449e+002, 2.457283e+003,-5.095998e+001,-2.095537e+001, 1.059123e+002, 0.000000e+000, 0.000000e+000, 0.000000e+000, 0.000000e+000
 5.915000e-002,-3.236296e+003, 7.151182e+002, 2.501077e+003,-5.098866e+001,-1.932175e+001, 1.069650e+002, 0.000000e+000, 0.000000e+000, 0.000000e+000, 0.000000e+000
 5.920000e-002,-3.216364e+003, 6.524409e+002, 2.544053e+003,-5.100035e+001,-1.768834e+001, 1.079829e+002, 0.000000e+000, 0.000000e+000, 0.000000e+000, 0.000000e+000
 5.925000e-002,-3.195425e+003, 5.895353e+002, 2.586048e+003,-5.099700e+001,-1.605617e+001, 1.089661e+002, 0.000000e+000, 0.000000e+000, 0.000000e+000, 0.000000e+000
 5.930000e-002,-3.173238e+003, 5.264025e+002, 2.627216e+003,-5.097704e+001,-1.442486e+001, 1.099131e+002, 0.000000e+000, 0.000000e+000, 0.000000e+000, 0.000000e+000
 5.935000e-002,-3.150007e+003, 4.631051e+002, 2.667352e+003,-5.094251e+001,-1.279530e+001, 1.108242e+002, 0.000000e+000, 0.000000e+000, 0.000000e+000, 0.000000e+000
 5.940000e-002,-3.125596e+003, 3.996082e+002, 2.706654e+003,-5.089179e+001,-1.116722e+001, 1.116980e+002, 0.000000e+000, 0.000000e+000, 0.000000e+000, 0.000000e+000
 5.945000e-002,-3.100105e+003, 3.360070e+002, 2.744873e+003,-5.082692e+001,-9.541369e+000, 1.125346e+002, 0.000000e+000, 0.000000e+000, 0.000000e+000, 0.000000e+000
 5.950000e-002,-3.073508e+003, 2.722379e+002, 2.782253e+003,-5.074628e+001,-7.917578e+000, 1.133327e+002, 0.000000e+000, 0.000000e+000, 0.000000e+000, 0.000000e+000
 5.955000e-002,-3.045794e+003, 2.084213e+002, 2.818501e+003,-5.065187e+001,-6.296474e+000, 1.140926e+002, 0.000000e+000, 0.000000e+000, 0.000000e+000, 0.000000e+000
 5.960000e-002,-3.017045e+003, 1.444719e+002, 2.853906e+003,-5.054217e+001,-4.677985e+000, 1.148129e+002, 0.000000e+000, 0.000000e+000, 0.000000e+000, 0.000000e+000
 5.965000e-002,-2.987151e+003, 8.052924e+001, 2.888134e+003,-5.041898e+001,-3.062633e+000, 1.154938e+002, 0.000000e+000, 0.000000e+000, 0.000000e+000, 0.000000e+000
 5.970000e-002,-2.956289e+003, 1.649153e+001, 2.921511e+003,-5.028097e+001,-1.450423e+000, 1.161341e+002, 0.000000e+000, 0.000000e+000, 0.000000e+000, 0.000000e+000
 5.975000e-002,-2.924260e+003,-4.748742e+001, 2.953671e+003,-5.012973e+001, 1.582012e-001, 1.167339e+002, 0.000000e+000, 0.000000e+000, 0.000000e+000, 0.000000e+000
 5.980000e-002,-2.891327e+003,-1.115216e+002, 2.984972e+003,-4.996413e+001, 1.763175e+000, 1.172923e+002, 0.000000e+000, 0.000000e+000, 0.000000e+000, 0.000000e+000
 5.985000e-002,-2.857213e+003,-1.754467e+002, 3.015020e+003,-4.978548e+001, 3.364116e+000, 1.178091e+002, 0.000000e+000, 0.000000e+000, 0.000000e+000, 0.000000e+000
 5.990000e-002,-2.822251e+003,-2.393856e+002, 3.044197e+003,-4.959292e+001, 4.960911e+000, 1.182836e+002, 0.000000e+000, 0.000000e+000, 0.000000e+000, 0.000000e+000
 5.995000e-002,-2.786106e+003,-3.031667e+002, 3.072094e+003,-4.938743e+001, 6.553221e+000, 1.187156e+002, 0.000000e+000, 0.000000e+000, 0.000000e+000, 0.000000e+000
 6.000000e-002,-2.749160e+003,-3.669190e+002, 3.099103e+003,-4.916846e+001, 8.140898e+000, 1.191046e+002, 0.000000e+000, 0.000000e+000, 0.000000e+000, 0.000000e+000
 6.005000e-002,-2.711040e+003,-4.304658e+002, 3.124811e+003,-4.893663e+001, 9.723629e+000, 1.194502e+002, 0.000000e+000, 0.000000e+000, 0.000000e+000, 0.000000e+000
 6.010000e-002,-2.672158e+003,-4.939405e+002, 3.149610e+003,-4.869171e+001, 1.130124e+001, 1.197522e+002, 0.000000e+000, 0.000000e+000, 0.000000e+000, 0.000000e+000
 6.015000e-002,-2.632125e+003,-5.571627e+002, 3.173096e+003,-4.843393e+001, 1.287345e+001, 1.200099e+002, 0.000000e+000, 0.000000e+000, 0.000000e+000, 0.000000e+000
 6.020000e-002,-2.591357e+003,-6.202695e+002, 3.195646e+003,-4.816341e+001, 1.444005e+001, 1.202234e+002, 0.000000e+000, 0.000000e+000, 0.000000e+000, 0.000000e+000
 6.025000e-002,-2.549471e+003,-6.830772e+002, 3.216881e+003,-4.787999e+001, 1.600076e+001, 1.203920e+002, 0.000000e+000, 0.000000e+000, 0.000000e+000, 0.000000e+000
 6.030000e-002,-2.506872e+003,-7.457263e+002, 3.237146e+003,-4.758413e+001, 1.755538e+001, 1.205159e+002, 0.000000e+000, 0.000000e+000, 0.000000e+000, 0.000000e+000
 6.035000e-002,-2.463199e+003,-8.080303e+002, 3.256103e+003,-4.727527e+001, 1.910363e+001, 1.205943e+002, 0.000000e+000, 0.000000e+000, 0.000000e+000, 0.000000e+000
 6.040000e-002,-2.418824e+003,-8.701325e+002, 3.274050e+003,-4.695421e+001, 2.064530e+001, 1.206277e+002, 0.000000e+000, 0.000000e+000, 0.000000e+000, 0.000000e+000
 6.045000e-002,-2.373432e+003,-9.318440e+002, 3.290704e+003,-4.662004e+001, 2.218009e+001, 1.206149e+002, 0.000000e+000, 0.000000e+000, 0.000000e+000, 0.000000e+000
 6.050000e-002,-2.327339e+003,-9.933110e+002, 3.306305e+003,-4.627381e+001, 2.370781e+001, 1.205569e+002, 0.000000e+000, 0.000000e+000, 0.000000e+000, 0.000000e+000
 6.055000e-002,-2.280297e+003,-1.054342e+003, 3.320636e+003,-4.591434e+001, 2.522814e+001, 1.204524e+002, 0.000000e+000, 0.000000e+000, 0.000000e+000, 0.000000e+000
 6.060000e-002,-2.232550e+003,-1.115087e+003, 3.333865e+003,-4.554288e+001, 2.674089e+001, 1.203025e+002, 0.000000e+000, 0.000000e+000, 0.000000e+000, 0.000000e+000
 6.065000e-002,-2.183928e+003,-1.175351e+003, 3.345855e+003,-4.515803e+001, 2.824575e+001, 1.201058e+002, 0.000000e+000, 0.000000e+000, 0.000000e+000, 0.000000e+000
 6.070000e-002,-2.134593e+003,-1.235286e+003, 3.356690e+003,-4.476120e+001, 2.974249e+001, 1.198636e+002, 0.000000e+000, 0.000000e+000, 0.000000e+000, 0.000000e+000
 6.075000e-002,-2.084461e+003,-1.294697e+003, 3.366324e+003,-4.435080e+001, 3.123083e+001, 1.195744e+002, 0.000000e+000, 0.000000e+000, 0.000000e+000, 0.000000e+000
 6.080000e-002,-2.033607e+003,-1.353737e+003, 3.374748e+003,-4.392834e+001, 3.271052e+001, 1.192399e+002, 0.000000e+000, 0.000000e+000, 0.000000e+000, 0.000000e+000
 6.085000e-002,-1.982039e+003,-1.412211e+003, 3.382013e+003,-4.349216e+001, 3.418128e+001, 1.188583e+002, 0.000000e+000, 0.000000e+000, 0.000000e+000, 0.000000e+000
 6.090000e-002,-1.929738e+003,-1.470273e+003, 3.388013e+003,-4.304376e+001, 3.564284e+001, 1.184314e+002, 0.000000e+000, 0.000000e+000, 0.000000e+000, 0.000000e+000
 6.095000e-002,-1.876808e+003,-1.527727e+003, 3.392898e+003,-4.258148e+001, 3.709494e+001, 1.179576e+002, 0.000000e+000, 0.000000e+000, 0.000000e+000, 0.000000e+000
 6.100000e-002,-1.823135e+003,-1.584726e+003, 3.396465e+003,-4.210674e+001, 3.853728e+001, 1.174387e+002, 0.000000e+000, 0.000000e+000, 0.000000e+000, 0.000000e+000
 6.105000e-002,-1.768916e+003,-1.641078e+003, 3.398964e+003,-4.161799e+001, 3.996962e+001, 1.168731e+002, 0.000000e+000, 0.000000e+000, 0.000000e+000, 0.000000e+000
 6.110000e-002,-1.713951e+003,-1.696934e+003, 3.400092e+003,-4.111650e+001, 4.139162e+001, 1.162628e+002, 0.000000e+000, 0.000000e+000, 0.000000e+000, 0.000000e+000
 6.115000e-002,-1.658517e+003,-1.752105e+003, 3.400198e+003,-4.060086e+001, 4.280309e+001, 1.156063e+002, 0.000000e+000, 0.000000e+000, 0.000000e+000, 0.000000e+000
 6.120000e-002,-1.602341e+003,-1.806737e+003, 3.398889e+003,-4.007214e+001, 4.420362e+001, 1.149054e+002, 0.000000e+000, 0.000000e+000, 0.000000e+000, 0.000000e+000
 6.125000e-002,-1.545769e+003,-1.860649e+003, 3.396600e+003,-3.952919e+001, 4.559307e+001, 1.141588e+002, 0.000000e+000, 0.000000e+000, 0.000000e+000, 0.000000e+000
 6.130000e-002,-1.488466e+003,-1.913979e+003, 3.392856e+003,-3.897276e+001, 4.697100e+001, 1.133683e+002, 0.000000e+000, 0.000000e+000, 0.000000e+000, 0.000000e+000
 6.135000e-002,-1.430831e+003,-1.966555e+003, 3.388173e+003,-3.840203e+001, 4.833728e+001, 1.125329e+002, 0.000000e+000, 0.000000e+000, 0.000000e+000, 0.000000e+000
 6.140000e-002,-1.372487e+003,-2.018507e+003, 3.382002e+003,-3.781743e+001, 4.969143e+001, 1.116541e+002, 0.000000e+000, 0.000000e+000, 0.000000e+000, 0.000000e+000
 6.145000e-002,-1.313866e+003,-2.069673e+003, 3.374927e+003,-3.721849e+001, 5.103337e+001, 1.107313e+002, 0.000000e+000, 0.000000e+000, 0.000000e+000, 0.000000e+000
 6.150000e-002,-1.254571e+003,-2.120171e+003, 3.366342e+003,-3.660527e+001, 5.236256e+001, 1.097658e+002, 0.000000e+000, 0.000000e+000, 0.000000e+000, 0.000000e+000
 6.155000e-002,-1.195041e+003,-2.169855e+003, 3.356880e+003,-3.597771e+001, 5.367896e+001, 1.087573e+002, 0.000000e+000, 0.000000e+000, 0.000000e+000, 0.000000e+000
 6.160000e-002,-1.134884e+003,-2.218828e+003, 3.345897e+003,-3.533548e+001, 5.498198e+001, 1.077068e+002, 0.000000e+000, 0.000000e+000, 0.000000e+000, 0.000000e+000
 6.165000e-002,-1.074524e+003,-2.266959e+003, 3.334057e+003,-3.467893e+001, 5.627162e+001, 1.066145e+002, 0.000000e+000, 0.000000e+000, 0.000000e+000, 0.000000e+000
 6.170000e-002,-1.013596e+003,-2.314335e+003, 3.320696e+003,-3.400734e+001, 5.754726e+001, 1.054811e+002, 0.000000e+000, 0.000000e+000, 0.000000e+000, 0.000000e+000
 6.175000e-002,-9.524860e+002,-2.360846e+003, 3.306490e+003,-3.332152e+001, 5.880890e+001, 1.043071e+002, 0.000000e+000, 0.000000e+000, 0.000000e+000, 0.000000e+000
 6.180000e-002,-8.908798e+002,-2.406559e+003, 3.290773e+003,-3.262033e+001, 6.005590e+001, 1.030931e+002, 0.000000e+000, 0.000000e+000, 0.000000e+000, 0.000000e+000
 6.185000e-002,-8.291005e+002,-2.451383e+003, 3.274215e+003,-3.190502e+001, 6.128828e+001, 1.018399e+002, 0.000000e+000, 0.000000e+000, 0.000000e+000, 0.000000e+000
 6.190000e-002,-7.669089e+002,-2.495366e+003, 3.256171e+003,-3.117410e+001, 6.250537e+001, 1.005477e+002, 0.000000e+000, 0.000000e+000, 0.000000e+000, 0.000000e+000
 6.195000e-002,-7.045426e+002,-2.538440e+003, 3.237280e+003,-3.042918e+001, 6.370719e+001, 9.921777e+001, 0.000000e+000, 0.000000e+000, 0.000000e+000, 0.000000e+000
 6.200000e-002,-6.418586e+002,-2.580631e+003, 3.216937e+003,-2.966849e+001, 6.489307e+001, 9.785012e+001, 0.000000e+000, 0.000000e+000, 0.000000e+000, 0.000000e+000
 6.205000e-002,-5.789890e+002,-2.621892e+003, 3.195735e+003,-2.889399e+001, 6.606301e+001, 9.644637e+001, 0.000000e+000, 0.000000e+000, 0.000000e+000, 0.000000e+000
 6.210000e-002,-5.159054e+002,-2.662231e+003, 3.173126e+003,-2.810364e+001, 6.721635e+001, 9.500620e+001, 0.000000e+000, 0.000000e+000, 0.000000e+000, 0.000000e+000
 6.215000e-002,-4.526177e+002,-2.701621e+003, 3.149639e+003,-2.729970e+001, 6.835307e+001, 9.353159e+001, 0.000000e+000, 0.000000e+000, 0.000000e+000, 0.000000e+000
 6.220000e-002,-3.892272e+002,-2.740050e+003, 3.124799e+003,-2.647996e+001, 6.947250e+001, 9.202200e+001, 0.000000e+000, 0.000000e+000, 0.000000e+000, 0.000000e+000
 6.225000e-002,-3.256083e+002,-2.777512e+003, 3.099058e+003,-2.564687e+001, 7.057462e+001, 9.047972e+001, 0.000000e+000, 0.000000e+000, 0.000000e+000, 0.000000e+000
 6.230000e-002,-2.620024e+002,-2.813978e+003, 3.072025e+003,-2.479815e+001, 7.165878e+001, 8.890405e+001, 0.000000e+000, 0.000000e+000, 0.000000e+000, 0.000000e+000
 6.235000e-002,-1.981408e+002,-2.849458e+003, 3.044063e+003,-2.393637e+001, 7.272489e+001, 8.729744e+001, 0.000000e+000, 0.000000e+000, 0.000000e+000, 0.000000e+000
 6.240000e-002,-1.344104e+002,-2.883908e+003, 3.014877e+003,-2.305924e+001, 7.377235e+001, 8.565912e+001, 0.000000e+000, 0.000000e+000, 0.000000e+000, 0.000000e+000
 6.245000e-002,-7.039602e+001,-2.917354e+003, 2.984732e+003,-2.216940e+001, 7.480102e+001, 8.399170e+001, 0.000000e+000, 0.000000e+000, 0.000000e+000, 0.000000e+000
 6.250000e-002,-6.630777e+000,-2.949740e+003, 2.953435e+003,-2.126461e+001, 7.581034e+001, 8.229434e+001, 0.000000e+000, 0.000000e+000, 0.000000e+000, 0.000000e+000
 6.255000e-002, 5.744484e+001,-2.981105e+003, 2.921150e+003,-2.034751e+001, 7.680011e+001, 8.056973e+001, 0.000000e+000, 0.000000e+000, 0.000000e+000, 0.000000e+000
 6.260000e-002, 1.211564e+002,-3.011382e+003, 2.887787e+003,-1.941601e+001, 7.776982e+001, 7.881705e+001, 0.000000e+000, 0.000000e+000, 0.000000e+000, 0.000000e+000
 6.265000e-002, 1.852005e+002,-3.040618e+003, 2.853407e+003,-1.847261e+001, 7.871921e+001, 7.703900e+001, 0.000000e+000, 0.000000e+000, 0.000000e+000, 0.000000e+000
 6.270000e-002, 2.487713e+002,-3.068743e+003, 2.818025e+003,-1.751550e+001, 7.964781e+001, 7.523483e+001, 0.000000e+000, 0.000000e+000, 0.000000e+000, 0.000000e+000
 6.275000e-002, 3.126900e+002,-3.095809e+003, 2.781600e+003,-1.654697e+001, 8.055529e+001, 7.340716e+001, 0.000000e+000, 0.000000e+000, 0.000000e+000, 0.000000e+000
 6.280000e-002, 3.760342e+002,-3.121743e+003, 2.744248e+003,-1.556555e+001, 8.144127e+001, 7.155536e+001, 0.000000e+000, 0.000000e+000, 0.000000e+000, 0.000000e+000
 6.285000e-002, 4.397327e+002,-3.146599e+003, 2.705832e+003,-1.457323e+001, 8.230531e+001, 6.968196e+001, 0.000000e+000, 0.000000e+000, 0.000000e+000, 0.000000e+000
 6.290000e-002, 5.027657e+002,-3.170306e+003, 2.666560e+003,-1.356895e+001, 8.314711e+001, 6.778648e+001, 0.000000e+000, 0.000000e+000, 0.000000e+000, 0.000000e+000
 6.295000e-002, 5.661487e+002,-3.192914e+003, 2.626210e+003,-1.255437e+001, 8.396616e+001, 6.587126e+001, 0.000000e+000, 0.000000e+000, 0.000000e+000, 0.000000e+000
 6.300000e-002, 6.287871e+002,-3.214361e+003, 2.585073e+003,-1.152886e+001, 8.476222e+001, 6.393604e+001, 0.000000e+000, 0.000000e+000, 0.000000e+000, 0.000000e+000
 6.305000e-002, 6.917589e+002,-3.234688e+003, 2.542849e+003,-1.049370e+001, 8.553472e+001, 6.198294e+001, 0.000000e+000, 0.000000e+000, 0.000000e+000, 0.000000e+000
 6.310000e-002, 7.539207e+002,-3.253845e+003, 2.499901e+003,-9.448760e+000, 8.628347e+001, 6.001191e+001, 0.000000e+000, 0.000000e+000, 0.000000e+000, 0.000000e+000
 6.315000e-002, 8.163858e+002,-3.271862e+003, 2.455868e+003,-8.394886e+000, 8.700784e+001, 5.802483e+001, 0.000000e+000, 0.000000e+000, 0.000000e+000, 0.000000e+000
 6.320000e-002, 8.779897e+002,-3.288703e+003, 2.411166e+003,-7.332464e+000, 8.770770e+001, 5.602189e+001, 0.000000e+000, 0.000000e+000, 0.000000e+000, 0.000000e+000
 6.325000e-002, 9.398530e+002,-3.304383e+003, 2.365391e+003,-6.261894e+000, 8.838236e+001, 5.400470e+001, 0.000000e+000, 0.000000e+000, 0.000000e+000, 0.000000e+000
 6.330000e-002, 1.000819e+003,-3.318883e+003, 2.318996e+003,-5.184081e+000, 8.903176e+001, 5.197368e+001, 0.000000e+000, 0.000000e+000, 0.000000e+000, 0.000000e+000
 6.335000e-002, 1.061986e+003,-3.332202e+003, 2.271548e+003,-4.098979e+000, 8.965515e+001, 4.993016e+001, 0.000000e+000, 0.000000e+000, 0.000000e+000, 0.000000e+000
 6.340000e-002, 1.122234e+003,-3.344343e+003, 2.223522e+003,-3.008000e+000, 9.025252e+001, 4.787481e+001, 0.000000e+000, 0.000000e+000, 0.000000e+000, 0.000000e+000
 6.345000e-002, 1.182612e+003,-3.355281e+003, 2.174473e+003,-1.910666e+000, 9.082309e+001, 4.580865e+001, 0.000000e+000, 0.000000e+000, 0.000000e+000, 0.000000e+000
 6.350000e-002, 1.242064e+003,-3.365045e+003, 2.124882e+003,-8.088630e-001, 9.136689e+001, 4.373261e+001, 0.000000e+000, 0.000000e+000, 0.000000e+000, 0.000000e+000
 6.355000e-002, 1.301562e+003,-3.373587e+003, 2.074305e+003, 2.982850e-001, 9.188311e+001, 4.164739e+001, 0.000000e+000, 0.000000e+000, 0.000000e+000, 0.000000e+000
 6.360000e-002, 1.360137e+003,-3.380960e+003, 2.023215e+003, 1.408464e+000, 9.237182e+001, 3.955415e+001, 0.000000e+000, 0.000000e+000, 0.000000e+000, 0.000000e+000
 6.365000e-002, 1.418666e+003,-3.387093e+003, 1.971188e+003, 2.522901e+000, 9.283221e+001, 3.745331e+001, 0.000000e+000, 0.000000e+000, 0.000000e+000, 0.000000e+000
 6.370000e-002, 1.476288e+003,-3.392066e+003, 1.918670e+003, 3.638918e+000, 9.326435e+001, 3.534622e+001, 0.000000e+000, 0.000000e+000, 0.000000e+000, 0.000000e+000
 6.375000e-002, 1.533759e+003,-3.395780e+003, 1.865269e+003, 4.758033e+000, 9.366745e+001, 3.323304e+001, 0.000000e+000, 0.000000e+000, 0.000000e+000, 0.000000e+000
 6.380000e-002, 1.590350e+003,-3.398345e+003, 1.811395e+003, 5.877277e+000, 9.404161e+001, 3.111529e+001, 0.000000e+000, 0.000000e+000, 0.000000e+000, 0.000000e+000
 6.385000e-002, 1.646679e+003,-3.399635e+003, 1.756699e+003, 6.998383e+000, 9.438603e+001, 2.899289e+001, 0.000000e+000, 0.000000e+000, 0.000000e+000, 0.000000e+000
 6.390000e-002, 1.702161e+003,-3.399789e+003, 1.701545e+003, 8.118182e+000, 9.470085e+001, 2.686747e+001, 0.000000e+000, 0.000000e+000, 0.000000e+000, 0.000000e+000
 6.395000e-002, 1.757267e+003,-3.398654e+003, 1.645635e+003, 9.238540e+000, 9.498527e+001, 2.473879e+001, 0.000000e+000, 0.000000e+000, 0.000000e+000, 0.000000e+000
 6.400000e-002, 1.811563e+003,-3.396396e+003, 1.589278e+003, 1.035618e+001, 9.523945e+001, 2.260852e+001, 0.000000e+000, 0.000000e+000, 0.000000e+000, 0.000000e+000
 6.405000e-002, 1.865367e+003,-3.392836e+003, 1.532235e+003, 1.147301e+001, 9.546262e+001, 2.047629e+001, 0.000000e+000, 0.000000e+000, 0.000000e+000, 0.000000e+000
 6.410000e-002, 1.918399e+003,-3.388169e+003, 1.474755e+003, 1.258574e+001, 9.565498e+001, 1.834380e+001, 0.000000e+000, 0.000000e+000, 0.000000e+000, 0.000000e+000
 6.415000e-002, 1.970824e+003,-3.382191e+003, 1.416662e+003, 1.369623e+001, 9.581575e+001, 1.621057e+001, 0.000000e+000, 0.000000e+000, 0.000000e+000, 0.000000e+000
 6.420000e-002, 2.022517e+003,-3.375123e+003, 1.358141e+003, 1.480129e+001, 9.594515e+001, 1.407829e+001, 0.000000e+000, 0.000000e+000, 0.000000e+000, 0.000000e+000
 6.425000e-002, 2.073492e+003,-3.366733e+003, 1.299082e+003, 1.590265e+001, 9.604247e+001, 1.194641e+001, 0.000000e+000, 0.000000e+000, 0.000000e+000, 0.000000e+000
 6.430000e-002, 2.123768e+003,-3.357274e+003, 1.239603e+003, 1.699727e+001, 9.610793e+001, 9.816568e+000, 0.000000e+000, 0.000000e+000, 0.000000e+000, 0.000000e+000
 6.435000e-002, 2.173223e+003,-3.346486e+003, 1.179661e+003, 1.808669e+001, 9.614086e+001, 7.688202e+000, 0.000000e+000, 0.000000e+000, 0.000000e+000, 0.000000e+000
 6.440000e-002, 2.222008e+003,-3.334648e+003, 1.119311e+003, 1.916813e+001, 9.614150e+001, 5.562854e+000, 0.000000e+000, 0.000000e+000, 0.000000e+000, 0.000000e+000
 6.445000e-002, 2.269878e+003,-3.321477e+003, 1.058571e+003, 2.024283e+001, 9.610921e+001, 3.439975e+000, 0.000000e+000, 0.000000e+000, 0.000000e+000, 0.000000e+000
 6.450000e-002, 2.317098e+003,-3.307278e+003, 9.974375e+002, 2.130834e+001, 9.604427e+001, 1.320992e+000, 0.000000e+000, 0.000000e+000, 0.000000e+000, 0.000000e+000
 6.455000e-002, 2.363318e+003,-3.291743e+003, 9.359860e+002, 2.236559e+001, 9.594608e+001,-7.945989e-001, 0.000000e+000, 0.000000e+000, 0.000000e+000, 0.000000e+000
 6.460000e-002, 2.408900e+003,-3.275204e+003, 8.741572e+002, 2.341250e+001, 9.581494e+001,-2.905508e+000, 0.000000e+000, 0.000000e+000, 0.000000e+000, 0.000000e+000
 6.465000e-002, 2.453412e+003,-3.257326e+003, 8.120800e+002, 2.444960e+001, 9.565029e+001,-5.012169e+000, 0.000000e+000, 0.000000e+000, 0.000000e+000, 0.000000e+000
 6.470000e-002, 2.497285e+003,-3.238470e+003, 7.496462e+002, 2.547527e+001, 9.545247e+001,-7.113444e+000, 0.000000e+000, 0.000000e+000, 0.000000e+000, 0.000000e+000
 6.475000e-002, 2.540031e+003,-3.218276e+003, 6.870303e+002, 2.648960e+001, 9.522096e+001,-9.209677e+000, 0.000000e+000, 0.000000e+000, 0.000000e+000, 0.000000e+000
 6.480000e-002, 2.582126e+003,-3.197129e+003, 6.240825e+002, 2.749145e+001, 9.495613e+001,-1.129989e+001, 0.000000e+000, 0.000000e+000, 0.000000e+000, 0.000000e+000
 6.485000e-002, 2.623052e+003,-3.174648e+003, 5.610154e+002, 2.848048e+001, 9.465752e+001,-1.338432e+001, 0.000000e+000, 0.000000e+000, 0.000000e+000, 0.000000e+000
 6.490000e-002, 2.663303e+003,-3.151242e+003, 4.976453e+002, 2.945600e+001, 9.432549e+001,-1.546214e+001, 0.000000e+000, 0.000000e+000, 0.000000e+000, 0.000000e+000
 6.495000e-002, 2.702356e+003,-3.126506e+003, 4.342148e+002, 3.041726e+001, 9.395968e+001,-1.753349e+001, 0.000000e+000, 0.000000e+000, 0.000000e+000, 0.000000e+000
 6.500000e-002, 2.740699e+003,-3.100872e+003, 3.705147e+002, 3.136404e+001, 9.356046e+001,-1.959770e+001, 0.000000e+000, 0.000000e+000, 0.000000e+000, 0.000000e+000
 6.505000e-002, 2.777831e+003,-3.073917e+003, 3.068092e+002, 3.229519e+001, 9.312751e+001,-2.165477e+001, 0.000000e+000, 0.000000e+000, 0.000000e+000, 0.000000e+000
 6.510000e-002, 2.814206e+003,-3.046094e+003, 2.428717e+002, 3.321090e+001, 9.266124e+001,-2.370418e+001, 0.000000e+000, 0.000000e+000, 0.000000e+000, 0.000000e+000
 6.515000e-002, 2.849368e+003,-3.016957e+003, 1.789799e+002, 3.410967e+001, 9.216141e+001,-2.574583e+001, 0.000000e+000, 0.000000e+000, 0.000000e+000, 0.000000e+000
 6.520000e-002, 2.883717e+003,-2.986983e+003, 1.148976e+002, 3.499211e+001, 9.162842e+001,-2.777932e+001, 0.000000e+000, 0.000000e+000, 0.000000e+000, 0.000000e+000
 6.525000e-002, 2.916865e+003,-2.955709e+003, 5.090871e+001, 3.585639e+001, 9.106210e+001,-2.980442e+001, 0.000000e+000, 0.000000e+000, 0.000000e+000, 0.000000e+000
 6.530000e-002, 2.949134e+003,-2.923626e+003,-1.322579e+001, 3.670345e+001, 9.046288e+001,-3.182086e+001, 0.000000e+000, 0.000000e+000, 0.000000e+000, 0.000000e+000
 6.535000e-002, 2.980225e+003,-2.890259e+003,-7.722253e+001, 3.753123e+001, 8.983067e+001,-3.382829e+001, 0.000000e+000, 0.000000e+000, 0.000000e+000, 0.000000e+000
 6.540000e-002, 3.010365e+003,-2.856113e+003,-1.413169e+002, 3.834094e+001, 8.916587e+001,-3.582654e+001, 0.000000e+000, 0.000000e+000, 0.000000e+000, 0.000000e+000
 6.545000e-002, 3.039356e+003,-2.820701e+003,-2.052320e+002, 3.913036e+001, 8.846851e+001,-3.781516e+001, 0.000000e+000, 0.000000e+000, 0.000000e+000, 0.000000e+000
 6.550000e-002, 3.067322e+003,-2.784540e+003,-2.691942e+002, 3.990089e+001, 8.773898e+001,-3.979405e+001, 0.000000e+000, 0.000000e+000, 0.000000e+000, 0.000000e+000
 6.555000e-002, 3.094173e+003,-2.747135e+003,-3.329382e+002, 4.065023e+001, 8.697741e+001,-4.176266e+001, 0.000000e+000, 0.000000e+000, 0.000000e+000, 0.000000e+000
 6.560000e-002, 3.119924e+003,-2.709010e+003,-3.966769e+002, 4.137989e+001, 8.618413e+001,-4.372095e+001, 0.000000e+000, 0.000000e+000, 0.000000e+000, 0.000000e+000
 6.565000e-002, 3.144597e+003,-2.669665e+003,-4.601604e+002, 4.208760e+001, 8.535943e+001,-4.566829e+001, 0.000000e+000, 0.000000e+000, 0.000000e+000, 0.000000e+000
 6.570000e-002, 3.168096e+003,-2.629629e+003,-5.235847e+002, 4.277485e+001, 8.450359e+001,-4.760466e+001, 0.000000e+000, 0.000000e+000, 0.000000e+000, 0.000000e+000
 6.575000e-002, 3.190555e+003,-2.588404e+003,-5.867186e+002, 4.343951e+001, 8.361702e+001,-4.952938e+001, 0.000000e+000, 0.000000e+000, 0.000000e+000, 0.000000e+000
 6.580000e-002, 3.211770e+003,-2.546512e+003,-6.497383e+002, 4.408300e+001, 8.269993e+001,-5.144241e+001, 0.000000e+000, 0.000000e+000, 0.000000e+000, 0.000000e+000
 6.585000e-002, 3.231980e+003,-2.503466e+003,-7.124337e+002, 4.470336e+001, 8.175291e+001,-5.334303e+001, 0.000000e+000, 0.000000e+000, 0.000000e+000, 0.000000e+000
 6.590000e-002, 3.250884e+003,-2.459776e+003,-7.749597e+002, 4.530189e+001, 8.077606e+001,-5.523120e+001, 0.000000e+000, 0.000000e+000, 0.000000e+000, 0.000000e+000
 6.595000e-002, 3.268812e+003,-2.414974e+003,-8.371284e+002, 4.587689e+001, 7.977017e+001,-5.710613e+001, 0.000000e+000, 0.000000e+000, 0.000000e+000, 0.000000e+000
 6.600000e-002, 3.285380e+003,-2.369546e+003,-8.990722e+002, 4.642944e+001, 7.873522e+001,-5.896778e+001, 0.000000e+000, 0.000000e+000, 0.000000e+000, 0.000000e+000
 6.605000e-002, 3.300998e+003,-2.323053e+003,-9.606266e+002, 4.695819e+001, 7.767219e+001,-6.081530e+001, 0.000000e+000, 0.000000e+000, 0.000000e+000, 0.000000e+000
 6.610000e-002, 3.315211e+003,-2.275951e+003,-1.021901e+003, 4.746393e+001, 7.658092e+001,-6.264862e+001, 0.000000e+000, 0.000000e+000, 0.000000e+000, 0.000000e+000
 6.615000e-002, 3.328490e+003,-2.227834e+003,-1.082754e+003, 4.794572e+001, 7.546262e+001,-6.446686e+001, 0.000000e+000, 0.000000e+000, 0.000000e+000, 0.000000e+000
 6.620000e-002, 3.340333e+003,-2.179123e+003,-1.143273e+003, 4.840401e+001, 7.431699e+001,-6.626991e+001, 0.000000e+000, 0.000000e+000, 0.000000e+000, 0.000000e+000
 6.625000e-002, 3.351248e+003,-2.129455e+003,-1.203339e+003, 4.883831e+001, 7.314541e+001,-6.805685e+001, 0.000000e+000, 0.000000e+000, 0.000000e+000, 0.000000e+000
 6.630000e-002, 3.360710e+003,-2.079200e+003,-1.263016e+003, 4.924871e+001, 7.194748e+001,-6.982754e+001, 0.000000e+000, 0.000000e+000, 0.000000e+000, 0.000000e+000
 6.635000e-002, 3.369238e+003,-2.028054e+003,-1.322211e+003, 4.963517e+001, 7.072478e+001,-7.158102e+001, 0.000000e+000, 0.000000e+000, 0.000000e+000, 0.000000e+000
 6.640000e-002, 3.376312e+003,-1.976325e+003,-1.380963e+003, 4.999743e+001, 6.947675e+001,-7.331711e+001, 0.000000e+000, 0.000000e+000, 0.000000e+000, 0.000000e+000
 6.645000e-002, 3.382435e+003,-1.923777e+003,-1.439202e+003, 5.033591e+001, 6.820519e+001,-7.503481e+001, 0.000000e+000, 0.000000e+000, 0.000000e+000, 0.000000e+000
 6.650000e-002, 3.387115e+003,-1.870645e+003,-1.496947e+003, 5.064999e+001, 6.690941e+001,-7.673390e+001, 0.000000e+000, 0.000000e+000, 0.000000e+000, 0.000000e+000
 6.655000e-002, 3.390818e+003,-1.816771e+003,-1.554149e+003, 5.094054e+001, 6.559137e+001,-7.841338e+001, 0.000000e+000, 0.000000e+000, 0.000000e+000, 0.000000e+000
 6.660000e-002, 3.393103e+003,-1.762310e+003,-1.610805e+003, 5.120658e+001, 6.425024e+001,-8.007295e+001, 0.000000e+000, 0.000000e+000, 0.000000e+000, 0.000000e+000
 6.665000e-002, 3.394375e+003,-1.707189e+003,-1.666888e+003, 5.144943e+001, 6.288821e+001,-8.171161e+001, 0.000000e+000, 0.000000e+000, 0.000000e+000, 0.000000e+000
 6.670000e-002, 3.394266e+003,-1.651474e+003,-1.722375e+003, 5.166779e+001, 6.150430e+001,-8.332902e+001, 0.000000e+000, 0.000000e+000, 0.000000e+000, 0.000000e+000
 6.675000e-002, 3.393101e+003,-1.595188e+003,-1.777262e+003, 5.186335e+001, 6.010085e+001,-8.492413e+001, 0.000000e+000, 0.000000e+000, 0.000000e+000, 0.000000e+000
 6.680000e-002, 3.390602e+003,-1.538295e+003,-1.831502e+003, 5.203457e+001, 5.867677e+001,-8.649660e+001, 0.000000e+000, 0.000000e+000, 0.000000e+000, 0.000000e+000
 6.685000e-002, 3.386997e+003,-1.480925e+003,-1.885114e+003, 5.218345e+001, 5.723457e+001,-8.804536e+001, 0.000000e+000, 0.000000e+000, 0.000000e+000, 0.000000e+000
 6.690000e-002, 3.382115e+003,-1.422935e+003,-1.938031e+003, 5.230826e+001, 5.577306e+001,-8.957002e+001, 0.000000e+000, 0.000000e+000, 0.000000e+000, 0.000000e+000
 6.695000e-002, 3.376070e+003,-1.364564e+003,-1.990293e+003, 5.241124e+001, 5.429485e+001,-9.106950e+001, 0.000000e+000, 0.000000e+000, 0.000000e+000, 0.000000e+000
 6.700000e-002, 3.368814e+003,-1.305558e+003,-2.041811e+003, 5.249053e+001, 5.279869e+001,-9.254341e+001, 0.000000e+000, 0.000000e+000, 0.000000e+000, 0.000000e+000
 6.705000e-002, 3.360336e+003,-1.246270e+003,-2.092650e+003, 5.254855e+001, 5.128728e+001,-9.399062e+001, 0.000000e+000, 0.000000e+000, 0.000000e+000, 0.000000e+000
 6.710000e-002, 3.350718e+003,-1.186330e+003,-2.142697e+003, 5.258341e+001, 4.975933e+001,-9.541077e+001, 0.000000e+000, 0.000000e+000, 0.000000e+000, 0.000000e+000
 6.715000e-002, 3.339819e+003,-1.126211e+003,-2.192041e+003, 5.259758e+001, 4.821758e+001,-9.680267e+001, 0.000000e+000, 0.000000e+000, 0.000000e+000, 0.000000e+000
 6.720000e-002, 3.327850e+003,-1.065422e+003,-2.240545e+003, 5.258922e+001, 4.666073e+001,-9.816597e+001, 0.000000e+000, 0.000000e+000, 0.000000e+000, 0.000000e+000
 6.725000e-002, 3.314546e+003,-1.004557e+003,-2.288324e+003, 5.256080e+001, 4.509154e+001,-9.949949e+001, 0.000000e+000, 0.000000e+000, 0.000000e+000, 0.000000e+000
 6.730000e-002, 3.300243e+003,-9.430051e+002,-2.335218e+003, 5.251058e+001, 4.350874e+001,-1.008029e+002, 0.000000e+000, 0.000000e+000, 0.000000e+000, 0.000000e+000
 6.735000e-002, 3.284553e+003,-8.814802e+002,-2.381365e+003, 5.244095e+001, 4.191505e+001,-1.020749e+002, 0.000000e+000, 0.000000e+000, 0.000000e+000, 0.000000e+000
 6.740000e-002, 3.267935e+003,-8.192540e+002,-2.426582e+003, 5.235034e+001, 4.030926e+001,-1.033153e+002, 0.000000e+000, 0.000000e+000, 0.000000e+000, 0.000000e+000
 6.745000e-002, 3.249884e+003,-7.571556e+002,-2.471031e+003, 5.224100e+001, 3.869401e+001,-1.045228e+002, 0.000000e+000, 0.000000e+000, 0.000000e+000, 0.000000e+000
 6.750000e-002, 3.230971e+003,-6.943447e+002,-2.514506e+003, 5.211160e+001, 3.706821e+001,-1.056971e+002, 0.000000e+000, 0.000000e+000, 0.000000e+000, 0.000000e+000
 6.755000e-002, 3.210588e+003,-6.317593e+002,-2.557196e+003, 5.196414e+001, 3.543436e+001,-1.068370e+002, 0.000000e+000, 0.000000e+000, 0.000000e+000, 0.000000e+000
 6.760000e-002, 3.189402e+003,-5.684547e+002,-2.598867e+003, 5.179761e+001, 3.379152e+001,-1.079422e+002, 0.000000e+000, 0.000000e+000, 0.000000e+000, 0.000000e+000
 6.765000e-002, 3.166721e+003,-5.054689e+002,-2.639737e+003, 5.161371e+001, 3.214201e+001,-1.090115e+002, 0.000000e+000, 0.000000e+000, 0.000000e+000, 0.000000e+000
 6.770000e-002, 3.143287e+003,-4.417628e+002,-2.679546e+003, 5.141177e+001, 3.048509e+001,-1.100446e+002, 0.000000e+000, 0.000000e+000, 0.000000e+000, 0.000000e+000
 6.775000e-002, 3.118345e+003,-3.784633e+002,-2.718537e+003, 5.119316e+001, 2.882286e+001,-1.110404e+002, 0.000000e+000, 0.000000e+000, 0.000000e+000, 0.000000e+000
 6.780000e-002, 3.092692e+003,-3.144489e+002,-2.756427e+003, 5.095758e+001, 2.715478e+001,-1.119986e+002, 0.000000e+000, 0.000000e+000, 0.000000e+000, 0.000000e+000
 6.785000e-002, 3.065530e+003,-2.509222e+002,-2.793485e+003, 5.070601e+001, 2.548271e+001,-1.129181e+002, 0.000000e+000, 0.000000e+000, 0.000000e+000, 0.000000e+000
 6.790000e-002, 3.037688e+003,-1.866940e+002,-2.829401e+003, 5.043856e+001, 2.380637e+001,-1.137987e+002, 0.000000e+000, 0.000000e+000, 0.000000e+000, 0.000000e+000
 6.795000e-002, 3.008350e+003,-1.230263e+002,-2.864472e+003, 5.015583e+001, 2.212732e+001,-1.146392e+002, 0.000000e+000, 0.000000e+000, 0.000000e+000, 0.000000e+000
 6.800000e-002, 2.978355e+003,-5.867907e+001,-2.898365e+003, 4.985828e+001, 2.044554e+001,-1.154394e+002, 0.000000e+000, 0.000000e+000, 0.000000e+000, 0.000000e+000
 6.805000e-002, 2.946888e+003, 5.043381e+000,-2.931399e+003, 4.954613e+001, 1.876229e+001,-1.161983e+002, 0.000000e+000, 0.000000e+000, 0.000000e+000, 0.000000e+000
 6.810000e-002, 2.914778e+003, 6.941416e+001,-2.963220e+003, 4.922022e+001, 1.707785e+001,-1.169157e+002, 0.000000e+000, 0.000000e+000, 0.000000e+000, 0.000000e+000
 6.815000e-002, 2.881231e+003, 1.331057e+002,-2.994169e+003, 4.888040e+001, 1.539311e+001,-1.175906e+002, 0.000000e+000, 0.000000e+000, 0.000000e+000, 0.000000e+000
 6.820000e-002, 2.847046e+003, 1.974042e+002,-3.023875e+003, 4.852781e+001, 1.370869e+001,-1.182229e+002, 0.000000e+000, 0.000000e+000, 0.000000e+000, 0.000000e+000
 6.825000e-002, 2.811474e+003, 2.609794e+002,-3.052694e+003, 4.816198e+001, 1.202511e+001,-1.188116e+002, 0.000000e+000, 0.000000e+000, 0.000000e+000, 0.000000e+000
 6.830000e-002, 2.775259e+003, 3.251098e+002,-3.080242e+003, 4.778433e+001, 1.034330e+001,-1.193566e+002, 0.000000e+000, 0.000000e+000, 0.000000e+000, 0.000000e+000
 6.835000e-002, 2.737715e+003, 3.884835e+002,-3.106889e+003, 4.739408e+001, 8.663410e+000,-1.198571e+002, 0.000000e+000, 0.000000e+000, 0.000000e+000, 0.000000e+000
 6.840000e-002, 2.699519e+003, 4.523500e+002,-3.132242e+003, 4.699289e+001, 6.986713e+000,-1.203129e+002, 0.000000e+000, 0.000000e+000, 0.000000e+000, 0.000000e+000
 6.845000e-002, 2.660060e+003, 5.154375e+002,-3.156676e+003, 4.657973e+001, 5.312955e+000,-1.207233e+002, 0.000000e+000, 0.000000e+000, 0.000000e+000, 0.000000e+000
 6.850000e-002, 2.619935e+003, 5.789450e+002,-3.179799e+003, 4.615639e+001, 3.643749e+000,-1.210881e+002, 0.000000e+000, 0.000000e+000, 0.000000e+000, 0.000000e+000
 6.855000e-002, 2.578620e+003, 6.416619e+002,-3.201985e+003, 4.572169e+001, 1.978451e+000,-1.214068e+002, 0.000000e+000, 0.000000e+000, 0.000000e+000, 0.000000e+000
 6.860000e-002, 2.536623e+003, 7.047157e+002,-3.222845e+003, 4.527750e+001, 3.189951e-001,-1.216791e+002, 0.000000e+000, 0.000000e+000, 0.000000e+000, 0.000000e+000
 6.865000e-002, 2.493512e+003, 7.669780e+002,-3.242749e+003, 4.482250e+001,-1.335635e+000,-1.219048e+002, 0.000000e+000, 0.000000e+000, 0.000000e+000, 0.000000e+000
 6.870000e-002, 2.449702e+003, 8.294843e+002,-3.261319e+003, 4.435858e+001,-2.983204e+000,-1.220833e+002, 0.000000e+000, 0.000000e+000, 0.000000e+000, 0.000000e+000
 6.875000e-002, 2.404857e+003, 8.912083e+002,-3.278911e+003, 4.388439e+001,-4.625084e+000,-1.222147e+002, 0.000000e+000, 0.000000e+000, 0.000000e+000, 0.000000e+000
 6.880000e-002, 2.359298e+003, 9.530745e+002,-3.295165e+003, 4.340173e+001,-6.258763e+000,-1.222985e+002, 0.000000e+000, 0.000000e+000, 0.000000e+000, 0.000000e+000
 6.885000e-002, 2.312782e+003, 1.014177e+003,-3.310417e+003, 4.290928e+001,-7.885942e+000,-1.223347e+002, 0.000000e+000, 0.000000e+000, 0.000000e+000, 0.000000e+000
 6.890000e-002, 2.265541e+003, 1.075312e+003,-3.324334e+003, 4.240870e+001,-9.503865e+000,-1.223229e+002, 0.000000e+000, 0.000000e+000, 0.000000e+000, 0.000000e+000
 6.895000e-002, 2.217419e+003, 1.135710e+003,-3.337223e+003, 4.189877e+001,-1.111452e+001,-1.222633e+002, 0.000000e+000, 0.000000e+000, 0.000000e+000, 0.000000e+000
 6.900000e-002, 2.168566e+003, 1.196024e+003,-3.348784e+003, 4.138094e+001,-1.271496e+001,-1.221554e+002, 0.000000e+000, 0.000000e+000, 0.000000e+000, 0.000000e+000
 6.905000e-002, 2.118905e+003, 1.255635e+003,-3.359288e+003, 4.085413e+001,-1.430742e+001,-1.219997e+002, 0.000000e+000, 0.000000e+000, 0.000000e+000, 0.000000e+000
 6.910000e-002, 2.068513e+003, 1.315040e+003,-3.368479e+003, 4.031954e+001,-1.588879e+001,-1.217954e+002, 0.000000e+000, 0.000000e+000, 0.000000e+000, 0.000000e+000
 6.915000e-002, 2.017380e+003, 1.373782e+003,-3.376582e+003, 3.977628e+001,-1.746151e+001,-1.215434e+002, 0.000000e+000, 0.000000e+000, 0.000000e+000, 0.000000e+000
 6.920000e-002, 1.965526e+003, 1.432192e+003,-3.383390e+003, 3.922525e+001,-1.902235e+001,-1.212428e+002, 0.000000e+000, 0.000000e+000, 0.000000e+000, 0.000000e+000
 6.925000e-002, 1.912990e+003, 1.489984e+003,-3.389078e+003, 3.866580e+001,-2.057392e+001,-1.208946e+002, 0.000000e+000, 0.000000e+000, 0.000000e+000, 0.000000e+000
 6.930000e-002, 1.859753e+003, 1.547315e+003,-3.393495e+003, 3.809851e+001,-2.211292e+001,-1.204980e+002, 0.000000e+000, 0.000000e+000, 0.000000e+000, 0.000000e+000
 6.935000e-002, 1.805885e+003, 1.604076e+003,-3.396758e+003, 3.752297e+001,-2.364206e+001,-1.200542e+002, 0.000000e+000, 0.000000e+000, 0.000000e+000, 0.000000e+000
 6.940000e-002, 1.751345e+003, 1.660247e+003,-3.398777e+003, 3.693943e+001,-2.515804e+001,-1.195621e+002, 0.000000e+000, 0.000000e+000, 0.000000e+000, 0.000000e+000
 6.945000e-002, 1.696219e+003, 1.715896e+003,-3.399609e+003, 3.634775e+001,-2.666360e+001,-1.190233e+002, 0.000000e+000, 0.000000e+000, 0.000000e+000, 0.000000e+000
 6.950000e-002, 1.640457e+003, 1.770828e+003,-3.399229e+003, 3.574784e+001,-2.815550e+001,-1.184367e+002, 0.000000e+000, 0.000000e+000, 0.000000e+000, 0.000000e+000
 6.955000e-002, 1.584147e+003, 1.825286e+003,-3.397628e+003, 3.513981e+001,-2.963645e+001,-1.178038e+002, 0.000000e+000, 0.000000e+000, 0.000000e+000, 0.000000e+000
 6.960000e-002, 1.527249e+003, 1.878901e+003,-3.394848e+003, 3.452328e+001,-3.110333e+001,-1.171238e+002, 0.000000e+000, 0.000000e+000, 0.000000e+000, 0.000000e+000
 6.965000e-002, 1.469831e+003, 1.932090e+003,-3.390815e+003, 3.389858e+001,-3.255875e+001,-1.163982e+002, 0.000000e+000, 0.000000e+000, 0.000000e+000, 0.000000e+000
 6.970000e-002, 1.411881e+003, 1.984315e+003,-3.385640e+003, 3.326507e+001,-3.399978e+001,-1.156262e+002, 0.000000e+000, 0.000000e+000, 0.000000e+000, 0.000000e+000
 6.975000e-002, 1.353435e+003, 2.036156e+003,-3.379180e+003, 3.262327e+001,-3.542887e+001,-1.148094e+002, 0.000000e+000, 0.000000e+000, 0.000000e+000, 0.000000e+000
 6.980000e-002, 1.294519e+003, 2.086920e+003,-3.371615e+003, 3.197232e+001,-3.684331e+001,-1.139471e+002, 0.000000e+000, 0.000000e+000, 0.000000e+000, 0.000000e+000
 6.985000e-002, 1.235125e+003, 2.137338e+003,-3.362738e+003, 3.131290e+001,-3.824535e+001,-1.130408e+002, 0.000000e+000, 0.000000e+000, 0.000000e+000, 0.000000e+000
 6.990000e-002, 1.175329e+003, 2.186572e+003,-3.352794e+003, 3.064399e+001,-3.963253e+001,-1.120902e+002, 0.000000e+000, 0.000000e+000, 0.000000e+000, 0.000000e+000
 6.995000e-002, 1.115070e+003, 2.235490e+003,-3.341513e+003, 2.996637e+001,-4.100689e+001,-1.110966e+002, 0.000000e+000, 0.000000e+000, 0.000000e+000, 0.000000e+000
 7.000000e-002, 1.054481e+003, 2.283128e+003,-3.329200e+003, 2.927891e+001,-4.236626e+001,-1.100599e+002, 0.000000e+000, 0.000000e+000, 0.000000e+000, 0.000000e+000
 7.005000e-002, 9.934421e+002, 2.330474e+003,-3.315533e+003, 2.858246e+001,-4.371237e+001,-1.089813e+002, 0.000000e+000, 0.000000e+000, 0.000000e+000, 0.000000e+000
 7.010000e-002, 9.321462e+002, 2.376453e+003,-3.300868e+003, 2.787585e+001,-4.504340e+001,-1.078608e+002, 0.000000e+000, 0.000000e+000, 0.000000e+000, 0.000000e+000
 7.015000e-002, 8.704146e+002, 2.422155e+003,-3.284834e+003, 2.715993e+001,-4.636076e+001,-1.066998e+002, 0.000000e+000, 0.000000e+000, 0.000000e+000, 0.000000e+000
 7.020000e-002, 8.084987e+002, 2.466414e+003,-3.267835e+003, 2.643357e+001,-4.766298e+001,-1.054984e+002, 0.000000e+000, 0.000000e+000, 0.000000e+000, 0.000000e+000
 7.025000e-002, 7.461630e+002, 2.510401e+003,-3.249461e+003, 2.569753e+001,-4.895113e+001,-1.042577e+002, 0.000000e+000, 0.000000e+000, 0.000000e+000, 0.000000e+000
 7.030000e-002, 6.837135e+002, 2.552883e+003,-3.230148e+003, 2.495083e+001,-5.022411e+001,-1.029781e+002, 0.000000e+000, 0.000000e+000, 0.000000e+000, 0.000000e+000
 7.035000e-002, 6.208643e+002, 2.595089e+003,-3.209462e+003, 2.419409e+001,-5.148263e+001,-1.016608e+002, 0.000000e+000, 0.000000e+000, 0.000000e+000, 0.000000e+000
 7.040000e-002, 5.579675e+002, 2.635737e+003,-3.187861e+003, 2.342650e+001,-5.272596e+001,-1.003062e+002, 0.000000e+000, 0.000000e+000, 0.000000e+000, 0.000000e+000
 7.045000e-002, 4.946966e+002, 2.676096e+003,-3.164893e+003, 2.264852e+001,-5.395442e+001,-9.891544e+001, 0.000000e+000, 0.000000e+000, 0.000000e+000, 0.000000e+000
 7.050000e-002, 4.314388e+002, 2.714859e+003,-3.141031e+003, 2.185956e+001,-5.516768e+001,-9.748917e+001, 0.000000e+000, 0.000000e+000, 0.000000e+000, 0.000000e+000
 7.055000e-002, 3.678392e+002, 2.753307e+003,-3.115818e+003, 2.105989e+001,-5.636570e+001,-9.602825e+001, 0.000000e+000, 0.000000e+000, 0.000000e+000, 0.000000e+000
 7.060000e-002, 3.043062e+002, 2.790134e+003,-3.089725e+003, 2.024918e+001,-5.754848e+001,-9.453373e+001, 0.000000e+000, 0.000000e+000, 0.000000e+000, 0.000000e+000
 7.065000e-002, 2.404720e+002, 2.826614e+003,-3.062307e+003, 1.942745e+001,-5.871562e+001,-9.300622e+001, 0.000000e+000, 0.000000e+000, 0.000000e+000, 0.000000e+000
 7.070000e-002, 1.767498e+002, 2.861457e+003,-3.034016e+003, 1.859472e+001,-5.986749e+001,-9.144702e+001, 0.000000e+000, 0.000000e+000, 0.000000e+000, 0.000000e+000
 7.075000e-002, 1.127755e+002, 2.895910e+003,-3.004434e+003, 1.775072e+001,-6.100333e+001,-8.985656e+001, 0.000000e+000, 0.000000e+000, 0.000000e+000, 0.000000e+000
 7.080000e-002, 4.894989e+001, 2.928724e+003,-2.973984e+003, 1.689582e+001,-6.212381e+001,-8.823638e+001, 0.000000e+000, 0.000000e+000, 0.000000e+000, 0.000000e+000
 7.085000e-002,-1.506963e+001, 2.961098e+003,-2.942282e+003, 1.602949e+001,-6.322786e+001,-8.658672e+001, 0.000000e+000, 0.000000e+000, 0.000000e+000, 0.000000e+000
 7.090000e-002,-7.891280e+001, 2.991839e+003,-2.909712e+003, 1.515242e+001,-6.431645e+001,-8.490934e+001, 0.000000e+000, 0.000000e+000, 0.000000e+000, 0.000000e+000
 7.095000e-002,-1.428828e+002, 3.022083e+003,-2.875939e+003, 1.426384e+001,-6.538821e+001,-8.320431e+001, 0.000000e+000, 0.000000e+000, 0.000000e+000, 0.000000e+000
 7.100000e-002,-2.066575e+002, 3.050712e+003,-2.841293e+003, 1.336478e+001,-6.644433e+001,-8.147358e+001, 0.000000e+000, 0.000000e+000, 0.000000e+000, 0.000000e+000
 7.105000e-002,-2.704837e+002, 3.078780e+003,-2.805500e+003, 1.245423e+001,-6.748320e+001,-7.971706e+001, 0.000000e+000, 0.000000e+000, 0.000000e+000, 0.000000e+000
 7.110000e-002,-3.341035e+002, 3.105258e+003,-2.768825e+003, 1.153352e+001,-6.850624e+001,-7.793687e+001, 0.000000e+000, 0.000000e+000, 0.000000e+000, 0.000000e+000
 7.115000e-002,-3.976924e+002, 3.131107e+003,-2.731064e+003, 1.060147e+001,-6.951159e+001,-7.613277e+001, 0.000000e+000, 0.000000e+000, 0.000000e+000, 0.000000e+000
 7.120000e-002,-4.610706e+002, 3.155397e+003,-2.692411e+003, 9.659649e+000,-7.050083e+001,-7.430700e+001, 0.000000e+000, 0.000000e+000, 0.000000e+000, 0.000000e+000
 7.125000e-002,-5.243296e+002, 3.178989e+003,-2.652738e+003, 8.706746e+000,-7.147194e+001,-7.245922e+001, 0.000000e+000, 0.000000e+000, 0.000000e+000, 0.000000e+000
 7.130000e-002,-5.873794e+002, 3.201058e+003,-2.612161e+003, 7.744560e+000,-7.242661e+001,-7.059176e+001, 0.000000e+000, 0.000000e+000, 0.000000e+000, 0.000000e+000
 7.135000e-002,-6.502172e+002, 3.222356e+003,-2.570634e+003, 6.771678e+000,-7.336268e+001,-6.870418e+001, 0.000000e+000, 0.000000e+000, 0.000000e+000, 0.000000e+000
 7.140000e-002,-7.128511e+002, 3.242175e+003,-2.528190e+003, 5.790063e+000,-7.428189e+001,-6.679885e+001, 0.000000e+000, 0.000000e+000, 0.000000e+000, 0.000000e+000
 7.145000e-002,-7.751780e+002, 3.261148e+003,-2.484868e+003, 4.798278e+000,-7.518204e+001,-6.487530e+001, 0.000000e+000, 0.000000e+000, 0.000000e+000, 0.000000e+000
 7.150000e-002,-8.373083e+002, 3.278687e+003,-2.440618e+003, 3.798380e+000,-7.606486e+001,-6.293586e+001, 0.000000e+000, 0.000000e+000, 0.000000e+000, 0.000000e+000
 7.155000e-002,-8.990362e+002, 3.295308e+003,-2.395563e+003, 2.788975e+000,-7.692809e+001,-6.098007e+001, 0.000000e+000, 0.000000e+000, 0.000000e+000, 0.000000e+000
 7.160000e-002,-9.605750e+002, 3.310541e+003,-2.349572e+003, 1.772146e+000,-7.777347e+001,-5.901020e+001, 0.000000e+000, 0.000000e+000, 0.000000e+000, 0.000000e+000
 7.165000e-002,-1.021618e+003, 3.324786e+003,-2.302847e+003, 7.466099e-001,-7.859872e+001,-5.702583e+001, 0.000000e+000, 0.000000e+000, 0.000000e+000, 0.000000e+000
 7.170000e-002,-1.082477e+003, 3.337691e+003,-2.255182e+003,-2.855951e-001,-7.940550e+001,-5.502909e+001, 0.000000e+000, 0.000000e+000, 0.000000e+000, 0.000000e+000
 7.175000e-002,-1.142750e+003, 3.349540e+003,-2.206853e+003,-1.325575e+000,-8.019160e+001,-5.301963e+001, 0.000000e+000, 0.000000e+000, 0.000000e+000, 0.000000e+000
 7.180000e-002,-1.202842e+003, 3.360096e+003,-2.157583e+003,-2.371401e+000,-8.095856e+001,-5.099945e+001, 0.000000e+000, 0.000000e+000, 0.000000e+000, 0.000000e+000
 7.185000e-002,-1.262263e+003, 3.369534e+003,-2.107718e+003,-3.423945e+000,-8.170425e+001,-4.896830e+001, 0.000000e+000, 0.000000e+000, 0.000000e+000, 0.000000e+000
 7.190000e-002,-1.321499e+003, 3.377724e+003,-2.056917e+003,-4.481448e+000,-8.243007e+001,-4.692794e+001, 0.000000e+000, 0.000000e+000, 0.000000e+000, 0.000000e+000
 7.195000e-002,-1.379988e+003, 3.384739e+003,-2.005584e+003,-5.544497e+000,-8.313398e+001,-4.487830e+001, 0.000000e+000, 0.000000e+000, 0.000000e+000, 0.000000e+000
 7.200000e-002,-1.438281e+003, 3.390549e+003,-1.953328e+003,-6.611552e+000,-8.381724e+001,-4.282089e+001, 0.000000e+000, 0.000000e+000, 0.000000e+000, 0.000000e+000
 7.205000e-002,-1.495759e+003, 3.395132e+003,-1.900597e+003,-7.682877e+000,-8.447793e+001,-4.075581e+001, 0.000000e+000, 0.000000e+000, 0.000000e+000, 0.000000e+000
 7.210000e-002,-1.553023e+003, 3.398550e+003,-1.846965e+003,-8.757190e+000,-8.511713e+001,-3.868429e+001, 0.000000e+000, 0.000000e+000, 0.000000e+000, 0.000000e+000
 7.215000e-002,-1.609413e+003, 3.400696e+003,-1.792909e+003,-9.834406e+000,-8.573307e+001,-3.660663e+001, 0.000000e+000, 0.000000e+000, 0.000000e+000, 0.000000e+000
 7.220000e-002,-1.665563e+003, 3.401716e+003,-1.737980e+003,-1.091353e+001,-8.632665e+001,-3.452375e+001, 0.000000e+000, 0.000000e+000, 0.000000e+000, 0.000000e+000
 7.225000e-002,-1.720790e+003, 3.401424e+003,-1.682672e+003,-1.199411e+001,-8.689624e+001,-3.243620e+001, 0.000000e+000, 0.000000e+000, 0.000000e+000, 0.000000e+000
 7.230000e-002,-1.775741e+003, 3.400040e+003,-1.626531e+003,-1.307546e+001,-8.744256e+001,-3.034454e+001, 0.000000e+000, 0.000000e+000, 0.000000e+000, 0.000000e+000
 7.235000e-002,-1.829732e+003, 3.397313e+003,-1.570046e+003,-1.415676e+001,-8.796412e+001,-2.824957e+001, 0.000000e+000, 0.000000e+000, 0.000000e+000, 0.000000e+000
 7.240000e-002,-1.883403e+003, 3.393525e+003,-1.512777e+003,-1.523763e+001,-8.846147e+001,-2.615151e+001, 0.000000e+000, 0.000000e+000, 0.000000e+000, 0.000000e+000
 7.245000e-002,-1.936086e+003, 3.388369e+003,-1.455192e+003,-1.631690e+001,-8.893329e+001,-2.405142e+001, 0.000000e+000, 0.000000e+000, 0.000000e+000, 0.000000e+000
 7.250000e-002,-1.988395e+003, 3.382179e+003,-1.396880e+003,-1.739447e+001,-8.937994e+001,-2.194918e+001, 0.000000e+000, 0.000000e+000, 0.000000e+000, 0.000000e+000
 7.255000e-002,-2.039700e+003, 3.374602e+003,-1.338275e+003,-1.846887e+001,-8.980022e+001,-1.984608e+001, 0.000000e+000, 0.000000e+000, 0.000000e+000, 0.000000e+000
 7.260000e-002,-2.090570e+003, 3.366017e+003,-1.279008e+003,-1.954025e+001,-9.019438e+001,-1.774169e+001, 0.000000e+000, 0.000000e+000, 0.000000e+000, 0.000000e+000
 7.265000e-002,-2.140427e+003, 3.356031e+003,-1.219462e+003,-2.060687e+001,-9.056135e+001,-1.563750e+001, 0.000000e+000, 0.000000e+000, 0.000000e+000, 0.000000e+000
 7.270000e-002,-2.189782e+003, 3.345062e+003,-1.159329e+003,-2.166910e+001,-9.090121e+001,-1.353282e+001, 0.000000e+000, 0.000000e+000, 0.000000e+000, 0.000000e+000
 7.275000e-002,-2.238125e+003, 3.332684e+003,-1.098923e+003,-2.272498e+001,-9.121304e+001,-1.142934e+001, 0.000000e+000, 0.000000e+000, 0.000000e+000, 0.000000e+000
 7.280000e-002,-2.285894e+003, 3.319342e+003,-1.038013e+003,-2.377506e+001,-9.149678e+001,-9.326075e+000, 0.000000e+000, 0.000000e+000, 0.000000e+000, 0.000000e+000
 7.285000e-002,-2.332655e+003, 3.304590e+003,-9.768317e+002,-2.481720e+001,-9.175166e+001,-7.224903e+000, 0.000000e+000, 0.000000e+000, 0.000000e+000, 0.000000e+000
 7.290000e-002,-2.378766e+003, 3.288894e+003,-9.152346e+002,-2.585211e+001,-9.197749e+001,-5.124632e+000, 0.000000e+000, 0.000000e+000, 0.000000e+000, 0.000000e+000
 7.295000e-002,-2.423882e+003, 3.271791e+003,-8.533619e+002,-2.687752e+001,-9.217360e+001,-3.027264e+000, 0.000000e+000, 0.000000e+000, 0.000000e+000, 0.000000e+000
 7.300000e-002,-2.468270e+003, 3.253762e+003,-7.911677e+002,-2.789422e+001,-9.233975e+001,-9.314373e-001, 0.000000e+000, 0.000000e+000, 0.000000e+000, 0.000000e+000
 7.305000e-002,-2.511676e+003, 3.234331e+003,-7.286906e+002,-2.889992e+001,-9.247534e+001, 1.160750e+000, 0.000000e+000, 0.000000e+000, 0.000000e+000, 0.000000e+000
 7.310000e-002,-2.554278e+003, 3.213994e+003,-6.659894e+002,-2.989540e+001,-9.258007e+001, 3.250780e+000, 0.000000e+000, 0.000000e+000, 0.000000e+000, 0.000000e+000
 7.315000e-002,-2.595912e+003, 3.192265e+003,-6.029957e+002,-3.087841e+001,-9.265343e+001, 5.336501e+000, 0.000000e+000, 0.000000e+000, 0.000000e+000, 0.000000e+000
 7.320000e-002,-2.636668e+003, 3.169647e+003,-5.398776e+002,-3.184970e+001,-9.269507e+001, 7.419460e+000, 0.000000e+000, 0.000000e+000, 0.000000e+000, 0.000000e+000
 7.325000e-002,-2.676470e+003, 3.145651e+003,-4.764567e+002,-3.280710e+001,-9.270454e+001, 9.497497e+000, 0.000000e+000, 0.000000e+000, 0.000000e+000, 0.000000e+000
 7.330000e-002,-2.715323e+003, 3.120784e+003,-4.130115e+002,-3.375129e+001,-9.268151e+001, 1.157216e+001, 0.000000e+000, 0.000000e+000, 0.000000e+000, 0.000000e+000
 7.335000e-002,-2.753235e+003, 3.094556e+003,-3.492540e+002,-3.468024e+001,-9.262557e+001, 1.364134e+001, 0.000000e+000, 0.000000e+000, 0.000000e+000, 0.000000e+000
 7.340000e-002,-2.790133e+003, 3.067475e+003,-2.855712e+002,-3.559448e+001,-9.253637e+001, 1.570652e+001, 0.000000e+000, 0.000000e+000, 0.000000e+000, 0.000000e+000
 7.345000e-002,-2.826096e+003, 3.039052e+003,-2.215689e+002,-3.649220e+001,-9.241358e+001, 1.776568e+001, 0.000000e+000, 0.000000e+000, 0.000000e+000, 0.000000e+000
 7.350000e-002,-2.860989e+003, 3.009796e+003,-1.577373e+002,-3.737376e+001,-9.225685e+001, 1.982020e+001, 0.000000e+000, 0.000000e+000, 0.000000e+000, 0.000000e+000
 7.355000e-002,-2.894951e+003, 2.979219e+003,-9.358292e+001,-3.823758e+001,-9.206592e+001, 2.186818e+001, 0.000000e+000, 0.000000e+000, 0.000000e+000, 0.000000e+000
 7.360000e-002,-2.927791e+003, 2.947829e+003,-2.969081e+001,-3.908383e+001,-9.184043e+001, 2.391084e+001, 0.000000e+000, 0.000000e+000, 0.000000e+000, 0.000000e+000
 7.365000e-002,-2.959699e+003, 2.915142e+003, 3.452204e+001,-3.991120e+001,-9.158020e+001, 2.594644e+001, 0.000000e+000, 0.000000e+000, 0.000000e+000, 0.000000e+000
 7.370000e-002,-2.990445e+003, 2.881663e+003, 9.838698e+001,-4.071964e+001,-9.128490e+001, 2.797599e+001, 0.000000e+000, 0.000000e+000, 0.000000e+000, 0.000000e+000
 7.375000e-002,-3.020250e+003, 2.846913e+003, 1.625641e+002,-4.150813e+001,-9.095440e+001, 2.999798e+001, 0.000000e+000, 0.000000e+000, 0.000000e+000, 0.000000e+000
 7.380000e-002,-3.048859e+003, 2.811392e+003, 2.263150e+002,-4.227640e+001,-9.058839e+001, 3.201312e+001, 0.000000e+000, 0.000000e+000, 0.000000e+000, 0.000000e+000
 7.385000e-002,-3.076515e+003, 2.774629e+003, 2.903619e+002,-4.302374e+001,-9.018684e+001, 3.402016e+001, 0.000000e+000, 0.000000e+000, 0.000000e+000, 0.000000e+000
 7.390000e-002,-3.102951e+003, 2.737116e+003, 3.539124e+002,-4.374967e+001,-8.974945e+001, 3.601952e+001, 0.000000e+000, 0.000000e+000, 0.000000e+000, 0.000000e+000
 7.395000e-002,-3.128414e+003, 2.698394e+003, 4.177344e+002,-4.445374e+001,-8.927626e+001, 3.801021e+001, 0.000000e+000, 0.000000e+000, 0.000000e+000, 0.000000e+000
 7.400000e-002,-3.152643e+003, 2.658943e+003, 4.809991e+002,-4.513531e+001,-8.876701e+001, 3.999231e+001, 0.000000e+000, 0.000000e+000, 0.000000e+000, 0.000000e+000
 7.405000e-002,-3.175874e+003, 2.618316e+003, 5.445013e+002,-4.579418e+001,-8.822183e+001, 4.196511e+001, 0.000000e+000, 0.000000e+000, 0.000000e+000, 0.000000e+000
 7.410000e-002,-3.197862e+003, 2.576984e+003, 6.073954e+002,-4.642957e+001,-8.764047e+001, 4.392835e+001, 0.000000e+000, 0.000000e+000, 0.000000e+000, 0.000000e+000
 7.415000e-002,-3.218824e+003, 2.534512e+003, 6.704838e+002,-4.704150e+001,-8.702319e+001, 4.588163e+001, 0.000000e+000, 0.000000e+000, 0.000000e+000, 0.000000e+000
 7.420000e-002,-3.238543e+003, 2.491356e+003, 7.329231e+002,-4.762907e+001,-8.636973e+001, 4.782429e+001, 0.000000e+000, 0.000000e+000, 0.000000e+000, 0.000000e+000
 7.425000e-002,-3.257205e+003, 2.447101e+003, 7.955038e+002,-4.819252e+001,-8.568048e+001, 4.975625e+001, 0.000000e+000, 0.000000e+000, 0.000000e+000, 0.000000e+000
 7.430000e-002,-3.274627e+003, 2.402183e+003, 8.574049e+002,-4.873088e+001,-8.495518e+001, 5.167648e+001, 0.000000e+000, 0.000000e+000, 0.000000e+000, 0.000000e+000
 7.435000e-002,-3.290960e+003, 2.356209e+003, 9.193851e+002,-4.924452e+001,-8.419435e+001, 5.358519e+001, 0.000000e+000, 0.000000e+000, 0.000000e+000, 0.000000e+000
 7.440000e-002,-3.306062e+003, 2.309592e+003, 9.806652e+002,-4.973246e+001,-8.339773e+001, 5.548099e+001, 0.000000e+000, 0.000000e+000, 0.000000e+000, 0.000000e+000
 7.445000e-002,-3.320042e+003, 2.261966e+003, 1.041953e+003,-5.019519e+001,-8.256599e+001, 5.736436e+001, 0.000000e+000, 0.000000e+000, 0.000000e+000, 0.000000e+000
 7.450000e-002,-3.332801e+003, 2.213716e+003, 1.102530e+003,-5.063176e+001,-8.169884e+001, 5.923359e+001, 0.000000e+000, 0.000000e+000, 0.000000e+000, 0.000000e+000
 7.455000e-002,-3.344407e+003, 2.164507e+003, 1.163035e+003,-5.104270e+001,-8.079713e+001, 6.108941e+001, 0.000000e+000, 0.000000e+000, 0.000000e+000, 0.000000e+000
 7.460000e-002,-3.354804e+003, 2.114693e+003, 1.222827e+003,-5.142716e+001,-7.986056e+001, 6.292977e+001, 0.000000e+000, 0.000000e+000, 0.000000e+000, 0.000000e+000
 7.465000e-002,-3.364020e+003, 2.063973e+003, 1.282461e+003,-5.178568e+001,-7.889009e+001, 6.475563e+001, 0.000000e+000, 0.000000e+000, 0.000000e+000, 0.000000e+000
 7.470000e-002,-3.372039e+003, 2.012664e+003, 1.341387e+003,-5.211755e+001,-7.788544e+001, 6.656470e+001, 0.000000e+000, 0.000000e+000, 0.000000e+000, 0.000000e+000
 7.475000e-002,-3.378853e+003, 1.960507e+003, 1.400062e+003,-5.242325e+001,-7.684772e+001, 6.835809e+001, 0.000000e+000, 0.000000e+000, 0.000000e+000, 0.000000e+000
 7.480000e-002,-3.384479e+003, 1.907776e+003, 1.458043e+003,-5.270228e+001,-7.577664e+001, 7.013327e+001, 0.000000e+000, 0.000000e+000, 0.000000e+000, 0.000000e+000
 7.485000e-002,-3.388883e+003, 1.854259e+003, 1.515674e+003,-5.295502e+001,-7.467345e+001, 7.189152e+001, 0.000000e+000, 0.000000e+000, 0.000000e+000, 0.000000e+000
 7.490000e-002,-3.392105e+003, 1.800181e+003, 1.572629e+003,-5.318119e+001,-7.353786e+001, 7.363011e+001, 0.000000e+000, 0.000000e+000, 0.000000e+000, 0.000000e+000
 7.495000e-002,-3.394095e+003, 1.745379e+003, 1.629133e+003,-5.338107e+001,-7.237127e+001, 7.535043e+001, 0.000000e+000, 0.000000e+000, 0.000000e+000, 0.000000e+000
 7.500000e-002,-3.394906e+003, 1.690031e+003, 1.684983e+003,-5.355462e+001,-7.117337e+001, 7.704961e+001, 0.000000e+000, 0.000000e+000, 0.000000e+000, 0.000000e+000
 7.505000e-002,-3.394481e+003, 1.634024e+003, 1.740280e+003,-5.370198e+001,-6.994568e+001, 7.872907e+001, 0.000000e+000, 0.000000e+000, 0.000000e+000, 0.000000e+000
 7.510000e-002,-3.392876e+003, 1.577485e+003, 1.794947e+003,-5.382338e+001,-6.868793e+001, 8.038591e+001, 0.000000e+000, 0.000000e+000, 0.000000e+000, 0.000000e+000
 7.515000e-002,-3.390038e+003, 1.520354e+003, 1.848958e+003,-5.391881e+001,-6.740173e+001, 8.202151e+001, 0.000000e+000, 0.000000e+000, 0.000000e+000, 0.000000e+000
 7.520000e-002,-3.386016e+003, 1.462704e+003, 1.902366e+003,-5.398876e+001,-6.608685e+001, 8.363297e+001, 0.000000e+000, 0.000000e+000, 0.000000e+000, 0.000000e+000
 7.525000e-002,-3.380773e+003, 1.404531e+003, 1.955015e+003,-5.403307e+001,-6.474496e+001, 8.522163e+001, 0.000000e+000, 0.000000e+000, 0.000000e+000, 0.000000e+000
 7.530000e-002,-3.374335e+003, 1.345852e+003, 2.007087e+003,-5.405249e+001,-6.337589e+001, 8.678460e+001, 0.000000e+000, 0.000000e+000, 0.000000e+000, 0.000000e+000
 7.535000e-002,-3.366697e+003, 1.286721e+003, 2.058301e+003,-5.404673e+001,-6.198135e+001, 8.832315e+001, 0.000000e+000, 0.000000e+000, 0.000000e+000, 0.000000e+000
 7.540000e-002,-3.357849e+003, 1.227098e+003, 2.108961e+003,-5.401676e+001,-6.056127e+001, 8.983447e+001, 0.000000e+000, 0.000000e+000, 0.000000e+000, 0.000000e+000
 7.545000e-002,-3.347828e+003, 1.167091e+003, 2.158671e+003,-5.396217e+001,-5.911736e+001, 9.131970e+001, 0.000000e+000, 0.000000e+000, 0.000000e+000, 0.000000e+000
 7.550000e-002,-3.336581e+003, 1.106610e+003, 2.207846e+003,-5.388417e+001,-5.764962e+001, 9.277618e+001, 0.000000e+000, 0.000000e+000, 0.000000e+000, 0.000000e+000
 7.555000e-002,-3.324193e+003, 1.045813e+003, 2.255982e+003,-5.378221e+001,-5.615977e+001, 9.420486e+001, 0.000000e+000, 0.000000e+000, 0.000000e+000, 0.000000e+000
 7.560000e-002,-3.310559e+003, 9.845607e+002, 2.303601e+003,-5.365769e+001,-5.464792e+001, 9.560327e+001, 0.000000e+000, 0.000000e+000, 0.000000e+000, 0.000000e+000
 7.565000e-002,-3.295824e+003, 9.230595e+002, 2.350098e+003,-5.350999e+001,-5.311575e+001, 9.697215e+001, 0.000000e+000, 0.000000e+000, 0.000000e+000, 0.000000e+000
 7.570000e-002,-3.279821e+003, 8.611246e+002, 2.396089e+003,-5.334066e+001,-5.156349e+001, 9.830928e+001, 0.000000e+000, 0.000000e+000, 0.000000e+000, 0.000000e+000
 7.575000e-002,-3.262760e+003, 7.990053e+002, 2.440885e+003,-5.314902e+001,-4.999274e+001, 9.961516e+001, 0.000000e+000, 0.000000e+000, 0.000000e+000, 0.000000e+000
 7.580000e-002,-3.244409e+003, 7.364778e+002, 2.485180e+003,-5.293672e+001,-4.840387e+001, 1.008878e+002, 0.000000e+000, 0.000000e+000, 0.000000e+000, 0.000000e+000
 7.585000e-002,-3.225047e+003, 6.738270e+002, 2.528216e+003,-5.270310e+001,-4.679840e+001, 1.021275e+002, 0.000000e+000, 0.000000e+000, 0.000000e+000, 0.000000e+000
 7.590000e-002,-3.204375e+003, 6.107976e+002, 2.570748e+003,-5.244981e+001,-4.517685e+001, 1.033325e+002, 0.000000e+000, 0.000000e+000, 0.000000e+000, 0.000000e+000
 7.595000e-002,-3.182738e+003, 5.477026e+002, 2.611966e+003,-5.217625e+001,-4.354061e+001, 1.045028e+002, 0.000000e+000, 0.000000e+000, 0.000000e+000, 0.000000e+000
 7.600000e-002,-3.159774e+003, 4.842630e+002, 2.652671e+003,-5.188406e+001,-4.189035e+001, 1.056371e+002, 0.000000e+000, 0.000000e+000, 0.000000e+000, 0.000000e+000
 7.605000e-002,-3.135893e+003, 4.208112e+002, 2.692016e+003,-5.157274e+001,-4.022733e+001, 1.067351e+002, 0.000000e+000, 0.000000e+000, 0.000000e+000, 0.000000e+000
 7.610000e-002,-3.110671e+003, 3.570537e+002, 2.730833e+003,-5.124383e+001,-3.855237e+001, 1.077957e+002, 0.000000e+000, 0.000000e+000, 0.000000e+000, 0.000000e+000
 7.615000e-002,-3.084578e+003, 2.933332e+002, 2.768253e+003,-5.089696e+001,-3.686658e+001, 1.088183e+002, 0.000000e+000, 0.000000e+000, 0.000000e+000, 0.000000e+000
 7.620000e-002,-3.057135e+003, 2.293504e+002, 2.805122e+003,-5.053356e+001,-3.517096e+001, 1.098023e+002, 0.000000e+000, 0.000000e+000, 0.000000e+000, 0.000000e+000
 7.625000e-002,-3.028865e+003, 1.654491e+002, 2.840569e+003,-5.015342e+001,-3.346643e+001, 1.107467e+002, 0.000000e+000, 0.000000e+000, 0.000000e+000, 0.000000e+000
 7.630000e-002,-2.999242e+003, 1.013343e+002, 2.875434e+003,-4.975780e+001,-3.175413e+001, 1.116513e+002, 0.000000e+000, 0.000000e+000, 0.000000e+000, 0.000000e+000
 7.635000e-002,-2.968833e+003, 3.734039e+001, 2.908860e+003,-4.934669e+001,-3.003483e+001, 1.125149e+002, 0.000000e+000, 0.000000e+000, 0.000000e+000, 0.000000e+000
 7.640000e-002,-2.937077e+003,-2.681354e+001, 2.941667e+003,-4.892113e+001,-2.830981e+001, 1.133374e+002, 0.000000e+000, 0.000000e+000, 0.000000e+000, 0.000000e+000
 7.645000e-002,-2.904568e+003,-9.081160e+001, 2.973028e+003,-4.848132e+001,-2.657965e+001, 1.141176e+002, 0.000000e+000, 0.000000e+000, 0.000000e+000, 0.000000e+000
 7.650000e-002,-2.870727e+003,-1.549117e+002, 3.003728e+003,-4.802807e+001,-2.484577e+001, 1.148556e+002, 0.000000e+000, 0.000000e+000, 0.000000e+000, 0.000000e+000
 7.655000e-002,-2.836162e+003,-2.188255e+002, 3.032983e+003,-4.756182e+001,-2.310857e+001, 1.155500e+002, 0.000000e+000, 0.000000e+000, 0.000000e+000, 0.000000e+000
 7.660000e-002,-2.800288e+003,-2.827790e+002, 3.061529e+003,-4.708309e+001,-2.136959e+001, 1.162011e+002, 0.000000e+000, 0.000000e+000, 0.000000e+000, 0.000000e+000
 7.665000e-002,-2.763712e+003,-3.465202e+002, 3.088638e+003,-4.659258e+001,-1.962906e+001, 1.168075e+002, 0.000000e+000, 0.000000e+000, 0.000000e+000, 0.000000e+000
 7.670000e-002,-2.725861e+003,-4.102351e+002, 3.114986e+003,-4.609052e+001,-1.788861e+001, 1.173698e+002, 0.000000e+000, 0.000000e+000, 0.000000e+000, 0.000000e+000
 7.675000e-002,-2.687323e+003,-4.737152e+002, 3.139914e+003,-4.557785e+001,-1.614831e+001, 1.178862e+002, 0.000000e+000, 0.000000e+000, 0.000000e+000, 0.000000e+000
 7.680000e-002,-2.647552e+003,-5.371001e+002, 3.164024e+003,-4.505450e+001,-1.440984e+001, 1.183576e+002, 0.000000e+000, 0.000000e+000, 0.000000e+000, 0.000000e+000
 7.685000e-002,-2.607103e+003,-6.002308e+002, 3.186737e+003,-4.452165e+001,-1.267317e+001, 1.187822e+002, 0.000000e+000, 0.000000e+000, 0.000000e+000, 0.000000e+000
 7.690000e-002,-2.565473e+003,-6.631953e+002, 3.208573e+003,-4.397895e+001,-1.094000e+001, 1.191611e+002, 0.000000e+000, 0.000000e+000, 0.000000e+000, 0.000000e+000
 7.695000e-002,-2.523169e+003,-7.258885e+002, 3.229038e+003,-4.342778e+001,-9.210163e+000, 1.194925e+002, 0.000000e+000, 0.000000e+000, 0.000000e+000, 0.000000e+000
 7.700000e-002,-2.479743e+003,-7.883428e+002, 3.248568e+003,-4.286752e+001,-7.485384e+000, 1.197774e+002, 0.000000e+000, 0.000000e+000, 0.000000e+000, 0.000000e+000
 7.705000e-002,-2.435642e+003,-8.505109e+002, 3.266758e+003,-4.229972e+001,-5.765403e+000, 1.200140e+002, 0.000000e+000, 0.000000e+000, 0.000000e+000, 0.000000e+000
 7.710000e-002,-2.390484e+003,-9.123667e+002, 3.283952e+003,-4.172354e+001,-4.051910e+000, 1.202037e+002, 0.000000e+000, 0.000000e+000, 0.000000e+000, 0.000000e+000
 7.715000e-002,-2.344646e+003,-9.739221e+002, 3.299841e+003,-4.114065e+001,-2.344585e+000, 1.203447e+002, 0.000000e+000, 0.000000e+000, 0.000000e+000, 0.000000e+000
 7.720000e-002,-2.297825e+003,-1.035092e+003, 3.314675e+003,-4.055001e+001,-6.450573e-001, 1.204383e+002, 0.000000e+000, 0.000000e+000, 0.000000e+000, 0.000000e+000
 7.725000e-002,-2.250314e+003,-1.095948e+003, 3.328240e+003,-3.995339e+001, 1.047033e+000, 1.204827e+002, 0.000000e+000, 0.000000e+000, 0.000000e+000, 0.000000e+000
 7.730000e-002,-2.201898e+003,-1.156347e+003, 3.340691e+003,-3.934957e+001, 2.730148e+000, 1.204794e+002, 0.000000e+000, 0.000000e+000, 0.000000e+000, 0.000000e+000
 7.735000e-002,-2.152781e+003,-1.216417e+003, 3.351912e+003,-3.874036e+001, 4.404655e+000, 1.204267e+002, 0.000000e+000, 0.000000e+000, 0.000000e+000, 0.000000e+000
 7.740000e-002,-2.102841e+003,-1.275960e+003, 3.361964e+003,-3.812444e+001, 6.069138e+000, 1.203262e+002, 0.000000e+000, 0.000000e+000, 0.000000e+000, 0.000000e+000
 7.745000e-002,-2.052188e+003,-1.335158e+003, 3.370823e+003,-3.750362e+001, 7.723947e+000, 1.201761e+002, 0.000000e+000, 0.000000e+000, 0.000000e+000, 0.000000e+000
 7.750000e-002,-2.000796e+003,-1.393764e+003, 3.378462e+003,-3.687648e+001, 9.367810e+000, 1.199781e+002, 0.000000e+000, 0.000000e+000, 0.000000e+000, 0.000000e+000
 7.755000e-002,-1.948680e+003,-1.452006e+003, 3.384945e+003,-3.624479e+001, 1.100104e+001, 1.197308e+002, 0.000000e+000, 0.000000e+000, 0.000000e+000, 0.000000e+000
 7.760000e-002,-1.895910e+003,-1.509592e+003, 3.390161e+003,-3.560709e+001, 1.262253e+001, 1.194355e+002, 0.000000e+000, 0.000000e+000, 0.000000e+000, 0.000000e+000
 7.765000e-002,-1.842406e+003,-1.566794e+003, 3.394256e+003,-3.496508e+001, 1.423253e+001, 1.190911e+002, 0.000000e+000, 0.000000e+000, 0.000000e+000, 0.000000e+000
 7.770000e-002,-1.788332e+003,-1.623282e+003, 3.397044e+003,-3.431731e+001, 1.583012e+001, 1.186989e+002, 0.000000e+000, 0.000000e+000, 0.000000e+000, 0.000000e+000
 7.775000e-002,-1.733518e+003,-1.679361e+003, 3.398742e+003,-3.366533e+001, 1.741546e+001, 1.182580e+002, 0.000000e+000, 0.000000e+000, 0.000000e+000, 0.000000e+000
 7.780000e-002,-1.678217e+003,-1.734673e+003, 3.399099e+003,-3.300776e+001, 1.898784e+001, 1.177696e+002, 0.000000e+000, 0.000000e+000, 0.000000e+000, 0.000000e+000
 7.785000e-002,-1.622174e+003,-1.789548e+003, 3.398395e+003,-3.234595e+001, 2.054733e+001, 1.172331e+002, 0.000000e+000, 0.000000e+000, 0.000000e+000, 0.000000e+000
 7.790000e-002,-1.565722e+003,-1.843609e+003, 3.396322e+003,-3.167864e+001, 2.209339e+001, 1.166496e+002, 0.000000e+000, 0.000000e+000, 0.000000e+000, 0.000000e+000
 7.795000e-002,-1.508533e+003,-1.897200e+003, 3.393215e+003,-3.100698e+001, 2.362601e+001, 1.160185e+002, 0.000000e+000, 0.000000e+000, 0.000000e+000, 0.000000e+000
 7.800000e-002,-1.451010e+003,-1.949935e+003, 3.388717e+003,-3.032982e+001, 2.514486e+001, 1.153411e+002, 0.000000e+000, 0.000000e+000, 0.000000e+000, 0.000000e+000
 7.805000e-002,-1.392758e+003,-2.002165e+003, 3.383208e+003,-2.964811e+001, 2.664980e+001, 1.146170e+002, 0.000000e+000, 0.000000e+000, 0.000000e+000, 0.000000e+000
 7.810000e-002,-1.334243e+003,-2.053503e+003, 3.376294e+003,-2.896083e+001, 2.814072e+001, 1.138472e+002, 0.000000e+000, 0.000000e+000, 0.000000e+000, 0.000000e+000
 7.815000e-002,-1.275016e+003,-2.104295e+003, 3.368386e+003,-2.826871e+001, 2.961733e+001, 1.130317e+002, 0.000000e+000, 0.000000e+000, 0.000000e+000, 0.000000e+000
 7.820000e-002,-1.215589e+003,-2.154165e+003, 3.359068e+003,-2.757088e+001, 3.107977e+001, 1.121714e+002, 0.000000e+000, 0.000000e+000, 0.000000e+000, 0.000000e+000
 7.825000e-002,-1.155474e+003,-2.203446e+003, 3.348771e+003,-2.686784e+001, 3.252759e+001, 1.112666e+002, 0.000000e+000, 0.000000e+000, 0.000000e+000, 0.000000e+000
 7.830000e-002,-1.095218e+003,-2.251780e+003, 3.337064e+003,-2.615892e+001, 3.396112e+001, 1.103178e+002, 0.000000e+000, 0.000000e+000, 0.000000e+000, 0.000000e+000
 7.835000e-002,-1.034303e+003,-2.299477e+003, 3.324388e+003,-2.544436e+001, 3.537982e+001, 1.093258e+002, 0.000000e+000, 0.000000e+000, 0.000000e+000, 0.000000e+000
 7.840000e-002,-9.733019e+002,-2.346208e+003, 3.310311e+003,-2.472367e+001, 3.678418e+001, 1.082910e+002, 0.000000e+000, 0.000000e+000, 0.000000e+000, 0.000000e+000
 7.845000e-002,-9.116770e+002,-2.392253e+003, 3.295272e+003,-2.399689e+001, 3.817353e+001, 1.072143e+002, 0.000000e+000, 0.000000e+000, 0.000000e+000, 0.000000e+000
 7.850000e-002,-8.500143e+002,-2.437318e+003, 3.278848e+003,-2.326370e+001, 3.954853e+001, 1.060960e+002, 0.000000e+000, 0.000000e+000, 0.000000e+000, 0.000000e+000
 7.855000e-002,-7.877701e+002,-2.481643e+003, 3.261463e+003,-2.252392e+001, 4.090843e+001, 1.049373e+002, 0.000000e+000, 0.000000e+000, 0.000000e+000, 0.000000e+000
 7.860000e-002,-7.255312e+002,-2.524978e+003, 3.242716e+003,-2.177742e+001, 4.225400e+001, 1.037384e+002, 0.000000e+000, 0.000000e+000, 0.000000e+000, 0.000000e+000
 7.865000e-002,-6.627588e+002,-2.567519e+003, 3.223008e+003,-2.102385e+001, 4.358441e+001, 1.025006e+002, 0.000000e+000, 0.000000e+000, 0.000000e+000, 0.000000e+000
 7.870000e-002,-6.000301e+002,-2.609065e+003, 3.201969e+003,-2.026322e+001, 4.490053e+001, 1.012241e+002, 0.000000e+000, 0.000000e+000, 0.000000e+000, 0.000000e+000
 7.875000e-002,-5.368207e+002,-2.649760e+003, 3.179962e+003,-1.949502e+001, 4.620146e+001, 9.991029e+001, 0.000000e+000, 0.000000e+000, 0.000000e+000, 0.000000e+000
 7.880000e-002,-4.736896e+002,-2.689459e+003, 3.156661e+003,-1.871943e+001, 4.748817e+001, 9.855938e+001, 0.000000e+000, 0.000000e+000, 0.000000e+000, 0.000000e+000
 7.885000e-002,-4.101345e+002,-2.728250e+003, 3.132386e+003,-1.793582e+001, 4.875969e+001, 9.717296e+001, 0.000000e+000, 0.000000e+000, 0.000000e+000, 0.000000e+000
 7.890000e-002,-3.466895e+002,-2.766046e+003, 3.106857e+003,-1.714447e+001, 5.001704e+001, 9.575103e+001, 0.000000e+000, 0.000000e+000, 0.000000e+000, 0.000000e+000
 7.895000e-002,-2.828800e+002,-2.802876e+003, 3.080346e+003,-1.634468e+001, 5.125922e+001, 9.429540e+001, 0.000000e+000, 0.000000e+000, 0.000000e+000, 0.000000e+000
 7.900000e-002,-2.192102e+002,-2.838716e+003, 3.052628e+003,-1.553682e+001, 5.248728e+001, 9.280598e+001, 0.000000e+000, 0.000000e+000, 0.000000e+000, 0.000000e+000
 7.905000e-002,-1.552373e+002,-2.873533e+003, 3.023917e+003,-1.472017e+001, 5.370020e+001, 9.128472e+001, 0.000000e+000, 0.000000e+000, 0.000000e+000, 0.000000e+000
 7.910000e-002,-9.143262e+001,-2.907365e+003, 2.994051e+003,-1.389514e+001, 5.489901e+001, 8.973146e+001, 0.000000e+000, 0.000000e+000, 0.000000e+000, 0.000000e+000
 7.915000e-002,-2.738704e+001,-2.940120e+003, 2.963180e+003,-1.306104e+001, 5.608272e+001, 8.814825e+001, 0.000000e+000, 0.000000e+000, 0.000000e+000, 0.000000e+000
 7.920000e-002, 3.646211e+001,-2.971896e+003, 2.931207e+003,-1.221830e+001, 5.725232e+001, 8.653488e+001, 0.000000e+000, 0.000000e+000, 0.000000e+000, 0.000000e+000
 7.925000e-002, 1.004900e+002,-3.002542e+003, 2.898219e+003,-1.136627e+001, 5.840681e+001, 8.489346e+001, 0.000000e+000, 0.000000e+000, 0.000000e+000, 0.000000e+000
 7.930000e-002, 1.642929e+002,-3.032215e+003, 2.864188e+003,-1.050541e+001, 5.954716e+001, 8.322379e+001, 0.000000e+000, 0.000000e+000, 0.000000e+000, 0.000000e+000
 7.935000e-002, 2.282132e+002,-3.060708e+003, 2.829130e+003,-9.635134e+000, 6.067241e+001, 8.152799e+001, 0.000000e+000, 0.000000e+000, 0.000000e+000, 0.000000e+000
 7.940000e-002, 2.918788e+002,-3.088237e+003, 2.793087e+003,-8.755896e+000, 6.178342e+001, 7.980585e+001, 0.000000e+000, 0.000000e+000, 0.000000e+000, 0.000000e+000
 7.945000e-002, 3.556023e+002,-3.114537e+003, 2.756009e+003,-7.867208e+000, 6.287928e+001, 7.805949e+001, 0.000000e+000, 0.000000e+000, 0.000000e+000, 0.000000e+000
 7.950000e-002, 4.190396e+002,-3.139879e+003, 2.718006e+003,-6.969514e+000, 6.396078e+001, 7.628874e+001, 0.000000e+000, 0.000000e+000, 0.000000e+000, 0.000000e+000
 7.955000e-002, 4.824775e+002,-3.163951e+003, 2.678962e+003,-6.062443e+000, 6.502705e+001, 7.449566e+001, 0.000000e+000, 0.000000e+000, 0.000000e+000, 0.000000e+000
 7.960000e-002, 5.455958e+002,-3.187069e+003, 2.639053e+003,-5.146411e+000, 6.607877e+001, 7.268011e+001, 0.000000e+000, 0.000000e+000, 0.000000e+000, 0.000000e+000
 7.965000e-002, 6.086599e+002,-3.208878e+003, 2.598100e+003,-4.221181e+000, 6.711512e+001, 7.084409e+001, 0.000000e+000, 0.000000e+000, 0.000000e+000, 0.000000e+000
 7.970000e-002, 6.713688e+002,-3.229738e+003, 2.556340e+003,-3.287139e+000, 6.813669e+001, 6.898755e+001, 0.000000e+000, 0.000000e+000, 0.000000e+000, 0.000000e+000
 7.975000e-002, 7.339716e+002,-3.249253e+003, 2.513537e+003,-2.344188e+000, 6.914270e+001, 6.711234e+001, 0.000000e+000, 0.000000e+000, 0.000000e+000, 0.000000e+000
 7.980000e-002, 7.961813e+002,-3.267823e+003, 2.469986e+003,-1.392685e+000, 7.013362e+001, 6.521852e+001, 0.000000e+000, 0.000000e+000, 0.000000e+000, 0.000000e+000
 7.985000e-002, 8.582360e+002,-3.285018e+003, 2.425396e+003,-4.326738e-001, 7.110874e+001, 6.330779e+001, 0.000000e+000, 0.000000e+000, 0.000000e+000, 0.000000e+000
 7.990000e-002, 9.198576e+002,-3.301270e+003, 2.380114e+003, 5.355122e-001, 7.206839e+001, 6.138031e+001, 0.000000e+000, 0.000000e+000, 0.000000e+000, 0.000000e+000
 7.995000e-002, 9.812779e+002,-3.316121e+003, 2.333804e+003, 1.511695e+000, 7.301193e+001, 5.943763e+001, 0.000000e+000, 0.000000e+000, 0.000000e+000, 0.000000e+000
 8.000000e-002, 1.042224e+003,-3.330030e+003, 2.286852e+003, 2.495553e+000, 7.393955e+001, 5.748001e+001, 0.000000e+000, 0.000000e+000, 0.000000e+000, 0.000000e+000
 8.005000e-002, 1.102924e+003,-3.342516e+003, 2.238891e+003, 3.486785e+000, 7.485068e+001, 5.550880e+001, 0.000000e+000, 0.000000e+000, 0.000000e+000, 0.000000e+000
 8.010000e-002, 1.163107e+003,-3.354060e+003, 2.190336e+003, 4.485067e+000, 7.574538e+001, 5.352443e+001, 0.000000e+000, 0.000000e+000, 0.000000e+000, 0.000000e+000
 8.015000e-002, 1.223003e+003,-3.364164e+003, 2.140794e+003, 5.489994e+000, 7.662312e+001, 5.152802e+001, 0.000000e+000, 0.000000e+000, 0.000000e+000, 0.000000e+000
 8.020000e-002, 1.282338e+003,-3.373325e+003, 2.090702e+003, 6.501219e+000, 7.748386e+001, 4.952013e+001, 0.000000e+000, 0.000000e+000, 0.000000e+000, 0.000000e+000
 8.025000e-002, 1.341345e+003,-3.381032e+003, 2.039654e+003, 7.518256e+000, 7.832710e+001, 4.750166e+001, 0.000000e+000, 0.000000e+000, 0.000000e+000, 0.000000e+000
 8.030000e-002, 1.399748e+003,-3.387796e+003, 1.988094e+003, 8.540716e+000, 7.915268e+001, 4.547334e+001, 0.000000e+000, 0.000000e+000, 0.000000e+000, 0.000000e+000
 8.035000e-002, 1.457784e+003,-3.393097e+003, 1.935617e+003, 9.568055e+000, 7.996014e+001, 4.343579e+001, 0.000000e+000, 0.000000e+000, 0.000000e+000, 0.000000e+000
 8.040000e-002, 1.515173e+003,-3.397451e+003, 1.882660e+003, 1.059982e+001, 8.074921e+001, 4.138995e+001, 0.000000e+000, 0.000000e+000, 0.000000e+000, 0.000000e+000
 8.045000e-002, 1.572156e+003,-3.400337e+003, 1.828831e+003, 1.163544e+001, 8.151948e+001, 3.933616e+001, 0.000000e+000, 0.000000e+000, 0.000000e+000, 0.000000e+000
 8.050000e-002, 1.628450e+003,-3.402276e+003, 1.774549e+003, 1.267437e+001, 8.227056e+001, 3.727553e+001, 0.000000e+000, 0.000000e+000, 0.000000e+000, 0.000000e+000
 8.055000e-002, 1.684298e+003,-3.402743e+003, 1.719450e+003, 1.371604e+001, 8.300205e+001, 3.520814e+001, 0.000000e+000, 0.000000e+000, 0.000000e+000, 0.000000e+000
 8.060000e-002, 1.739419e+003,-3.402260e+003, 1.663919e+003, 1.475981e+001, 8.371351e+001, 3.313527e+001, 0.000000e+000, 0.000000e+000, 0.000000e+000, 0.000000e+000
 8.065000e-002, 1.794054e+003,-3.400308e+003, 1.607630e+003, 1.580511e+001, 8.440453e+001, 3.105674e+001, 0.000000e+000, 0.000000e+000, 0.000000e+000, 0.000000e+000
 8.070000e-002, 1.847925e+003,-3.397405e+003, 1.550926e+003, 1.685121e+001, 8.507458e+001, 2.897402e+001, 0.000000e+000, 0.000000e+000, 0.000000e+000, 0.000000e+000
 8.075000e-002, 1.901269e+003,-3.393035e+003, 1.493533e+003, 1.789756e+001, 8.572327e+001, 2.688666e+001, 0.000000e+000, 0.000000e+000, 0.000000e+000, 0.000000e+000
 8.080000e-002, 1.953814e+003,-3.387714e+003, 1.435734e+003, 1.894331e+001, 8.635002e+001, 2.479628e+001, 0.000000e+000, 0.000000e+000, 0.000000e+000, 0.000000e+000
 8.085000e-002, 2.005790e+003,-3.380932e+003, 1.377321e+003, 1.998796e+001, 8.695443e+001, 2.270222e+001, 0.000000e+000, 0.000000e+000, 0.000000e+000, 0.000000e+000
 8.090000e-002, 2.056938e+003,-3.373200e+003, 1.318507e+003, 2.103055e+001, 8.753584e+001, 2.060623e+001, 0.000000e+000, 0.000000e+000, 0.000000e+000, 0.000000e+000
 8.095000e-002, 2.107470e+003,-3.364017e+003, 1.259160e+003, 2.207064e+001, 8.809387e+001, 1.850743e+001, 0.000000e+000, 0.000000e+000, 0.000000e+000, 0.000000e+000
 8.100000e-002, 2.157150e+003,-3.353883e+003, 1.199414e+003, 2.310712e+001, 8.862782e+001, 1.640771e+001, 0.000000e+000, 0.000000e+000, 0.000000e+000, 0.000000e+000
 8.105000e-002, 2.206166e+003,-3.342310e+003, 1.139220e+003, 2.413966e+001, 8.913728e+001, 1.430601e+001, 0.000000e+000, 0.000000e+000, 0.000000e+000, 0.000000e+000
 8.110000e-002, 2.254309e+003,-3.329789e+003, 1.078624e+003, 2.516701e+001, 8.962153e+001, 1.220430e+001, 0.000000e+000, 0.000000e+000, 0.000000e+000, 0.000000e+000
 8.115000e-002, 2.301739e+003,-3.315843e+003, 1.017672e+003, 2.618892e+001, 9.008018e+001, 1.010137e+001, 0.000000e+000, 0.000000e+000, 0.000000e+000, 0.000000e+000
 8.120000e-002, 2.348277e+003,-3.300951e+003, 9.563116e+002, 2.720404e+001, 9.051242e+001, 7.999282e+000, 0.000000e+000, 0.000000e+000, 0.000000e+000, 0.000000e+000
 8.125000e-002, 2.394052e+003,-3.284651e+003, 8.946884e+002, 2.821219e+001, 9.091791e+001, 5.896713e+000, 0.000000e+000, 0.000000e+000, 0.000000e+000, 0.000000e+000
 8.130000e-002, 2.438921e+003,-3.267409e+003, 8.326505e+002, 2.921192e+001, 9.129578e+001, 3.795755e+000, 0.000000e+000, 0.000000e+000, 0.000000e+000, 0.000000e+000
 8.135000e-002, 2.482975e+003,-3.248778e+003, 7.704451e+002, 3.020312e+001, 9.164574e+001, 1.695024e+000, 0.000000e+000, 0.000000e+000, 0.000000e+000, 0.000000e+000
 8.140000e-002, 2.526114e+003,-3.229210e+003, 7.078176e+002, 3.118428e+001, 9.196686e+001,-4.033884e-001, 0.000000e+000, 0.000000e+000, 0.000000e+000, 0.000000e+000
 8.145000e-002, 2.568383e+003,-3.208275e+003, 6.451188e+002, 3.215535e+001, 9.225887e+001,-2.500879e+000, 0.000000e+000, 0.000000e+000, 0.000000e+000, 0.000000e+000
 8.150000e-002, 2.609729e+003,-3.186407e+003, 5.819911e+002, 3.311476e+001, 9.252082e+001,-4.595396e+000, 0.000000e+000, 0.000000e+000, 0.000000e+000, 0.000000e+000
 8.155000e-002, 2.650155e+003,-3.163198e+003, 5.188876e+002, 3.406252e+001, 9.275250e+001,-6.688298e+000, 0.000000e+000, 0.000000e+000, 0.000000e+000, 0.000000e+000
 8.160000e-002, 2.689651e+003,-3.139060e+003, 4.553505e+002, 3.499702e+001, 9.295289e+001,-8.777614e+000, 0.000000e+000, 0.000000e+000, 0.000000e+000, 0.000000e+000
 8.165000e-002, 2.728173e+003,-3.113612e+003, 3.919308e+002, 3.591831e+001, 9.312186e+001,-1.086461e+001, 0.000000e+000, 0.000000e+000, 0.000000e+000, 0.000000e+000
 8.170000e-002, 2.765763e+003,-3.087237e+003, 3.280760e+002, 3.682480e+001, 9.325833e+001,-1.294745e+001, 0.000000e+000, 0.000000e+000, 0.000000e+000, 0.000000e+000
 8.175000e-002, 2.802328e+003,-3.059586e+003, 2.644285e+002, 3.771653e+001, 9.336228e+001,-1.502724e+001, 0.000000e+000, 0.000000e+000, 0.000000e+000, 0.000000e+000
 8.180000e-002, 2.837958e+003,-3.031011e+003, 2.003490e+002, 3.859198e+001, 9.343256e+001,-1.710231e+001, 0.000000e+000, 0.000000e+000, 0.000000e+000, 0.000000e+000
 8.185000e-002, 2.872514e+003,-3.001197e+003, 1.365613e+002, 3.945116e+001, 9.346925e+001,-1.917359e+001, 0.000000e+000, 0.000000e+000, 0.000000e+000, 0.000000e+000
 8.190000e-002, 2.906132e+003,-2.970461e+003, 7.235072e+001, 4.029261e+001, 9.347114e+001,-2.123958e+001, 0.000000e+000, 0.000000e+000, 0.000000e+000, 0.000000e+000
 8.195000e-002, 2.938630e+003,-2.938529e+003, 8.510448e+000, 4.111633e+001, 9.343845e+001,-2.330100e+001, 0.000000e+000, 0.000000e+000, 0.000000e+000, 0.000000e+000
 8.200000e-002, 2.970188e+003,-2.905674e+003,-5.573696e+001, 4.192096e+001, 9.336990e+001,-2.535657e+001, 0.000000e+000, 0.000000e+000, 0.000000e+000, 0.000000e+000
 8.205000e-002, 3.000583e+003,-2.871671e+003,-1.195429e+002, 4.270646e+001, 9.326585e+001,-2.740673e+001, 0.000000e+000, 0.000000e+000, 0.000000e+000, 0.000000e+000
 8.210000e-002, 3.030034e+003,-2.836743e+003,-1.837324e+002, 4.347159e+001, 9.312496e+001,-2.945046e+001, 0.000000e+000, 0.000000e+000, 0.000000e+000, 0.000000e+000
 8.215000e-002, 3.058285e+003,-2.800718e+003,-2.474176e+002, 4.421624e+001, 9.294775e+001,-3.148791e+001, 0.000000e+000, 0.000000e+000, 0.000000e+000, 0.000000e+000
 8.220000e-002, 3.085584e+003,-2.763765e+003,-3.114543e+002, 4.493933e+001, 9.273280e+001,-3.351830e+001, 0.000000e+000, 0.000000e+000, 0.000000e+000, 0.000000e+000
 8.225000e-002, 3.111651e+003,-2.725772e+003,-3.749328e+002, 4.564068e+001, 9.248081e+001,-3.554148e+001, 0.000000e+000, 0.000000e+000, 0.000000e+000, 0.000000e+000
 8.230000e-002, 3.136758e+003,-2.686846e+003,-4.387219e+002, 4.631939e+001, 9.219032e+001,-3.755695e+001, 0.000000e+000, 0.000000e+000, 0.000000e+000, 0.000000e+000
 8.235000e-002, 3.160606e+003,-2.646940e+003,-5.019084e+002, 4.697516e+001, 9.186217e+001,-3.956421e+001, 0.000000e+000, 0.000000e+000, 0.000000e+000, 0.000000e+000
 8.240000e-002, 3.183482e+003,-2.606095e+003,-5.653553e+002, 4.760732e+001, 9.149487e+001,-4.156305e+001, 0.000000e+000, 0.000000e+000, 0.000000e+000, 0.000000e+000
 8.245000e-002, 3.205079e+003,-2.564337e+003,-6.281649e+002, 4.821547e+001, 9.108945e+001,-4.355261e+001, 0.000000e+000, 0.000000e+000, 0.000000e+000, 0.000000e+000
 8.250000e-002, 3.225690e+003,-2.521629e+003,-6.911756e+002, 4.879911e+001, 9.064436e+001,-4.553300e+001, 0.000000e+000, 0.000000e+000, 0.000000e+000, 0.000000e+000
 8.255000e-002, 3.245006e+003,-2.478079e+003,-7.535240e+002, 4.935779e+001, 9.016081e+001,-4.750299e+001, 0.000000e+000, 0.000000e+000, 0.000000e+000, 0.000000e+000
 8.260000e-002, 3.263319e+003,-2.433570e+003,-8.160052e+002, 4.989120e+001, 8.963726e+001,-4.946296e+001, 0.000000e+000, 0.000000e+000, 0.000000e+000, 0.000000e+000
 8.265000e-002, 3.280328e+003,-2.388291e+003,-8.778087e+002, 5.039880e+001, 8.907504e+001,-5.141136e+001, 0.000000e+000, 0.000000e+000, 0.000000e+000, 0.000000e+000
 8.270000e-002, 3.296316e+003,-2.342043e+003,-9.396683e+002, 5.088048e+001, 8.847263e+001,-5.334882e+001, 0.000000e+000, 0.000000e+000, 0.000000e+000, 0.000000e+000
 8.275000e-002, 3.310995e+003,-2.295103e+003,-1.000843e+003, 5.133563e+001, 8.783153e+001,-5.527347e+001, 0.000000e+000, 0.000000e+000, 0.000000e+000, 0.000000e+000
 8.280000e-002, 3.324631e+003,-2.247182e+003,-1.061990e+003, 5.176433e+001, 8.715024e+001,-5.718618e+001, 0.000000e+000, 0.000000e+000, 0.000000e+000, 0.000000e+000
 8.285000e-002, 3.336961e+003,-2.198647e+003,-1.122454e+003, 5.216591e+001, 8.643037e+001,-5.908481e+001, 0.000000e+000, 0.000000e+000, 0.000000e+000, 0.000000e+000
 8.290000e-002, 3.348225e+003,-2.149122e+003,-1.182799e+003, 5.254064e+001, 8.567050e+001,-6.097040e+001, 0.000000e+000, 0.000000e+000, 0.000000e+000, 0.000000e+000
 8.295000e-002, 3.358187e+003,-2.099063e+003,-1.242469e+003, 5.288781e+001, 8.487234e+001,-6.284057e+001, 0.000000e+000, 0.000000e+000, 0.000000e+000, 0.000000e+000
 8.300000e-002, 3.367061e+003,-2.048005e+003,-1.301925e+003, 5.320782e+001, 8.403457e+001,-6.469653e+001, 0.000000e+000, 0.000000e+000, 0.000000e+000, 0.000000e+000
 8.305000e-002, 3.374643e+003,-1.996495e+003,-1.360719e+003, 5.349999e+001, 8.315894e+001,-6.653570e+001, 0.000000e+000, 0.000000e+000, 0.000000e+000, 0.000000e+000
 8.310000e-002, 3.381112e+003,-1.943977e+003,-1.419199e+003, 5.376483e+001, 8.224431e+001,-6.835938e+001, 0.000000e+000, 0.000000e+000, 0.000000e+000, 0.000000e+000
 8.315000e-002, 3.386302e+003,-1.891088e+003,-1.477036e+003, 5.400168e+001, 8.129243e+001,-7.016486e+001, 0.000000e+000, 0.000000e+000, 0.000000e+000, 0.000000e+000
 8.320000e-002, 3.390356e+003,-1.837188e+003,-1.534458e+003, 5.421115e+001, 8.030234e+001,-7.195351e+001, 0.000000e+000, 0.000000e+000, 0.000000e+000, 0.000000e+000
 8.325000e-002, 3.393147e+003,-1.782995e+003,-1.591257e+003, 5.439263e+001, 7.927579e+001,-7.372252e+001, 0.000000e+000, 0.000000e+000, 0.000000e+000, 0.000000e+000
 8.330000e-002, 3.394781e+003,-1.727792e+003,-1.647538e+003, 5.454680e+001, 7.821202e+001,-7.547324e+001, 0.000000e+000, 0.000000e+000, 0.000000e+000, 0.000000e+000
 8.335000e-002, 3.395167e+003,-1.672372e+003,-1.703219e+003, 5.467313e+001, 7.711275e+001,-7.720287e+001, 0.000000e+000, 0.000000e+000, 0.000000e+000, 0.000000e+000
 8.340000e-002, 3.394377e+003,-1.615947e+003,-1.758281e+003, 5.477235e+001, 7.597743e+001,-7.891271e+001, 0.000000e+000, 0.000000e+000, 0.000000e+000, 0.000000e+000
 8.345000e-002, 3.392357e+003,-1.559376e+003,-1.812764e+003, 5.484402e+001, 7.480774e+001,-8.059997e+001, 0.000000e+000, 0.000000e+000, 0.000000e+000, 0.000000e+000
 8.350000e-002, 3.389144e+003,-1.501813e+003,-1.866531e+003, 5.488888e+001, 7.360339e+001,-8.226585e+001, 0.000000e+000, 0.000000e+000, 0.000000e+000, 0.000000e+000
 8.355000e-002, 3.384719e+003,-1.444171e+003,-1.919738e+003, 5.490664e+001, 7.236593e+001,-8.390767e+001, 0.000000e+000, 0.000000e+000, 0.000000e+000, 0.000000e+000
 8.360000e-002, 3.379089e+003,-1.385554e+003,-1.972135e+003, 5.489800e+001, 7.109537e+001,-8.552647e+001, 0.000000e+000, 0.000000e+000, 0.000000e+000, 0.000000e+000
 8.365000e-002, 3.372263e+003,-1.326922e+003,-2.023989e+003, 5.486283e+001, 6.979314e+001,-8.711970e+001, 0.000000e+000, 0.000000e+000, 0.000000e+000, 0.000000e+000
 8.370000e-002, 3.364225e+003,-1.267339e+003,-2.074944e+003, 5.480180e+001, 6.845953e+001,-8.868823e+001, 0.000000e+000, 0.000000e+000, 0.000000e+000, 0.000000e+000
 8.375000e-002, 3.355005e+003,-1.207796e+003,-2.125368e+003, 5.471495e+001, 6.709581e+001,-9.022968e+001, 0.000000e+000, 0.000000e+000, 0.000000e+000, 0.000000e+000
 8.380000e-002, 3.344571e+003,-1.147335e+003,-2.174813e+003, 5.460287e+001, 6.570261e+001,-9.174473e+001, 0.000000e+000, 0.000000e+000, 0.000000e+000, 0.000000e+000
 8.385000e-002, 3.332969e+003,-1.086965e+003,-2.223734e+003, 5.446578e+001, 6.428101e+001,-9.323120e+001, 0.000000e+000, 0.000000e+000, 0.000000e+000, 0.000000e+000
 8.390000e-002, 3.320155e+003,-1.025717e+003,-2.271601e+003, 5.430421e+001, 6.283195e+001,-9.468952e+001, 0.000000e+000, 0.000000e+000, 0.000000e+000, 0.000000e+000
 8.395000e-002, 3.306185e+003,-9.646005e+002,-2.318945e+003, 5.411855e+001, 6.135630e+001,-9.611778e+001, 0.000000e+000, 0.000000e+000, 0.000000e+000, 0.000000e+000
 8.400000e-002, 3.291010e+003,-9.026563e+002,-2.365172e+003, 5.390926e+001, 5.985534e+001,-9.751614e+001, 0.000000e+000, 0.000000e+000, 0.000000e+000, 0.000000e+000
 8.405000e-002, 3.274689e+003,-8.408785e+002,-2.410869e+003, 5.367690e+001, 5.832973e+001,-9.888297e+001, 0.000000e+000, 0.000000e+000, 0.000000e+000, 0.000000e+000
 8.410000e-002, 3.257178e+003,-7.783303e+002,-2.455393e+003, 5.342184e+001, 5.678105e+001,-1.002182e+002, 0.000000e+000, 0.000000e+000, 0.000000e+000, 0.000000e+000
 8.415000e-002, 3.238526e+003,-7.159756e+002,-2.499374e+003, 5.314479e+001, 5.520974e+001,-1.015204e+002, 0.000000e+000, 0.000000e+000, 0.000000e+000, 0.000000e+000
 8.420000e-002, 3.218704e+003,-6.529161e+002,-2.542136e+003, 5.284607e+001, 5.361769e+001,-1.027892e+002, 0.000000e+000, 0.000000e+000, 0.000000e+000, 0.000000e+000
 8.425000e-002, 3.197747e+003,-5.900699e+002,-2.584334e+003, 5.252653e+001, 5.200513e+001,-1.040236e+002, 0.000000e+000, 0.000000e+000, 0.000000e+000, 0.000000e+000
 8.430000e-002, 3.175644e+003,-5.265923e+002,-2.625278e+003, 5.218640e+001, 5.037419e+001,-1.052230e+002, 0.000000e+000, 0.000000e+000, 0.000000e+000, 0.000000e+000
 8.435000e-002, 3.152410e+003,-4.633410e+002,-2.665630e+003, 5.182667e+001, 4.872491e+001,-1.063866e+002, 0.000000e+000, 0.000000e+000, 0.000000e+000, 0.000000e+000
 8.440000e-002, 3.128058e+003,-3.995386e+002,-2.704701e+003, 5.144751e+001, 4.705968e+001,-1.075135e+002, 0.000000e+000, 0.000000e+000, 0.000000e+000, 0.000000e+000
 8.445000e-002, 3.102578e+003,-3.359692e+002,-2.743146e+003, 5.104999e+001, 4.537831e+001,-1.086032e+002, 0.000000e+000, 0.000000e+000, 0.000000e+000, 0.000000e+000
 8.450000e-002, 3.076012e+003,-2.719355e+002,-2.780292e+003, 5.063426e+001, 4.368342e+001,-1.096547e+002, 0.000000e+000, 0.000000e+000, 0.000000e+000, 0.000000e+000
 8.455000e-002, 3.048322e+003,-2.081357e+002,-2.816773e+003, 5.020144e+001, 4.197464e+001,-1.106676e+002, 0.000000e+000, 0.000000e+000, 0.000000e+000, 0.000000e+000
 8.460000e-002, 3.019581e+003,-1.439638e+002,-2.851944e+003, 4.975166e+001, 4.025475e+001,-1.116408e+002, 0.000000e+000, 0.000000e+000, 0.000000e+000, 0.000000e+000
 8.465000e-002, 2.989720e+003,-8.002203e+001,-2.886405e+003, 4.928608e+001, 3.852322e+001,-1.125743e+002, 0.000000e+000, 0.000000e+000, 0.000000e+000, 0.000000e+000
 8.470000e-002, 2.958845e+003,-1.580468e+001,-2.919554e+003, 4.880481e+001, 3.678297e+001,-1.134665e+002, 0.000000e+000, 0.000000e+000, 0.000000e+000, 0.000000e+000
 8.475000e-002, 2.926856e+003, 4.819004e+001,-2.951945e+003, 4.830902e+001, 3.503333e+001,-1.143178e+002, 0.000000e+000, 0.000000e+000, 0.000000e+000, 0.000000e+000
 8.480000e-002, 2.893890e+003, 1.123605e+002,-2.983025e+003, 4.779883e+001, 3.327729e+001,-1.151265e+002, 0.000000e+000, 0.000000e+000, 0.000000e+000, 0.000000e+000
 8.485000e-002, 2.859819e+003, 1.763188e+002,-3.013298e+003, 4.727537e+001, 3.151410e+001,-1.158931e+002, 0.000000e+000, 0.000000e+000, 0.000000e+000, 0.000000e+000
 8.490000e-002, 2.824809e+003, 2.403510e+002,-3.042267e+003, 4.673881e+001, 2.974676e+001,-1.166160e+002, 0.000000e+000, 0.000000e+000, 0.000000e+000, 0.000000e+000
 8.495000e-002, 2.788706e+003, 3.041830e+002,-3.070377e+003, 4.619019e+001, 2.797444e+001,-1.172956e+002, 0.000000e+000, 0.000000e+000, 0.000000e+000, 0.000000e+000
 8.500000e-002, 2.751700e+003, 3.679861e+002,-3.097195e+003, 4.562975e+001, 2.620015e+001,-1.179304e+002, 0.000000e+000, 0.000000e+000, 0.000000e+000, 0.000000e+000
 8.505000e-002, 2.713618e+003, 4.316018e+002,-3.123102e+003, 4.505843e+001, 2.442300e+001,-1.185209e+002, 0.000000e+000, 0.000000e+000, 0.000000e+000, 0.000000e+000
 8.510000e-002, 2.674668e+003, 4.950861e+002,-3.147730e+003, 4.447654e+001, 2.264595e+001,-1.190656e+002, 0.000000e+000, 0.000000e+000, 0.000000e+000, 0.000000e+000
 8.515000e-002, 2.634663e+003, 5.583953e+002,-3.171397e+003, 4.388486e+001, 2.086808e+001,-1.195650e+002, 0.000000e+000, 0.000000e+000, 0.000000e+000, 0.000000e+000
 8.520000e-002, 2.593823e+003, 6.214720e+002,-3.193799e+003, 4.328384e+001, 1.909226e+001,-1.200178e+002, 0.000000e+000, 0.000000e+000, 0.000000e+000, 0.000000e+000
 8.525000e-002, 2.551954e+003, 6.843845e+002,-3.215192e+003, 4.267407e+001, 1.731759e+001,-1.204245e+002, 0.000000e+000, 0.000000e+000, 0.000000e+000, 0.000000e+000
 8.530000e-002, 2.509281e+003, 7.469661e+002,-3.235336e+003, 4.205609e+001, 1.554678e+001,-1.207838e+002, 0.000000e+000, 0.000000e+000, 0.000000e+000, 0.000000e+000
 8.535000e-002, 2.465611e+003, 8.093921e+002,-3.254426e+003, 4.143035e+001, 1.377897e+001,-1.210963e+002, 0.000000e+000, 0.000000e+000, 0.000000e+000, 0.000000e+000
 8.540000e-002, 2.421165e+003, 8.713920e+002,-3.272282e+003, 4.079745e+001, 1.201672e+001,-1.213608e+002, 0.000000e+000, 0.000000e+000, 0.000000e+000, 0.000000e+000
 8.545000e-002, 2.375756e+003, 9.332418e+002,-3.289042e+003, 4.015768e+001, 1.025920e+001,-1.215778e+002, 0.000000e+000, 0.000000e+000, 0.000000e+000, 0.000000e+000
 8.550000e-002, 2.329599e+003, 9.945750e+002,-3.304582e+003, 3.951174e+001, 8.508774e+000,-1.217463e+002, 0.000000e+000, 0.000000e+000, 0.000000e+000, 0.000000e+000
 8.555000e-002, 2.282521e+003, 1.055759e+003,-3.318990e+003, 3.885973e+001, 6.764713e+000,-1.218668e+002, 0.000000e+000, 0.000000e+000, 0.000000e+000, 0.000000e+000
 8.560000e-002, 2.234717e+003, 1.116342e+003,-3.332190e+003, 3.820242e+001, 5.029127e+000,-1.219385e+002, 0.000000e+000, 0.000000e+000, 0.000000e+000, 0.000000e+000
 8.565000e-002, 2.186037e+003, 1.176773e+003,-3.344226e+003, 3.753976e+001, 3.301399e+000,-1.219618e+002, 0.000000e+000, 0.000000e+000, 0.000000e+000, 0.000000e+000
 8.570000e-002, 2.136655e+003, 1.236522e+003,-3.355065e+003, 3.687255e+001, 1.583385e+000,-1.219361e+002, 0.000000e+000, 0.000000e+000, 0.000000e+000, 0.000000e+000
 8.575000e-002, 2.086445e+003, 1.296111e+003,-3.364715e+003, 3.620062e+001,-1.254155e-001,-1.218618e+002, 0.000000e+000, 0.000000e+000, 0.000000e+000, 0.000000e+000
 8.580000e-002, 2.035553e+003, 1.354946e+003,-3.373174e+003, 3.552478e+001,-1.823412e+000,-1.217384e+002, 0.000000e+000, 0.000000e+000, 0.000000e+000, 0.000000e+000
 8.585000e-002, 1.983886e+003, 1.413608e+003,-3.380424e+003, 3.484474e+001,-3.510980e+000,-1.215662e+002, 0.000000e+000, 0.000000e+000, 0.000000e+000, 0.000000e+000
 8.590000e-002, 1.931558e+003, 1.471448e+003,-3.386490e+003, 3.416130e+001,-5.186800e+000,-1.213450e+002, 0.000000e+000, 0.000000e+000, 0.000000e+000, 0.000000e+000
 8.595000e-002, 1.878509e+003, 1.529097e+003,-3.391333e+003, 3.347409e+001,-6.851119e+000,-1.210751e+002, 0.000000e+000, 0.000000e+000, 0.000000e+000, 0.000000e+000
 8.600000e-002, 1.824819e+003, 1.585864e+003,-3.394993e+003, 3.278387e+001,-8.502889e+000,-1.207564e+002, 0.000000e+000, 0.000000e+000, 0.000000e+000, 0.000000e+000
 8.605000e-002, 1.770465e+003, 1.642417e+003,-3.397422e+003, 3.209021e+001,-1.014222e+001,-1.203891e+002, 0.000000e+000, 0.000000e+000, 0.000000e+000, 0.000000e+000
 8.610000e-002, 1.715490e+003, 1.698034e+003,-3.398670e+003, 3.139379e+001,-1.176835e+001,-1.199734e+002, 0.000000e+000, 0.000000e+000, 0.000000e+000, 0.000000e+000
 8.615000e-002, 1.659908e+003, 1.753408e+003,-3.398684e+003, 3.069415e+001,-1.338124e+001,-1.195094e+002, 0.000000e+000, 0.000000e+000, 0.000000e+000, 0.000000e+000
 8.620000e-002, 1.603729e+003, 1.807799e+003,-3.397516e+003, 2.999189e+001,-1.498039e+001,-1.189975e+002, 0.000000e+000, 0.000000e+000, 0.000000e+000, 0.000000e+000
 8.625000e-002, 1.546997e+003, 1.861914e+003,-3.395114e+003, 2.928654e+001,-1.656565e+001,-1.184378e+002, 0.000000e+000, 0.000000e+000, 0.000000e+000, 0.000000e+000
 8.630000e-002, 1.489695e+003, 1.915005e+003,-3.391529e+003, 2.857858e+001,-1.813674e+001,-1.178308e+002, 0.000000e+000, 0.000000e+000, 0.000000e+000, 0.000000e+000
 8.635000e-002, 1.431895e+003, 1.967782e+003,-3.386716e+003, 2.786757e+001,-1.969341e+001,-1.171767e+002, 0.000000e+000, 0.000000e+000, 0.000000e+000, 0.000000e+000
 8.640000e-002, 1.373554e+003, 2.019502e+003,-3.380719e+003, 2.715384e+001,-2.123562e+001,-1.164760e+002, 0.000000e+000, 0.000000e+000, 0.000000e+000, 0.000000e+000
 8.645000e-002, 1.314766e+003, 2.070865e+003,-3.373502e+003, 2.643702e+001,-2.276299e+001,-1.157289e+002, 0.000000e+000, 0.000000e+000, 0.000000e+000, 0.000000e+000
 8.650000e-002, 1.255471e+003, 2.121142e+003,-3.365099e+003, 2.571726e+001,-2.427570e+001,-1.149362e+002, 0.000000e+000, 0.000000e+000, 0.000000e+000, 0.000000e+000
 8.655000e-002, 1.195777e+003, 2.171016e+003,-3.355489e+003, 2.499429e+001,-2.577325e+001,-1.140980e+002, 0.000000e+000, 0.000000e+000, 0.000000e+000, 0.000000e+000
 8.660000e-002, 1.135616e+003, 2.219781e+003,-3.344690e+003, 2.426806e+001,-2.725604e+001,-1.132152e+002, 0.000000e+000, 0.000000e+000, 0.000000e+000, 0.000000e+000
 8.665000e-002, 1.075099e+003, 2.268094e+003,-3.332700e+003, 2.353842e+001,-2.872347e+001,-1.122879e+002, 0.000000e+000, 0.000000e+000, 0.000000e+000, 0.000000e+000
 8.670000e-002, 1.014160e+003, 2.315281e+003,-3.319522e+003, 2.280513e+001,-3.017609e+001,-1.113172e+002, 0.000000e+000, 0.000000e+000, 0.000000e+000, 0.000000e+000
 8.675000e-002, 9.529059e+002, 2.361963e+003,-3.305168e+003, 2.206816e+001,-3.161324e+001,-1.103033e+002, 0.000000e+000, 0.000000e+000, 0.000000e+000, 0.000000e+000
 8.680000e-002, 8.912779e+002, 2.407506e+003,-3.289628e+003, 2.132709e+001,-3.303562e+001,-1.092471e+002, 0.000000e+000, 0.000000e+000, 0.000000e+000, 0.000000e+000
 8.685000e-002, 8.293706e+002, 2.452490e+003,-3.272931e+003, 2.058201e+001,-3.444247e+001,-1.081490e+002, 0.000000e+000, 0.000000e+000, 0.000000e+000, 0.000000e+000
 8.690000e-002, 7.671443e+002, 2.496325e+003,-3.255050e+003, 1.983232e+001,-3.583465e+001,-1.070101e+002, 0.000000e+000, 0.000000e+000, 0.000000e+000, 0.000000e+000
 8.695000e-002, 7.046701e+002, 2.539546e+003,-3.236034e+003, 1.907825e+001,-3.721133e+001,-1.058307e+002, 0.000000e+000, 0.000000e+000, 0.000000e+000, 0.000000e+000
 8.700000e-002, 6.419363e+002, 2.581614e+003,-3.215838e+003, 1.831903e+001,-3.857345e+001,-1.046119e+002, 0.000000e+000, 0.000000e+000, 0.000000e+000, 0.000000e+000
 8.705000e-002, 5.789823e+002, 2.623009e+003,-3.194528e+003, 1.755502e+001,-3.992014e+001,-1.033542e+002, 0.000000e+000, 0.000000e+000, 0.000000e+000, 0.000000e+000
 8.710000e-002, 5.158322e+002, 2.663251e+003,-3.172045e+003, 1.678530e+001,-4.125243e+001,-1.020587e+002, 0.000000e+000, 0.000000e+000, 0.000000e+000, 0.000000e+000
 8.715000e-002, 4.524864e+002, 2.702761e+003,-3.148471e+003, 1.601035e+001,-4.256940e+001,-1.007258e+002, 0.000000e+000, 0.000000e+000, 0.000000e+000, 0.000000e+000
 8.720000e-002, 3.890112e+002, 2.741119e+003,-3.123734e+003, 1.522916e+001,-4.387215e+001,-9.935681e+001, 0.000000e+000, 0.000000e+000, 0.000000e+000, 0.000000e+000
 8.725000e-002, 3.253625e+002, 2.778688e+003,-3.097929e+003, 1.444228e+001,-4.515972e+001,-9.795224e+001, 0.000000e+000, 0.000000e+000, 0.000000e+000, 0.000000e+000
 8.730000e-002, 2.616534e+002, 2.815109e+003,-3.070973e+003, 1.364864e+001,-4.643324e+001,-9.651318e+001, 0.000000e+000, 0.000000e+000, 0.000000e+000, 0.000000e+000
 8.735000e-002, 1.977914e+002, 2.850682e+003,-3.042973e+003, 1.284885e+001,-4.769172e+001,-9.504034e+001, 0.000000e+000, 0.000000e+000, 0.000000e+000, 0.000000e+000
 8.740000e-002, 1.339394e+002, 2.885114e+003,-3.013838e+003, 1.204183e+001,-4.893634e+001,-9.353481e+001, 0.000000e+000, 0.000000e+000, 0.000000e+000, 0.000000e+000
 8.745000e-002, 6.995443e+001, 2.918640e+003,-2.983682e+003, 1.122820e+001,-5.016606e+001,-9.199734e+001, 0.000000e+000, 0.000000e+000, 0.000000e+000, 0.000000e+000
 8.750000e-002, 6.049800e+000, 2.951034e+003,-2.952408e+003, 1.040694e+001,-5.138207e+001,-9.042899e+001, 0.000000e+000, 0.000000e+000, 0.000000e+000, 0.000000e+000
 8.755000e-002,-5.796696e+001, 2.982466e+003,-2.920138e+003, 9.578648e+000,-5.258333e+001,-8.883060e+001, 0.000000e+000, 0.000000e+000, 0.000000e+000, 0.000000e+000
 8.760000e-002,-1.218344e+002, 3.012776e+003,-2.886771e+003, 8.742373e+000,-5.377101e+001,-8.720318e+001, 0.000000e+000, 0.000000e+000, 0.000000e+000, 0.000000e+000
 8.765000e-002,-1.857914e+002, 3.042069e+003,-2.852434e+003, 7.898695e+000,-5.494405e+001,-8.554763e+001, 0.000000e+000, 0.000000e+000, 0.000000e+000, 0.000000e+000
 8.770000e-002,-2.495326e+002, 3.070251e+003,-2.817022e+003, 7.046779e+000,-5.610360e+001,-8.386494e+001, 0.000000e+000, 0.000000e+000, 0.000000e+000, 0.000000e+000
 8.775000e-002,-3.133379e+002, 3.097362e+003,-2.780666e+003, 6.187132e+000,-5.724860e+001,-8.215603e+001, 0.000000e+000, 0.000000e+000, 0.000000e+000, 0.000000e+000
 8.780000e-002,-3.768646e+002, 3.123375e+003,-2.743259e+003, 5.319094e+000,-5.838015e+001,-8.042188e+001, 0.000000e+000, 0.000000e+000, 0.000000e+000, 0.000000e+000
 8.785000e-002,-4.404259e+002, 3.148267e+003,-2.704935e+003, 4.443067e+000,-5.949721e+001,-7.866343e+001, 0.000000e+000, 0.000000e+000, 0.000000e+000, 0.000000e+000
 8.790000e-002,-5.036509e+002, 3.172073e+003,-2.665588e+003, 3.558602e+000,-6.060080e+001,-7.688163e+001, 0.000000e+000, 0.000000e+000, 0.000000e+000, 0.000000e+000
 8.795000e-002,-5.668760e+002, 3.194709e+003,-2.625351e+003, 2.665974e+000,-6.168989e+001,-7.507743e+001, 0.000000e+000, 0.000000e+000, 0.000000e+000, 0.000000e+000
 8.800000e-002,-6.297128e+002, 3.216274e+003,-2.584119e+003, 1.764978e+000,-6.276545e+001,-7.325175e+001, 0.000000e+000, 0.000000e+000, 0.000000e+000, 0.000000e+000
 8.805000e-002,-6.925098e+002, 3.236624e+003,-2.542027e+003, 8.557407e-001,-6.382644e+001,-7.140556e+001, 0.000000e+000, 0.000000e+000, 0.000000e+000, 0.000000e+000
 8.810000e-002,-7.548726e+002, 3.255914e+003,-2.498971e+003,-6.167586e-002,-6.487375e+001,-6.953973e+001, 0.000000e+000, 0.000000e+000, 0.000000e+000, 0.000000e+000
 8.815000e-002,-8.171499e+002, 3.273948e+003,-2.455083e+003,-9.873042e-001,-6.590639e+001,-6.765522e+001, 0.000000e+000, 0.000000e+000, 0.000000e+000, 0.000000e+000
 8.820000e-002,-8.789543e+002, 3.290935e+003,-2.410264e+003,-1.920799e+000,-6.692510e+001,-6.575287e+001, 0.000000e+000, 0.000000e+000, 0.000000e+000, 0.000000e+000
 8.825000e-002,-9.406210e+002, 3.306628e+003,-2.364642e+003,-2.862357e+000,-6.792896e+001,-6.383364e+001, 0.000000e+000, 0.000000e+000, 0.000000e+000, 0.000000e+000
 8.830000e-002,-1.001783e+003, 3.321286e+003,-2.318126e+003,-3.811346e+000,-6.891859e+001,-6.189831e+001, 0.000000e+000, 0.000000e+000, 0.000000e+000, 0.000000e+000
 8.835000e-002,-1.062749e+003, 3.334616e+003,-2.270836e+003,-4.768122e+000,-6.989309e+001,-5.994785e+001, 0.000000e+000, 0.000000e+000, 0.000000e+000, 0.000000e+000
 8.840000e-002,-1.123186e+003, 3.346922e+003,-2.222689e+003,-5.731770e+000,-7.085296e+001,-5.798296e+001, 0.000000e+000, 0.000000e+000, 0.000000e+000, 0.000000e+000
 8.845000e-002,-1.183363e+003, 3.357871e+003,-2.173798e+003,-6.702795e+000,-7.179737e+001,-5.600462e+001, 0.000000e+000, 0.000000e+000, 0.000000e+000, 0.000000e+000
 8.850000e-002,-1.242993e+003, 3.367805e+003,-2.124091e+003,-7.680012e+000,-7.272665e+001,-5.401345e+001, 0.000000e+000, 0.000000e+000, 0.000000e+000, 0.000000e+000
 8.855000e-002,-1.302292e+003, 3.376359e+003,-2.073668e+003,-8.664057e+000,-7.364006e+001,-5.201044e+001, 0.000000e+000, 0.000000e+000, 0.000000e+000, 0.000000e+000
 8.860000e-002,-1.361034e+003, 3.383904e+003,-2.022472e+003,-9.653501e+000,-7.453774e+001,-4.999613e+001, 0.000000e+000, 0.000000e+000, 0.000000e+000, 0.000000e+000
 8.865000e-002,-1.419371e+003, 3.390050e+003,-1.970589e+003,-1.064908e+001,-7.541904e+001,-4.797152e+001, 0.000000e+000, 0.000000e+000, 0.000000e+000, 0.000000e+000
 8.870000e-002,-1.477143e+003, 3.395193e+003,-1.917978e+003,-1.164915e+001,-7.628394e+001,-4.593703e+001, 0.000000e+000, 0.000000e+000, 0.000000e+000, 0.000000e+000
 8.875000e-002,-1.534434e+003, 3.398925e+003,-1.864710e+003,-1.265453e+001,-7.713186e+001,-4.389371e+001, 0.000000e+000, 0.000000e+000, 0.000000e+000, 0.000000e+000
 8.880000e-002,-1.591158e+003, 3.401656e+003,-1.810761e+003,-1.366340e+001,-7.796260e+001,-4.184187e+001, 0.000000e+000, 0.000000e+000, 0.000000e+000, 0.000000e+000
 8.885000e-002,-1.647320e+003, 3.402969e+003,-1.756181e+003,-1.467659e+001,-7.877567e+001,-3.978256e+001, 0.000000e+000, 0.000000e+000, 0.000000e+000, 0.000000e+000
 8.890000e-002,-1.702916e+003, 3.403281e+003,-1.700972e+003,-1.569217e+001,-7.957069e+001,-3.771601e+001, 0.000000e+000, 0.000000e+000, 0.000000e+000, 0.000000e+000
 8.895000e-002,-1.757871e+003, 3.402175e+003,-1.645160e+003,-1.671096e+001,-8.034728e+001,-3.564327e+001, 0.000000e+000, 0.000000e+000, 0.000000e+000, 0.000000e+000
 8.900000e-002,-1.812261e+003, 3.400064e+003,-1.588771e+003,-1.773097e+001,-8.110486e+001,-3.356447e+001, 0.000000e+000, 0.000000e+000, 0.000000e+000, 0.000000e+000
 8.905000e-002,-1.865931e+003, 3.396542e+003,-1.531803e+003,-1.875295e+001,-8.184313e+001,-3.148070e+001, 0.000000e+000, 0.000000e+000, 0.000000e+000, 0.000000e+000
 8.910000e-002,-1.919039e+003, 3.392009e+003,-1.474317e+003,-1.977488e+001,-8.256136e+001,-2.939195e+001, 0.000000e+000, 0.000000e+000, 0.000000e+000, 0.000000e+000
 8.915000e-002,-1.971348e+003, 3.386075e+003,-1.416276e+003,-2.079741e+001,-8.325934e+001,-2.729937e+001, 0.000000e+000, 0.000000e+000, 0.000000e+000, 0.000000e+000
 8.920000e-002,-2.023098e+003, 3.379124e+003,-1.357775e+003,-2.181858e+001,-8.393613e+001,-2.520283e+001, 0.000000e+000, 0.000000e+000, 0.000000e+000, 0.000000e+000
 8.925000e-002,-2.073975e+003, 3.370789e+003,-1.298741e+003,-2.283888e+001,-8.459166e+001,-2.310350e+001, 0.000000e+000, 0.000000e+000, 0.000000e+000, 0.000000e+000
 8.930000e-002,-2.124292e+003, 3.361427e+003,-1.239311e+003,-2.385644e+001,-8.522481e+001,-2.100116e+001, 0.000000e+000, 0.000000e+000, 0.000000e+000, 0.000000e+000
 8.935000e-002,-2.173667e+003, 3.350704e+003,-1.179369e+003,-2.487156e+001,-8.583558e+001,-1.889701e+001, 0.000000e+000, 0.000000e+000, 0.000000e+000, 0.000000e+000
 8.940000e-002,-2.222477e+003, 3.338942e+003,-1.119095e+003,-2.588251e+001,-8.642271e+001,-1.679072e+001, 0.000000e+000, 0.000000e+000, 0.000000e+000, 0.000000e+000
 8.945000e-002,-2.270283e+003, 3.325846e+003,-1.058329e+003,-2.688938e+001,-8.698629e+001,-1.468353e+001, 0.000000e+000, 0.000000e+000, 0.000000e+000, 0.000000e+000
 8.950000e-002,-2.317515e+003, 3.311698e+003,-9.972988e+002,-2.789062e+001,-8.752493e+001,-1.257503e+001, 0.000000e+000, 0.000000e+000, 0.000000e+000, 0.000000e+000
 8.955000e-002,-2.363688e+003, 3.296250e+003,-9.357950e+002,-2.888607e+001,-8.803877e+001,-1.046647e+001, 0.000000e+000, 0.000000e+000, 0.000000e+000, 0.000000e+000
 8.960000e-002,-2.409271e+003, 3.279735e+003,-8.740956e+002,-2.987440e+001,-8.852632e+001,-8.357397e+000, 0.000000e+000, 0.000000e+000, 0.000000e+000, 0.000000e+000
 8.965000e-002,-2.453749e+003, 3.261956e+003,-8.119415e+002,-3.085518e+001,-8.898778e+001,-6.249039e+000, 0.000000e+000, 0.000000e+000, 0.000000e+000, 0.000000e+000
 8.970000e-002,-2.497615e+003, 3.243095e+003,-7.496613e+002,-3.182733e+001,-8.942157e+001,-4.140914e+000, 0.000000e+000, 0.000000e+000, 0.000000e+000, 0.000000e+000
 8.975000e-002,-2.540339e+003, 3.223011e+003,-6.869453e+002,-3.279017e+001,-8.982793e+001,-2.034246e+000, 0.000000e+000, 0.000000e+000, 0.000000e+000, 0.000000e+000
 8.980000e-002,-2.582422e+003, 3.201832e+003,-6.241730e+002,-3.374285e+001,-9.020524e+001, 7.145821e-002, 0.000000e+000, 0.000000e+000, 0.000000e+000, 0.000000e+000
 8.985000e-002,-2.623336e+003, 3.179470e+003,-5.609846e+002,-3.468443e+001,-9.055375e+001, 2.175009e+000, 0.000000e+000, 0.000000e+000, 0.000000e+000, 0.000000e+000
 8.990000e-002,-2.663573e+003, 3.156001e+003,-4.978093e+002,-3.561434e+001,-9.087182e+001, 4.276877e+000, 0.000000e+000, 0.000000e+000, 0.000000e+000, 0.000000e+000
 8.995000e-002,-2.702621e+003, 3.131394e+003,-4.342388e+002,-3.653138e+001,-9.115971e+001, 6.375924e+000, 0.000000e+000, 0.000000e+000, 0.000000e+000, 0.000000e+000
 9.000000e-002,-2.740951e+003, 3.105668e+003,-3.707497e+002,-3.743523e+001,-9.141577e+001, 8.472567e+000, 0.000000e+000, 0.000000e+000, 0.000000e+000, 0.000000e+000
 9.005000e-002,-2.778081e+003, 3.078851e+003,-3.068884e+002,-3.832447e+001,-9.164028e+001, 1.056574e+001, 0.000000e+000, 0.000000e+000, 0.000000e+000, 0.000000e+000
 9.010000e-002,-2.814447e+003, 3.050905e+003,-2.431745e+002,-3.919903e+001,-9.183163e+001, 1.265578e+001, 0.000000e+000, 0.000000e+000, 0.000000e+000, 0.000000e+000
 9.015000e-002,-2.849610e+003, 3.021914e+003,-1.791144e+002,-4.005729e+001,-9.199005e+001, 1.474171e+001, 0.000000e+000, 0.000000e+000, 0.000000e+000, 0.000000e+000
 9.020000e-002,-2.883956e+003, 2.991789e+003,-1.152648e+002,-4.089940e+001,-9.211403e+001, 1.682375e+001, 0.000000e+000, 0.000000e+000, 0.000000e+000, 0.000000e+000
 9.025000e-002,-2.917104e+003, 2.960665e+003,-5.109827e+001,-4.172358e+001,-9.220374e+001, 1.890104e+001, 0.000000e+000, 0.000000e+000, 0.000000e+000, 0.000000e+000
 9.030000e-002,-2.949379e+003, 2.928404e+003, 1.279834e+001,-4.253020e+001,-9.225779e+001, 2.097366e+001, 0.000000e+000, 0.000000e+000, 0.000000e+000, 0.000000e+000
 9.035000e-002,-2.980467e+003, 2.895190e+003, 7.697829e+001,-4.331734e+001,-9.227630e+001, 2.304087e+001, 0.000000e+000, 0.000000e+000, 0.000000e+000, 0.000000e+000
 9.040000e-002,-3.010624e+003, 2.860841e+003, 1.408334e+002,-4.408552e+001,-9.225799e+001, 2.510259e+001, 0.000000e+000, 0.000000e+000, 0.000000e+000, 0.000000e+000
 9.045000e-002,-3.039609e+003, 2.825582e+003, 2.049337e+002,-4.483278e+001,-9.220293e+001, 2.715824e+001, 0.000000e+000, 0.000000e+000, 0.000000e+000, 0.000000e+000
 9.050000e-002,-3.067602e+003, 2.789196e+003, 2.686593e+002,-4.555976e+001,-9.211002e+001, 2.920751e+001, 0.000000e+000, 0.000000e+000, 0.000000e+000, 0.000000e+000
 9.055000e-002,-3.094443e+003, 2.751942e+003, 3.325868e+002,-4.626448e+001,-9.197923e+001, 3.125001e+001, 0.000000e+000, 0.000000e+000, 0.000000e+000, 0.000000e+000
 9.060000e-002,-3.120233e+003, 2.713573e+003, 3.960952e+002,-4.694764e+001,-9.180967e+001, 3.328522e+001, 0.000000e+000, 0.000000e+000, 0.000000e+000, 0.000000e+000
 9.065000e-002,-3.144890e+003, 2.674375e+003, 4.597568e+002,-4.760733e+001,-9.160123e+001, 3.531289e+001, 0.000000e+000, 0.000000e+000, 0.000000e+000, 0.000000e+000
 9.070000e-002,-3.168440e+003, 2.634080e+003, 5.229609e+002,-4.824428e+001,-9.135320e+001, 3.733231e+001, 0.000000e+000, 0.000000e+000, 0.000000e+000, 0.000000e+000
 9.075000e-002,-3.190878e+003, 2.592991e+003, 5.862640e+002,-4.885667e+001,-9.106541e+001, 3.934340e+001, 0.000000e+000, 0.000000e+000, 0.000000e+000, 0.000000e+000
 9.080000e-002,-3.212155e+003, 2.550830e+003, 6.490772e+002,-4.944521e+001,-9.073739e+001, 4.134520e+001, 0.000000e+000, 0.000000e+000, 0.000000e+000, 0.000000e+000
 9.085000e-002,-3.232340e+003, 2.507908e+003, 7.119295e+002,-5.000824e+001,-9.036887e+001, 4.333780e+001, 0.000000e+000, 0.000000e+000, 0.000000e+000, 0.000000e+000
 9.090000e-002,-3.251315e+003, 2.463944e+003, 7.742659e+002,-5.054639e+001,-8.995961e+001, 4.532002e+001, 0.000000e+000, 0.000000e+000, 0.000000e+000, 0.000000e+000
 9.095000e-002,-3.269215e+003, 2.419248e+003, 8.365760e+002,-5.105824e+001,-8.950929e+001, 4.729213e+001, 0.000000e+000, 0.000000e+000, 0.000000e+000, 0.000000e+000
 9.100000e-002,-3.285863e+003, 2.373546e+003, 8.983501e+002,-5.154430e+001,-8.901790e+001, 4.925272e+001, 0.000000e+000, 0.000000e+000, 0.000000e+000, 0.000000e+000
 9.105000e-002,-3.301449e+003, 2.327139e+003, 9.600276e+002,-5.200339e+001,-8.848505e+001, 5.120218e+001, 0.000000e+000, 0.000000e+000, 0.000000e+000, 0.000000e+000
 9.110000e-002,-3.315748e+003, 2.279768e+003, 1.021155e+003,-5.243590e+001,-8.791096e+001, 5.313893e+001, 0.000000e+000, 0.000000e+000, 0.000000e+000, 0.000000e+000
 9.115000e-002,-3.328995e+003, 2.231715e+003, 1.082110e+003,-5.284091e+001,-8.729523e+001, 5.506349e+001, 0.000000e+000, 0.000000e+000, 0.000000e+000, 0.000000e+000
 9.120000e-002,-3.340927e+003, 2.182743e+003, 1.142506e+003,-5.321868e+001,-8.663830e+001, 5.697408e+001, 0.000000e+000, 0.000000e+000, 0.000000e+000, 0.000000e+000
 9.125000e-002,-3.351812e+003, 2.133111e+003, 1.202652e+003,-5.356857e+001,-8.593970e+001, 5.887132e+001, 0.000000e+000, 0.000000e+000, 0.000000e+000, 0.000000e+000
 9.130000e-002,-3.361364e+003, 2.082613e+003, 1.262233e+003,-5.389068e+001,-8.520013e+001, 6.075328e+001, 0.000000e+000, 0.000000e+000, 0.000000e+000, 0.000000e+000
 9.135000e-002,-3.369866e+003, 2.031472e+003, 1.321482e+003,-5.418468e+001,-8.441913e+001, 6.262068e+001, 0.000000e+000, 0.000000e+000, 0.000000e+000, 0.000000e+000
 9.140000e-002,-3.377026e+003, 1.979520e+003, 1.380166e+003,-5.445050e+001,-8.359756e+001, 6.447144e+001, 0.000000e+000, 0.000000e+000, 0.000000e+000, 0.000000e+000
 9.145000e-002,-3.383130e+003, 1.926943e+003, 1.438434e+003,-5.468812e+001,-8.273498e+001, 6.630634e+001, 0.000000e+000, 0.000000e+000, 0.000000e+000, 0.000000e+000
 9.150000e-002,-3.387891e+003, 1.873615e+003, 1.496139e+003,-5.489730e+001,-8.183245e+001, 6.812321e+001, 0.000000e+000, 0.000000e+000, 0.000000e+000, 0.000000e+000
 9.155000e-002,-3.391584e+003, 1.819676e+003, 1.553343e+003,-5.507833e+001,-8.088957e+001, 6.992284e+001, 0.000000e+000, 0.000000e+000, 0.000000e+000, 0.000000e+000
 9.160000e-002,-3.393942e+003, 1.765048e+003, 1.609988e+003,-5.523083e+001,-7.990755e+001, 7.170301e+001, 0.000000e+000, 0.000000e+000, 0.000000e+000, 0.000000e+000
 9.165000e-002,-3.395215e+003, 1.709826e+003, 1.666047e+003,-5.535534e+001,-7.888606e+001, 7.346449e+001, 0.000000e+000, 0.000000e+000, 0.000000e+000, 0.000000e+000
 9.170000e-002,-3.395167e+003, 1.653978e+003, 1.721552e+003,-5.545137e+001,-7.782643e+001, 7.520505e+001, 0.000000e+000, 0.000000e+000, 0.000000e+000, 0.000000e+000
 9.175000e-002,-3.394016e+003, 1.597551e+003, 1.776386e+003,-5.551971e+001,-7.672843e+001, 7.692542e+001, 0.000000e+000, 0.000000e+000, 0.000000e+000, 0.000000e+000
 9.180000e-002,-3.391564e+003, 1.540563e+003, 1.830673e+003,-5.555978e+001,-7.559349e+001, 7.862336e+001, 0.000000e+000, 0.000000e+000, 0.000000e+000, 0.000000e+000
 9.185000e-002,-3.387987e+003, 1.483013e+003, 1.884207e+003,-5.557259e+001,-7.442148e+001, 8.029956e+001, 0.000000e+000, 0.000000e+000, 0.000000e+000, 0.000000e+000
 9.190000e-002,-3.383136e+003, 1.424966e+003, 1.937197e+003,-5.555749e+001,-7.321391e+001, 8.195182e+001, 0.000000e+000, 0.000000e+000, 0.000000e+000, 0.000000e+000
 9.195000e-002,-3.377136e+003, 1.366377e+003, 1.989355e+003,-5.551564e+001,-7.197079e+001, 8.358073e+001, 0.000000e+000, 0.000000e+000, 0.000000e+000, 0.000000e+000
 9.200000e-002,-3.369893e+003, 1.307355e+003, 2.040973e+003,-5.544641e+001,-7.069366e+001, 8.518418e+001, 0.000000e+000, 0.000000e+000, 0.000000e+000, 0.000000e+000
 9.205000e-002,-3.361478e+003, 1.247811e+003, 2.091685e+003,-5.535107e+001,-6.938270e+001, 8.676263e+001, 0.000000e+000, 0.000000e+000, 0.000000e+000, 0.000000e+000
 9.210000e-002,-3.351852e+003, 1.187897e+003, 2.141855e+003,-5.522902e+001,-6.803945e+001, 8.831409e+001, 0.000000e+000, 0.000000e+000, 0.000000e+000, 0.000000e+000
 9.215000e-002,-3.341033e+003, 1.127485e+003, 2.191050e+003,-5.508157e+001,-6.666424e+001, 8.983885e+001, 0.000000e+000, 0.000000e+000, 0.000000e+000, 0.000000e+000
 9.220000e-002,-3.329038e+003, 1.066765e+003, 2.239699e+003,-5.490823e+001,-6.525861e+001, 9.133512e+001, 0.000000e+000, 0.000000e+000, 0.000000e+000, 0.000000e+000
 9.225000e-002,-3.315831e+003, 1.005573e+003, 2.287310e+003,-5.471031e+001,-6.382308e+001, 9.280299e+001, 0.000000e+000, 0.000000e+000, 0.000000e+000, 0.000000e+000
 9.230000e-002,-3.301481e+003, 9.441308e+002, 2.334367e+003,-5.448744e+001,-6.235915e+001, 9.424084e+001, 0.000000e+000, 0.000000e+000, 0.000000e+000, 0.000000e+000
 9.235000e-002,-3.285906e+003, 8.822480e+002, 2.380330e+003,-5.424089e+001,-6.086748e+001, 9.564859e+001, 0.000000e+000, 0.000000e+000, 0.000000e+000, 0.000000e+000
 9.240000e-002,-3.269220e+003, 8.201713e+002, 2.425726e+003,-5.397046e+001,-5.934955e+001, 9.702481e+001, 0.000000e+000, 0.000000e+000, 0.000000e+000, 0.000000e+000
 9.245000e-002,-3.251299e+003, 7.576878e+002, 2.469978e+003,-5.367731e+001,-5.780619e+001, 9.836923e+001, 0.000000e+000, 0.000000e+000, 0.000000e+000, 0.000000e+000
 9.250000e-002,-3.232299e+003, 6.950632e+002, 2.513645e+003,-5.336147e+001,-5.623882e+001, 9.968064e+001, 0.000000e+000, 0.000000e+000, 0.000000e+000, 0.000000e+000
 9.255000e-002,-3.212060e+003, 6.320700e+002, 2.556126e+003,-5.302394e+001,-5.464841e+001, 1.009586e+002, 0.000000e+000, 0.000000e+000, 0.000000e+000, 0.000000e+000
 9.260000e-002,-3.190769e+003, 5.689852e+002, 2.598000e+003,-5.266498e+001,-5.303631e+001, 1.022020e+002, 0.000000e+000, 0.000000e+000, 0.000000e+000, 0.000000e+000
 9.265000e-002,-3.168244e+003, 5.055738e+002, 2.638653e+003,-5.228544e+001,-5.140366e+001, 1.034103e+002, 0.000000e+000, 0.000000e+000, 0.000000e+000, 0.000000e+000
 9.270000e-002,-3.144688e+003, 4.421169e+002, 2.678671e+003,-5.188581e+001,-4.975169e+001, 1.045827e+002, 0.000000e+000, 0.000000e+000, 0.000000e+000, 0.000000e+000
 9.275000e-002,-3.119913e+003, 3.783792e+002, 2.717442e+003,-5.146675e+001,-4.808171e+001, 1.057184e+002, 0.000000e+000, 0.000000e+000, 0.000000e+000, 0.000000e+000
 9.280000e-002,-3.094123e+003, 3.146389e+002, 2.755544e+003,-5.102899e+001,-4.639484e+001, 1.068168e+002, 0.000000e+000, 0.000000e+000, 0.000000e+000, 0.000000e+000
 9.285000e-002,-3.067135e+003, 2.506672e+002, 2.792381e+003,-5.057301e+001,-4.469251e+001, 1.078768e+002, 0.000000e+000, 0.000000e+000, 0.000000e+000, 0.000000e+000
 9.290000e-002,-3.039145e+003, 1.867325e+002, 2.828511e+003,-5.009976e+001,-4.297576e+001, 1.088982e+002, 0.000000e+000, 0.000000e+000, 0.000000e+000, 0.000000e+000
 9.295000e-002,-3.009985e+003, 1.226188e+002, 2.863363e+003,-4.960952e+001,-4.124609e+001, 1.098798e+002, 0.000000e+000, 0.000000e+000, 0.000000e+000, 0.000000e+000
 9.300000e-002,-2.979830e+003, 5.857924e+001, 2.897466e+003,-4.910347e+001,-3.950446e+001, 1.108215e+002, 0.000000e+000, 0.000000e+000, 0.000000e+000, 0.000000e+000
 9.305000e-002,-2.948544e+003,-5.584393e+000, 2.930286e+003,-4.858169e+001,-3.775245e+001, 1.117220e+002, 0.000000e+000, 0.000000e+000, 0.000000e+000, 0.000000e+000
 9.310000e-002,-2.916265e+003,-6.963931e+001, 2.962313e+003,-4.804555e+001,-3.599092e+001, 1.125813e+002, 0.000000e+000, 0.000000e+000, 0.000000e+000, 0.000000e+000
 9.315000e-002,-2.882900e+003,-1.337611e+002, 2.993056e+003,-4.749495e+001,-3.422149e+001, 1.133980e+002, 0.000000e+000, 0.000000e+000, 0.000000e+000, 0.000000e+000
 9.320000e-002,-2.848541e+003,-1.977416e+002, 3.022958e+003,-4.693144e+001,-3.244494e+001, 1.141725e+002, 0.000000e+000, 0.000000e+000, 0.000000e+000, 0.000000e+000
 9.325000e-002,-2.813146e+003,-2.617304e+002, 3.051583e+003,-4.635474e+001,-3.066293e+001, 1.149031e+002, 0.000000e+000, 0.000000e+000, 0.000000e+000, 0.000000e+000
 9.330000e-002,-2.776753e+003,-3.255466e+002, 3.079317e+003,-4.576653e+001,-2.887613e+001, 1.155902e+002, 0.000000e+000, 0.000000e+000, 0.000000e+000, 0.000000e+000
 9.335000e-002,-2.739381e+003,-3.893116e+002, 3.105783e+003,-4.516640e+001,-2.708620e+001, 1.162325e+002, 0.000000e+000, 0.000000e+000, 0.000000e+000, 0.000000e+000
 9.340000e-002,-2.701005e+003,-4.528738e+002, 3.131308e+003,-4.455612e+001,-2.529376e+001, 1.168303e+002, 0.000000e+000, 0.000000e+000, 0.000000e+000, 0.000000e+000
 9.345000e-002,-2.661711e+003,-5.163251e+002, 3.155578e+003,-4.393517e+001,-2.350042e+001, 1.173821e+002, 0.000000e+000, 0.000000e+000, 0.000000e+000, 0.000000e+000
 9.350000e-002,-2.621406e+003,-5.795438e+002, 3.178857e+003,-4.330534e+001,-2.170675e+001, 1.178886e+002, 0.000000e+000, 0.000000e+000, 0.000000e+000, 0.000000e+000
 9.355000e-002,-2.580247e+003,-6.425922e+002, 3.200897e+003,-4.266608e+001,-1.991428e+001, 1.183482e+002, 0.000000e+000, 0.000000e+000, 0.000000e+000, 0.000000e+000
 9.360000e-002,-2.538071e+003,-7.053779e+002, 3.221896e+003,-4.201912e+001,-1.812355e+001, 1.187616e+002, 0.000000e+000, 0.000000e+000, 0.000000e+000, 0.000000e+000
 9.365000e-002,-2.495105e+003,-7.679354e+002, 3.241674e+003,-4.136392e+001,-1.633601e+001, 1.191274e+002, 0.000000e+000, 0.000000e+000, 0.000000e+000, 0.000000e+000
 9.370000e-002,-2.451120e+003,-8.301993e+002, 3.260364e+003,-4.070213e+001,-1.455215e+001, 1.194462e+002, 0.000000e+000, 0.000000e+000, 0.000000e+000, 0.000000e+000
 9.375000e-002,-2.406407e+003,-8.921784e+002, 3.277851e+003,-4.003320e+001,-1.277330e+001, 1.197167e+002, 0.000000e+000, 0.000000e+000, 0.000000e+000, 0.000000e+000
 9.380000e-002,-2.360677e+003,-9.538323e+002, 3.294205e+003,-3.935869e+001,-1.099996e+001, 1.199397e+002, 0.000000e+000, 0.000000e+000, 0.000000e+000, 0.000000e+000
 9.385000e-002,-2.314281e+003,-1.015147e+003, 3.309375e+003,-3.867811e+001,-9.233321e+000, 1.201138e+002, 0.000000e+000, 0.000000e+000, 0.000000e+000, 0.000000e+000
 9.390000e-002,-2.266873e+003,-1.076103e+003, 3.323372e+003,-3.799281e+001,-7.473854e+000, 1.202399e+002, 0.000000e+000, 0.000000e+000, 0.000000e+000, 0.000000e+000
 9.395000e-002,-2.218858e+003,-1.136669e+003, 3.336199e+003,-3.730243e+001,-5.722608e+000, 1.203168e+002, 0.000000e+000, 0.000000e+000, 0.000000e+000, 0.000000e+000
 9.400000e-002,-2.169843e+003,-1.196841e+003, 3.347820e+003,-3.660808e+001,-3.980058e+000, 1.203452e+002, 0.000000e+000, 0.000000e+000, 0.000000e+000, 0.000000e+000
 9.405000e-002,-2.120276e+003,-1.256573e+003, 3.358286e+003,-3.590955e+001,-2.247097e+000, 1.203243e+002, 0.000000e+000, 0.000000e+000, 0.000000e+000, 0.000000e+000
 9.410000e-002,-2.069727e+003,-1.315875e+003, 3.367516e+003,-3.520768e+001,-5.241969e-001, 1.202545e+002, 0.000000e+000, 0.000000e+000, 0.000000e+000, 0.000000e+000
 9.415000e-002,-2.018677e+003,-1.374691e+003, 3.375602e+003,-3.450241e+001, 1.187909e+000, 1.201354e+002, 0.000000e+000, 0.000000e+000, 0.000000e+000, 0.000000e+000
 9.420000e-002,-1.966670e+003,-1.433039e+003, 3.382429e+003,-3.379432e+001, 2.888746e+000, 1.199673e+002, 0.000000e+000, 0.000000e+000, 0.000000e+000, 0.000000e+000
 9.425000e-002,-1.914206e+003,-1.490857e+003, 3.388121e+003,-3.308351e+001, 4.577741e+000, 1.197499e+002, 0.000000e+000, 0.000000e+000, 0.000000e+000, 0.000000e+000
 9.430000e-002,-1.860819e+003,-1.548168e+003, 3.392538e+003,-3.237025e+001, 6.254418e+000, 1.194836e+002, 0.000000e+000, 0.000000e+000, 0.000000e+000, 0.000000e+000
 9.435000e-002,-1.807013e+003,-1.604910e+003, 3.395826e+003,-3.165483e+001, 7.918360e+000, 1.191681e+002, 0.000000e+000, 0.000000e+000, 0.000000e+000, 0.000000e+000
 9.440000e-002,-1.752327e+003,-1.661102e+003, 3.397828e+003,-3.093723e+001, 9.569095e+000, 1.188039e+002, 0.000000e+000, 0.000000e+000, 0.000000e+000, 0.000000e+000
 9.445000e-002,-1.697254e+003,-1.716687e+003, 3.398702e+003,-3.021790e+001, 1.120635e+001, 1.183909e+002, 0.000000e+000, 0.000000e+000, 0.000000e+000, 0.000000e+000
 9.450000e-002,-1.641350e+003,-1.771681e+003, 3.398289e+003,-2.949654e+001, 1.282965e+001, 1.179294e+002, 0.000000e+000, 0.000000e+000, 0.000000e+000, 0.000000e+000
 9.455000e-002,-1.585085e+003,-1.826033e+003, 3.396747e+003,-2.877374e+001, 1.443887e+001, 1.174198e+002, 0.000000e+000, 0.000000e+000, 0.000000e+000, 0.000000e+000
 9.460000e-002,-1.528047e+003,-1.879750e+003, 3.393920e+003,-2.804895e+001, 1.603356e+001, 1.168620e+002, 0.000000e+000, 0.000000e+000, 0.000000e+000, 0.000000e+000
 9.465000e-002,-1.470669e+003,-1.932793e+003, 3.389960e+003,-2.732290e+001, 1.761368e+001, 1.162567e+002, 0.000000e+000, 0.000000e+000, 0.000000e+000, 0.000000e+000
 9.470000e-002,-1.412581e+003,-1.985158e+003, 3.384726e+003,-2.659479e+001, 1.917882e+001, 1.156040e+002, 0.000000e+000, 0.000000e+000, 0.000000e+000, 0.000000e+000
 9.475000e-002,-1.354170e+003,-2.036818e+003, 3.378351e+003,-2.586547e+001, 2.072904e+001, 1.149044e+002, 0.000000e+000, 0.000000e+000, 0.000000e+000, 0.000000e+000
 9.480000e-002,-1.295118e+003,-2.087756e+003, 3.370718e+003,-2.513391e+001, 2.226396e+001, 1.141582e+002, 0.000000e+000, 0.000000e+000, 0.000000e+000, 0.000000e+000
 9.485000e-002,-1.235754e+003,-2.137960e+003, 3.361935e+003,-2.440107e+001, 2.378371e+001, 1.133661e+002, 0.000000e+000, 0.000000e+000, 0.000000e+000, 0.000000e+000
 9.490000e-002,-1.175825e+003,-2.187400e+003, 3.351915e+003,-2.366575e+001, 2.528797e+001, 1.125282e+002, 0.000000e+000, 0.000000e+000, 0.000000e+000, 0.000000e+000
 9.495000e-002,-1.115594e+003,-2.236078e+003, 3.340734e+003,-2.292895e+001, 2.677691e+001, 1.116455e+002, 0.000000e+000, 0.000000e+000, 0.000000e+000, 0.000000e+000
 9.500000e-002,-1.054873e+003,-2.283951e+003, 3.328344e+003,-2.218936e+001, 2.825027e+001, 1.107180e+002, 0.000000e+000, 0.000000e+000, 0.000000e+000, 0.000000e+000
 9.505000e-002,-9.938597e+002,-2.331032e+003, 3.314779e+003,-2.144797e+001, 2.970824e+001, 1.097470e+002, 0.000000e+000, 0.000000e+000, 0.000000e+000, 0.000000e+000
 9.510000e-002,-9.324355e+002,-2.377271e+003, 3.300035e+003,-2.070341e+001, 3.115065e+001, 1.087322e+002, 0.000000e+000, 0.000000e+000, 0.000000e+000, 0.000000e+000
 9.515000e-002,-8.707271e+002,-2.422689e+003, 3.284104e+003,-1.995665e+001, 3.257766e+001, 1.076753e+002, 0.000000e+000, 0.000000e+000, 0.000000e+000, 0.000000e+000
 9.520000e-002,-8.086869e+002,-2.467229e+003, 3.267028e+003,-1.920630e+001, 3.398921e+001, 1.065759e+002, 0.000000e+000, 0.000000e+000, 0.000000e+000, 0.000000e+000
 9.525000e-002,-7.463722e+002,-2.510919e+003, 3.248753e+003,-1.845326e+001, 3.538542e+001, 1.054357e+002, 0.000000e+000, 0.000000e+000, 0.000000e+000, 0.000000e+000
 9.530000e-002,-6.838037e+002,-2.553698e+003, 3.229369e+003,-1.769616e+001, 3.676633e+001, 1.042546e+002, 0.000000e+000, 0.000000e+000, 0.000000e+000, 0.000000e+000
 9.535000e-002,-6.209727e+002,-2.595597e+003, 3.208776e+003,-1.693582e+001, 3.813201e+001, 1.030340e+002, 0.000000e+000, 0.000000e+000, 0.000000e+000, 0.000000e+000
 9.540000e-002,-5.579638e+002,-2.636556e+003, 3.187111e+003,-1.617095e+001, 3.948259e+001, 1.017741e+002, 0.000000e+000, 0.000000e+000, 0.000000e+000, 0.000000e+000
 9.545000e-002,-4.947079e+002,-2.676603e+003, 3.164229e+003,-1.540222e+001, 4.081809e+001, 1.004764e+002, 0.000000e+000, 0.000000e+000, 0.000000e+000, 0.000000e+000
 9.550000e-002,-4.313463e+002,-2.715685e+003, 3.140313e+003,-1.462848e+001, 4.213875e+001, 9.914103e+001, 0.000000e+000, 0.000000e+000, 0.000000e+000, 0.000000e+000
 9.555000e-002,-3.677575e+002,-2.753822e+003, 3.115175e+003,-1.385024e+001, 4.344448e+001, 9.776944e+001, 0.000000e+000, 0.000000e+000, 0.000000e+000, 0.000000e+000
 9.560000e-002,-3.041313e+002,-2.790972e+003, 3.089041e+003,-1.306649e+001, 4.473564e+001, 9.636190e+001, 0.000000e+000, 0.000000e+000, 0.000000e+000, 0.000000e+000
 9.565000e-002,-2.403024e+002,-2.827144e+003, 3.061684e+003,-1.227761e+001, 4.601205e+001, 9.491989e+001, 0.000000e+000, 0.000000e+000, 0.000000e+000, 0.000000e+000
 9.570000e-002,-1.764993e+002,-2.862312e+003, 3.033366e+003,-1.148276e+001, 4.727416e+001, 9.344376e+001, 0.000000e+000, 0.000000e+000, 0.000000e+000, 0.000000e+000
 9.575000e-002,-1.125237e+002,-2.896464e+003, 3.003831e+003,-1.068213e+001, 4.852170e+001, 9.193491e+001, 0.000000e+000, 0.000000e+000, 0.000000e+000, 0.000000e+000
 9.580000e-002,-4.863156e+001,-2.929601e+003, 2.973369e+003,-9.875096e+000, 4.975522e+001, 9.039384e+001, 0.000000e+000, 0.000000e+000, 0.000000e+000, 0.000000e+000
 9.585000e-002, 1.539745e+001,-2.961684e+003, 2.941699e+003,-9.061683e+000, 5.097433e+001, 8.882184e+001, 0.000000e+000, 0.000000e+000, 0.000000e+000, 0.000000e+000
 9.590000e-002, 7.929069e+001,-2.992743e+003, 2.909134e+003,-8.241463e+000, 5.217966e+001, 8.721957e+001, 0.000000e+000, 0.000000e+000, 0.000000e+000, 0.000000e+000
 9.595000e-002, 1.432798e+002,-3.022710e+003, 2.875376e+003,-7.414315e+000, 5.337074e+001, 8.558819e+001, 0.000000e+000, 0.000000e+000, 0.000000e+000, 0.000000e+000
 9.600000e-002, 2.070862e+002,-3.051649e+003, 2.840752e+003,-6.580017e+000, 5.454824e+001, 8.392853e+001, 0.000000e+000, 0.000000e+000, 0.000000e+000, 0.000000e+000
 9.605000e-002, 2.709426e+002,-3.079456e+003, 2.804958e+003,-5.738315e+000, 5.571161e+001, 8.224158e+001, 0.000000e+000, 0.000000e+000, 0.000000e+000, 0.000000e+000
 9.610000e-002, 3.345742e+002,-3.106234e+003, 2.768321e+003,-4.889182e+000, 5.686158e+001, 8.052837e+001, 0.000000e+000, 0.000000e+000, 0.000000e+000, 0.000000e+000
 9.615000e-002, 3.982055e+002,-3.131839e+003, 2.730543e+003,-4.032258e+000, 5.799749e+001, 7.878970e+001, 0.000000e+000, 0.000000e+000, 0.000000e+000, 0.000000e+000
 9.620000e-002, 4.615745e+002,-3.156418e+003, 2.691945e+003,-3.167696e+000, 5.912011e+001, 7.702675e+001, 0.000000e+000, 0.000000e+000, 0.000000e+000, 0.000000e+000
 9.625000e-002, 5.248892e+002,-3.179784e+003, 2.652240e+003,-2.295066e+000, 6.022871e+001, 7.524020e+001, 0.000000e+000, 0.000000e+000, 0.000000e+000, 0.000000e+000
 9.630000e-002, 5.879074e+002,-3.202129e+003, 2.611733e+003,-1.414674e+000, 6.132405e+001, 7.343135e+001, 0.000000e+000, 0.000000e+000, 0.000000e+000, 0.000000e+000
 9.635000e-002, 6.508152e+002,-3.223222e+003, 2.570159e+003,-5.260597e-001, 6.240536e+001, 7.160072e+001, 0.000000e+000, 0.000000e+000, 0.000000e+000, 0.000000e+000
 9.640000e-002, 7.133947e+002,-3.243301e+003, 2.527799e+003, 3.703515e-001, 6.347336e+001, 6.974974e+001, 0.000000e+000, 0.000000e+000, 0.000000e+000, 0.000000e+000
 9.645000e-002, 7.758063e+002,-3.262091e+003, 2.484418e+003, 1.275003e+000, 6.452726e+001, 6.787878e+001, 0.000000e+000, 0.000000e+000, 0.000000e+000, 0.000000e+000
 9.650000e-002, 8.378594e+002,-3.279874e+003, 2.440264e+003, 2.187386e+000, 6.556773e+001, 6.598937e+001, 0.000000e+000, 0.000000e+000, 0.000000e+000, 0.000000e+000
 9.655000e-002, 8.996870e+002,-3.296333e+003, 2.395141e+003, 3.107883e+000, 6.659395e+001, 6.408174e+001, 0.000000e+000, 0.000000e+000, 0.000000e+000, 0.000000e+000
 9.660000e-002, 9.611259e+002,-3.311794e+003, 2.349254e+003, 4.035941e+000, 6.760651e+001, 6.215752e+001, 0.000000e+000, 0.000000e+000, 0.000000e+000, 0.000000e+000
 9.665000e-002, 1.022283e+003,-3.325899e+003, 2.302454e+003, 4.971837e+000, 6.860462e+001, 6.021680e+001, 0.000000e+000, 0.000000e+000, 0.000000e+000, 0.000000e+000
 9.670000e-002, 1.083021e+003,-3.339014e+003, 2.254899e+003, 5.915009e+000, 6.958875e+001, 5.826126e+001, 0.000000e+000, 0.000000e+000, 0.000000e+000, 0.000000e+000
 9.675000e-002, 1.143423e+003,-3.350745e+003, 2.206490e+003, 6.865590e+000, 7.055813e+001, 5.629089e+001, 0.000000e+000, 0.000000e+000, 0.000000e+000, 0.000000e+000
 9.680000e-002, 1.203372e+003,-3.361493e+003, 2.157336e+003, 7.823045e+000, 7.151311e+001, 5.430740e+001, 0.000000e+000, 0.000000e+000, 0.000000e+000, 0.000000e+000
 9.685000e-002, 1.262936e+003,-3.370835e+003, 2.107388e+003, 8.787326e+000, 7.245296e+001, 5.231070e+001, 0.000000e+000, 0.000000e+000, 0.000000e+000, 0.000000e+000
 9.690000e-002, 1.322010e+003,-3.379198e+003, 2.056703e+003, 9.757957e+000, 7.337788e+001, 5.030249e+001, 0.000000e+000, 0.000000e+000, 0.000000e+000, 0.000000e+000
 9.695000e-002, 1.380654e+003,-3.386137e+003, 2.005289e+003, 1.073468e+001, 7.428723e+001, 4.828262e+001, 0.000000e+000, 0.000000e+000, 0.000000e+000, 0.000000e+000
 9.700000e-002, 1.438769e+003,-3.392102e+003, 1.953146e+003, 1.171711e+001, 7.518099e+001, 4.625275e+001, 0.000000e+000, 0.000000e+000, 0.000000e+000, 0.000000e+000
 9.705000e-002, 1.496413e+003,-3.396630e+003, 1.900339e+003, 1.270474e+001, 7.605863e+001, 4.421272e+001, 0.000000e+000, 0.000000e+000, 0.000000e+000, 0.000000e+000
 9.710000e-002, 1.553484e+003,-3.400185e+003, 1.846814e+003, 1.369731e+001, 7.691994e+001, 4.216412e+001, 0.000000e+000, 0.000000e+000, 0.000000e+000, 0.000000e+000
 9.715000e-002, 1.610050e+003,-3.402295e+003, 1.792689e+003, 1.469407e+001, 7.776449e+001, 4.010675e+001, 0.000000e+000, 0.000000e+000, 0.000000e+000, 0.000000e+000
 9.720000e-002, 1.665994e+003,-3.403432e+003, 1.737859e+003, 1.569487e+001, 7.859187e+001, 3.804214e+001, 0.000000e+000, 0.000000e+000, 0.000000e+000, 0.000000e+000
 9.725000e-002, 1.721405e+003,-3.403125e+003, 1.682493e+003, 1.669872e+001, 7.940173e+001, 3.597012e+001, 0.000000e+000, 0.000000e+000, 0.000000e+000, 0.000000e+000
 9.730000e-002, 1.776140e+003,-3.401838e+003, 1.626437e+003, 1.770557e+001, 8.019347e+001, 3.389209e+001, 0.000000e+000, 0.000000e+000, 0.000000e+000, 0.000000e+000
 9.735000e-002, 1.830321e+003,-3.399114e+003, 1.569909e+003, 1.871422e+001, 8.096686e+001, 3.180790e+001, 0.000000e+000, 0.000000e+000, 0.000000e+000, 0.000000e+000
 9.740000e-002, 1.883769e+003,-3.395403e+003, 1.512710e+003, 1.972474e+001, 8.172109e+001, 2.971884e+001, 0.000000e+000, 0.000000e+000, 0.000000e+000, 0.000000e+000
 9.745000e-002, 1.936646e+003,-3.390267e+003, 1.455098e+003, 2.073569e+001, 8.245603e+001, 2.762482e+001, 0.000000e+000, 0.000000e+000, 0.000000e+000, 0.000000e+000
 9.750000e-002, 1.988728e+003,-3.384135e+003, 1.396838e+003, 2.174725e+001, 8.317069e+001, 2.552698e+001, 0.000000e+000, 0.000000e+000, 0.000000e+000, 0.000000e+000
 9.755000e-002, 2.040229e+003,-3.376595e+003, 1.338224e+003, 2.275781e+001, 8.386503e+001, 2.342530e+001, 0.000000e+000, 0.000000e+000, 0.000000e+000, 0.000000e+000
 9.760000e-002, 2.090870e+003,-3.368048e+003, 1.278990e+003, 2.376761e+001, 8.453787e+001, 2.132076e+001, 0.000000e+000, 0.000000e+000, 0.000000e+000, 0.000000e+000
 9.765000e-002, 2.140924e+003,-3.358116e+003, 1.219456e+003, 2.477489e+001, 8.518928e+001, 1.921342e+001, 0.000000e+000, 0.000000e+000, 0.000000e+000, 0.000000e+000
 9.770000e-002, 2.190052e+003,-3.347162e+003, 1.159332e+003, 2.577995e+001, 8.581791e+001, 1.710413e+001, 0.000000e+000, 0.000000e+000, 0.000000e+000, 0.000000e+000
 9.775000e-002, 2.238590e+003,-3.334854e+003, 1.098962e+003, 2.678093e+001, 8.642390e+001, 1.499303e+001, 0.000000e+000, 0.000000e+000, 0.000000e+000, 0.000000e+000
 9.780000e-002, 2.286134e+003,-3.321508e+003, 1.038037e+003, 2.777813e+001, 8.700577e+001, 1.288079e+001, 0.000000e+000, 0.000000e+000, 0.000000e+000, 0.000000e+000
 9.785000e-002, 2.333087e+003,-3.306840e+003, 9.769147e+002, 2.876964e+001, 8.756371e+001, 1.076766e+001, 0.000000e+000, 0.000000e+000, 0.000000e+000, 0.000000e+000
 9.790000e-002, 2.378980e+003,-3.291118e+003, 9.152772e+002, 2.975576e+001, 8.809616e+001, 8.654172e+000, 0.000000e+000, 0.000000e+000, 0.000000e+000, 0.000000e+000
 9.795000e-002, 2.424283e+003,-3.274113e+003, 8.534887e+002, 3.073455e+001, 8.860333e+001, 6.540661e+000, 0.000000e+000, 0.000000e+000, 0.000000e+000, 0.000000e+000
 9.800000e-002, 2.468461e+003,-3.256037e+003, 7.912280e+002, 3.170625e+001, 8.908358e+001, 4.427521e+000, 0.000000e+000, 0.000000e+000, 0.000000e+000, 0.000000e+000
 9.805000e-002, 2.512047e+003,-3.236718e+003, 7.288600e+002, 3.266901e+001, 8.953715e+001, 2.315172e+000, 0.000000e+000, 0.000000e+000, 0.000000e+000, 0.000000e+000
 9.810000e-002, 2.554449e+003,-3.216312e+003, 6.660661e+002, 3.362294e+001, 8.996235e+001, 2.038962e-001, 0.000000e+000, 0.000000e+000, 0.000000e+000, 0.000000e+000
 9.815000e-002, 2.596256e+003,-3.194706e+003, 6.032064e+002, 3.456628e+001, 9.035943e+001,-1.905815e+000, 0.000000e+000, 0.000000e+000, 0.000000e+000, 0.000000e+000
 9.820000e-002, 2.636823e+003,-3.172000e+003, 5.399698e+002, 3.549904e+001, 9.072668e+001,-4.013772e+000, 0.000000e+000, 0.000000e+000, 0.000000e+000, 0.000000e+000
 9.825000e-002, 2.676790e+003,-3.148137e+003, 4.767068e+002, 3.641961e+001, 9.106435e+001,-6.119423e+000, 0.000000e+000, 0.000000e+000, 0.000000e+000, 0.000000e+000
 9.830000e-002, 2.715466e+003,-3.123162e+003, 4.131183e+002, 3.732781e+001, 9.137073e+001,-8.222648e+000, 0.000000e+000, 0.000000e+000, 0.000000e+000, 0.000000e+000
 9.835000e-002, 2.753533e+003,-3.097076e+003, 3.495414e+002, 3.822225e+001, 9.164606e+001,-1.032285e+001, 0.000000e+000, 0.000000e+000, 0.000000e+000, 0.000000e+000
 9.840000e-002, 2.790268e+003,-3.069868e+003, 2.856918e+002, 3.910254e+001, 9.188867e+001,-1.241994e+001, 0.000000e+000, 0.000000e+000, 0.000000e+000, 0.000000e+000
 9.845000e-002, 2.826377e+003,-3.041595e+003, 2.218909e+002, 3.996756e+001, 9.209876e+001,-1.451331e+001, 0.000000e+000, 0.000000e+000, 0.000000e+000, 0.000000e+000
 9.850000e-002, 2.861121e+003,-3.012193e+003, 1.578713e+002, 4.081665e+001, 9.227477e+001,-1.660288e+001, 0.000000e+000, 0.000000e+000, 0.000000e+000, 0.000000e+000
 9.855000e-002, 2.895217e+003,-2.981772e+003, 9.393684e+001, 4.164901e+001, 9.241679e+001,-1.868802e+001, 0.000000e+000, 0.000000e+000, 0.000000e+000, 0.000000e+000
 9.860000e-002, 2.927925e+003,-2.950220e+003, 2.983793e+001, 4.246374e+001, 9.252341e+001,-2.076866e+001, 0.000000e+000, 0.000000e+000, 0.000000e+000, 0.000000e+000
 9.865000e-002, 2.959956e+003,-2.917693e+003,-3.413924e+001, 4.326032e+001, 9.259466e+001,-2.284414e+001, 0.000000e+000, 0.000000e+000, 0.000000e+000, 0.000000e+000
 9.870000e-002, 2.990584e+003,-2.884036e+003,-9.822685e+001, 4.403761e+001, 9.262924e+001,-2.491439e+001, 0.000000e+000, 0.000000e+000, 0.000000e+000, 0.000000e+000
 9.875000e-002, 3.020500e+003,-2.849448e+003,-1.621557e+002, 4.479542e+001, 9.262714e+001,-2.697875e+001, 0.000000e+000, 0.000000e+000, 0.000000e+000, 0.000000e+000
 9.880000e-002, 3.049009e+003,-2.813737e+003,-2.261417e+002, 4.553237e+001, 9.258721e+001,-2.903709e+001, 0.000000e+000, 0.000000e+000, 0.000000e+000, 0.000000e+000
 9.885000e-002, 3.076762e+003,-2.777135e+003,-2.899311e+002, 4.624857e+001, 9.250938e+001,-3.108879e+001, 0.000000e+000, 0.000000e+000, 0.000000e+000, 0.000000e+000
 9.890000e-002, 3.103116e+003,-2.739423e+003,-3.537256e+002, 4.694243e+001, 9.239265e+001,-3.313364e+001, 0.000000e+000, 0.000000e+000, 0.000000e+000, 0.000000e+000
 9.895000e-002, 3.128663e+003,-2.700858e+003,-4.172845e+002, 4.761438e+001, 9.223689e+001,-3.517104e+001, 0.000000e+000, 0.000000e+000, 0.000000e+000, 0.000000e+000
 9.900000e-002, 3.152826e+003,-2.661200e+003,-4.807982e+002, 4.826260e+001, 9.204132e+001,-3.720074e+001, 0.000000e+000, 0.000000e+000, 0.000000e+000, 0.000000e+000
 9.905000e-002, 3.176128e+003,-2.620727e+003,-5.440359e+002, 4.888783e+001, 9.180575e+001,-3.922213e+001, 0.000000e+000, 0.000000e+000, 0.000000e+000, 0.000000e+000
 9.910000e-002, 3.198068e+003,-2.579181e+003,-6.071796e+002, 4.948809e+001, 9.152955e+001,-4.123489e+001, 0.000000e+000, 0.000000e+000, 0.000000e+000, 0.000000e+000
 9.915000e-002, 3.219087e+003,-2.536855e+003,-6.700061e+002, 5.006437e+001, 9.121252e+001,-4.323844e+001, 0.000000e+000, 0.000000e+000, 0.000000e+000, 0.000000e+000
 9.920000e-002, 3.238776e+003,-2.493484e+003,-7.326915e+002, 5.061457e+001, 9.085423e+001,-4.523237e+001, 0.000000e+000, 0.000000e+000, 0.000000e+000, 0.000000e+000
 9.925000e-002, 3.257479e+003,-2.449365e+003,-7.950171e+002, 5.113990e+001, 9.045445e+001,-4.721614e+001, 0.000000e+000, 0.000000e+000, 0.000000e+000, 0.000000e+000
 9.930000e-002, 3.274890e+003,-2.404233e+003,-8.571564e+002, 5.163819e+001, 9.001295e+001,-4.918925e+001, 0.000000e+000, 0.000000e+000, 0.000000e+000, 0.000000e+000
 9.935000e-002, 3.291250e+003,-2.358383e+003,-9.188925e+002, 5.211081e+001, 8.952946e+001,-5.115116e+001, 0.000000e+000, 0.000000e+000, 0.000000e+000, 0.000000e+000
 9.940000e-002, 3.306357e+003,-2.311555e+003,-9.803987e+002, 5.255560e+001, 8.900396e+001,-5.310131e+001, 0.000000e+000, 0.000000e+000, 0.000000e+000, 0.000000e+000
 9.945000e-002, 3.320348e+003,-2.264040e+003,-1.041458e+003, 5.297404e+001, 8.843621e+001,-5.503917e+001, 0.000000e+000, 0.000000e+000, 0.000000e+000, 0.000000e+000
 9.950000e-002, 3.333131e+003,-2.215584e+003,-1.102244e+003, 5.336400e+001, 8.782634e+001,-5.696410e+001, 0.000000e+000, 0.000000e+000, 0.000000e+000, 0.000000e+000
 9.955000e-002, 3.344733e+003,-2.166471e+003,-1.162539e+003, 5.372705e+001, 8.717416e+001,-5.887557e+001, 0.000000e+000, 0.000000e+000, 0.000000e+000, 0.000000e+000
 9.960000e-002, 3.355172e+003,-2.116459e+003,-1.222521e+003, 5.406115e+001, 8.647995e+001,-6.077290e+001, 0.000000e+000, 0.000000e+000, 0.000000e+000, 0.000000e+000
 9.965000e-002, 3.364369e+003,-2.065819e+003,-1.281967e+003, 5.436789e+001, 8.574358e+001,-6.265553e+001, 0.000000e+000, 0.000000e+000, 0.000000e+000, 0.000000e+000
 9.970000e-002, 3.372447e+003,-2.014323e+003,-1.341059e+003, 5.464539e+001, 8.496549e+001,-6.452275e+001, 0.000000e+000, 0.000000e+000, 0.000000e+000, 0.000000e+000
 9.975000e-002, 3.379225e+003,-1.962228e+003,-1.399572e+003, 5.489518e+001, 8.414561e+001,-6.637394e+001, 0.000000e+000, 0.000000e+000, 0.000000e+000, 0.000000e+000
 9.980000e-002, 3.384928e+003,-1.909324e+003,-1.457691e+003, 5.511560e+001, 8.328454e+001,-6.820841e+001, 0.000000e+000, 0.000000e+000, 0.000000e+000, 0.000000e+000
 9.985000e-002, 3.389281e+003,-1.855848e+003,-1.515190e+003, 5.530811e+001, 8.238229e+001,-7.002547e+001, 0.000000e+000, 0.000000e+000, 0.000000e+000, 0.000000e+000
 9.990000e-002, 3.392597e+003,-1.801612e+003,-1.572253e+003, 5.547128e+001, 8.143955e+001,-7.182444e+001, 0.000000e+000, 0.000000e+000, 0.000000e+000, 0.000000e+000
 9.995000e-002, 3.394520e+003,-1.746833e+003,-1.628656e+003, 5.560646e+001, 8.045647e+001,-7.360455e+001, 0.000000e+000, 0.000000e+000, 0.000000e+000, 0.000000e+000
 1.000000e-001, 3.395441e+003,-1.691344e+003,-1.684582e+003, 5.571251e+001, 7.943387e+001,-7.536515e+001, 0.000000e+000, 0.000000e+000, 0.000000e+000, 0.000000e+000
 1.000500e-001, 3.394933e+003,-1.635341e+003,-1.739811e+003, 5.579062e+001, 7.837197e+001,-7.710539e+001, 0.000000e+000, 0.000000e+000, 0.000000e+000, 0.000000e+000
 1.001000e-001, 3.393453e+003,-1.578677e+003,-1.794520e+003, 5.583995e+001, 7.727169e+001,-7.882466e+001, 0.000000e+000, 0.000000e+000, 0.000000e+000, 0.000000e+000
 1.001500e-001, 3.390519e+003,-1.521532e+003,-1.848499e+003, 5.586151e+001, 7.613339e+001,-8.052203e+001, 0.000000e+000, 0.000000e+000, 0.000000e+000, 0.000000e+000
 1.002000e-001, 3.386636e+003,-1.463775e+003,-1.901912e+003, 5.585482e+001, 7.495807e+001,-8.219692e+001, 0.000000e+000, 0.000000e+000, 0.000000e+000, 0.000000e+000
 1.002500e-001, 3.381282e+003,-1.405570e+003,-1.954565e+003, 5.582066e+001, 7.374622e+001,-8.384832e+001, 0.000000e+000, 0.000000e+000, 0.000000e+000, 0.000000e+000
 1.003000e-001, 3.374997e+003,-1.346802e+003,-2.006607e+003, 5.575889e+001, 7.249888e+001,-8.547573e+001, 0.000000e+000, 0.000000e+000, 0.000000e+000, 0.000000e+000
 1.003500e-001, 3.367235e+003,-1.287623e+003,-2.057860e+003, 5.567010e+001, 7.121671e+001,-8.707801e+001, 0.000000e+000, 0.000000e+000, 0.000000e+000, 0.000000e+000
 1.004000e-001, 3.358552e+003,-1.227928e+003,-2.108455e+003, 5.555450e+001, 6.990077e+001,-8.865475e+001, 0.000000e+000, 0.000000e+000, 0.000000e+000, 0.000000e+000
 1.004500e-001, 3.348395e+003,-1.167859e+003,-2.158238e+003, 5.541244e+001, 6.855187e+001,-9.020472e+001, 0.000000e+000, 0.000000e+000, 0.000000e+000, 0.000000e+000
 1.005000e-001, 3.337322e+003,-1.107323e+003,-2.207314e+003, 5.524445e+001, 6.717112e+001,-9.172758e+001, 0.000000e+000, 0.000000e+000, 0.000000e+000, 0.000000e+000
 1.005500e-001, 3.324788e+003,-1.046452e+003,-2.255558e+003, 5.505072e+001, 6.575941e+001,-9.322201e+001, 0.000000e+000, 0.000000e+000, 0.000000e+000, 0.000000e+000
 1.006000e-001, 3.311338e+003,-9.851599e+002,-2.303044e+003, 5.483206e+001, 6.431793e+001,-9.468774e+001, 0.000000e+000, 0.000000e+000, 0.000000e+000, 0.000000e+000
 1.006500e-001, 3.296447e+003,-9.235740e+002,-2.349681e+003, 5.458849e+001, 6.284768e+001,-9.612339e+001, 0.000000e+000, 0.000000e+000, 0.000000e+000, 0.000000e+000
 1.007000e-001, 3.280634e+003,-8.616137e+002,-2.395509e+003, 5.432109e+001, 6.134983e+001,-9.752876e+001, 0.000000e+000, 0.000000e+000, 0.000000e+000, 0.000000e+000
 1.007500e-001, 3.263410e+003,-7.994023e+002,-2.440474e+003, 5.402972e+001, 5.982552e+001,-9.890239e+001, 0.000000e+000, 0.000000e+000, 0.000000e+000, 0.000000e+000
 1.008000e-001, 3.245254e+003,-7.368613e+002,-2.484578e+003, 5.371568e+001, 5.827593e+001,-1.002442e+002, 0.000000e+000, 0.000000e+000, 0.000000e+000, 0.000000e+000
 1.008500e-001, 3.225722e+003,-6.741139e+002,-2.527810e+003, 5.337875e+001, 5.670229e+001,-1.015526e+002, 0.000000e+000, 0.000000e+000, 0.000000e+000, 0.000000e+000
 1.009000e-001, 3.205248e+003,-6.110811e+002,-2.570126e+003, 5.302037e+001, 5.510578e+001,-1.028275e+002, 0.000000e+000, 0.000000e+000, 0.000000e+000, 0.000000e+000
 1.009500e-001, 3.183438e+003,-5.478877e+002,-2.611563e+003, 5.264027e+001, 5.348770e+001,-1.040675e+002, 0.000000e+000, 0.000000e+000, 0.000000e+000, 0.000000e+000
 1.010000e-001, 3.160672e+003,-4.844524e+002,-2.652032e+003, 5.224000e+001, 5.184925e+001,-1.052725e+002, 0.000000e+000, 0.000000e+000, 0.000000e+000, 0.000000e+000
 1.010500e-001, 3.136614e+003,-4.209034e+002,-2.691615e+003, 5.181927e+001, 5.019176e+001,-1.064410e+002, 0.000000e+000, 0.000000e+000, 0.000000e+000, 0.000000e+000
 1.011000e-001, 3.111590e+003,-3.571555e+002,-2.730179e+003, 5.137968e+001, 4.851645e+001,-1.075730e+002, 0.000000e+000, 0.000000e+000, 0.000000e+000, 0.000000e+000
 1.011500e-001, 3.085318e+003,-2.933418e+002,-2.767852e+003, 5.092097e+001, 4.682468e+001,-1.086669e+002, 0.000000e+000, 0.000000e+000, 0.000000e+000, 0.000000e+000
 1.012000e-001, 3.058071e+003,-2.293714e+002,-2.804457e+003, 5.044474e+001, 4.511765e+001,-1.097229e+002, 0.000000e+000, 0.000000e+000, 0.000000e+000, 0.000000e+000
 1.012500e-001, 3.029622e+003,-1.653838e+002,-2.840165e+003, 4.995079e+001, 4.339675e+001,-1.107393e+002, 0.000000e+000, 0.000000e+000, 0.000000e+000, 0.000000e+000
 1.013000e-001, 3.000191e+003,-1.012816e+002,-2.874760e+003, 4.944066e+001, 4.166316e+001,-1.117164e+002, 0.000000e+000, 0.000000e+000, 0.000000e+000, 0.000000e+000
 1.013500e-001, 2.969604e+003,-3.721083e+001,-2.908453e+003, 4.891426e+001, 3.991827e+001,-1.126525e+002, 0.000000e+000, 0.000000e+000, 0.000000e+000, 0.000000e+000
 1.014000e-001, 2.938033e+003, 2.693244e+001,-2.940989e+003, 4.837302e+001, 3.816323e+001,-1.135479e+002, 0.000000e+000, 0.000000e+000, 0.000000e+000, 0.000000e+000
 1.014500e-001, 2.905350e+003, 9.099562e+001,-2.972617e+003, 4.781699e+001, 3.639944e+001,-1.144011e+002, 0.000000e+000, 0.000000e+000, 0.000000e+000, 0.000000e+000
 1.015000e-001, 2.871687e+003, 1.550894e+002,-3.003048e+003, 4.724746e+001, 3.462801e+001,-1.152121e+002, 0.000000e+000, 0.000000e+000, 0.000000e+000, 0.000000e+000
 1.015500e-001, 2.836951e+003, 2.190544e+002,-3.032566e+003, 4.666462e+001, 3.285029e+001,-1.159798e+002, 0.000000e+000, 0.000000e+000, 0.000000e+000, 0.000000e+000
 1.016000e-001, 2.801246e+003, 2.830081e+002,-3.060851e+003, 4.606957e+001, 3.106739e+001,-1.167041e+002, 0.000000e+000, 0.000000e+000, 0.000000e+000, 0.000000e+000
 1.016500e-001, 2.764504e+003, 3.467848e+002,-3.088214e+003, 4.546270e+001, 2.928060e+001,-1.173840e+002, 0.000000e+000, 0.000000e+000, 0.000000e+000, 0.000000e+000
 1.017000e-001, 2.726811e+003, 4.105082e+002,-3.114314e+003, 4.484490e+001, 2.749098e+001,-1.180192e+002, 0.000000e+000, 0.000000e+000, 0.000000e+000, 0.000000e+000
 1.017500e-001, 2.688114e+003, 4.740067e+002,-3.139482e+003, 4.421672e+001, 2.569978e+001,-1.186090e+002, 0.000000e+000, 0.000000e+000, 0.000000e+000, 0.000000e+000
 1.018000e-001, 2.648490e+003, 5.374101e+002,-3.163362e+003, 4.357882e+001, 2.390800e+001,-1.191531e+002, 0.000000e+000, 0.000000e+000, 0.000000e+000, 0.000000e+000
 1.018500e-001, 2.607889e+003, 6.005410e+002,-3.186295e+003, 4.293195e+001, 2.211683e+001,-1.196509e+002, 0.000000e+000, 0.000000e+000, 0.000000e+000, 0.000000e+000
 1.019000e-001, 2.566395e+003, 6.635351e+002,-3.207923e+003, 4.227654e+001, 2.032723e+001,-1.201020e+002, 0.000000e+000, 0.000000e+000, 0.000000e+000, 0.000000e+000
 1.019500e-001, 2.523945e+003, 7.262097e+002,-3.228588e+003, 4.161349e+001, 1.854030e+001,-1.205061e+002, 0.000000e+000, 0.000000e+000, 0.000000e+000, 0.000000e+000
 1.020000e-001, 2.480642e+003, 7.887060e+002,-3.247934e+003, 4.094300e+001, 1.675693e+001,-1.208625e+002, 0.000000e+000, 0.000000e+000, 0.000000e+000, 0.000000e+000
 1.020500e-001, 2.436403e+003, 8.508361e+002,-3.266299e+003, 4.026612e+001, 1.497816e+001,-1.211713e+002, 0.000000e+000, 0.000000e+000, 0.000000e+000, 0.000000e+000
 1.021000e-001, 2.391356e+003, 9.127469e+002,-3.283337e+003, 3.958284e+001, 1.320481e+001,-1.214317e+002, 0.000000e+000, 0.000000e+000, 0.000000e+000, 0.000000e+000
 1.021500e-001, 2.345387e+003, 9.742454e+002,-3.299374e+003, 3.889432e+001, 1.143784e+001,-1.216439e+002, 0.000000e+000, 0.000000e+000, 0.000000e+000, 0.000000e+000
 1.022000e-001, 2.298665e+003, 1.035484e+003,-3.314080e+003, 3.820035e+001, 9.677988e+000,-1.218071e+002, 0.000000e+000, 0.000000e+000, 0.000000e+000, 0.000000e+000
 1.022500e-001, 2.251031e+003, 1.096264e+003,-3.327765e+003, 3.750218e+001, 7.926138e+000,-1.219216e+002, 0.000000e+000, 0.000000e+000, 0.000000e+000, 0.000000e+000
 1.023000e-001, 2.202701e+003, 1.156745e+003,-3.340120e+003, 3.679943e+001, 6.182944e+000,-1.219868e+002, 0.000000e+000, 0.000000e+000, 0.000000e+000, 0.000000e+000
 1.023500e-001, 2.153469e+003, 1.216721e+003,-3.351430e+003, 3.609339e+001, 4.449218e+000,-1.220029e+002, 0.000000e+000, 0.000000e+000, 0.000000e+000, 0.000000e+000
 1.024000e-001, 2.103602e+003, 1.276359e+003,-3.361418e+003, 3.538356e+001, 2.725518e+000,-1.219694e+002, 0.000000e+000, 0.000000e+000, 0.000000e+000, 0.000000e+000
 1.024500e-001, 2.052843e+003, 1.335448e+003,-3.370336e+003, 3.467119e+001, 1.012588e+000,-1.218867e+002, 0.000000e+000, 0.000000e+000, 0.000000e+000, 0.000000e+000
 1.025000e-001, 2.001511e+003, 1.394160e+003,-3.377942e+003, 3.395572e+001,-6.891111e-001,-1.217542e+002, 0.000000e+000, 0.000000e+000, 0.000000e+000, 0.000000e+000
 1.025500e-001, 1.949297e+003, 1.452277e+003,-3.384454e+003, 3.323833e+001,-2.378904e+000,-1.215724e+002, 0.000000e+000, 0.000000e+000, 0.000000e+000, 0.000000e+000
 1.026000e-001, 1.896575e+003, 1.509981e+003,-3.389668e+003, 3.251843e+001,-4.056424e+000,-1.213408e+002, 0.000000e+000, 0.000000e+000, 0.000000e+000, 0.000000e+000
 1.026500e-001, 1.842982e+003, 1.567046e+003,-3.393764e+003, 3.179710e+001,-5.721063e+000,-1.210601e+002, 0.000000e+000, 0.000000e+000, 0.000000e+000, 0.000000e+000
 1.027000e-001, 1.788943e+003, 1.623661e+003,-3.396578e+003, 3.107372e+001,-7.372550e+000,-1.207297e+002, 0.000000e+000, 0.000000e+000, 0.000000e+000, 0.000000e+000
 1.027500e-001, 1.734050e+003, 1.679592e+003,-3.398251e+003, 3.034924e+001,-9.010340e+000,-1.203504e+002, 0.000000e+000, 0.000000e+000, 0.000000e+000, 0.000000e+000
 1.028000e-001, 1.678771e+003, 1.735039e+003,-3.398661e+003, 2.962309e+001,-1.063425e+001,-1.199217e+002, 0.000000e+000, 0.000000e+000, 0.000000e+000, 0.000000e+000
 1.028500e-001, 1.622658e+003, 1.789759e+003,-3.397907e+003, 2.889600e+001,-1.224380e+001,-1.194446e+002, 0.000000e+000, 0.000000e+000, 0.000000e+000, 0.000000e+000
 1.029000e-001, 1.566217e+003, 1.843960e+003,-3.395911e+003, 2.816751e+001,-1.383890e+001,-1.189185e+002, 0.000000e+000, 0.000000e+000, 0.000000e+000, 0.000000e+000
 1.029500e-001, 1.508967e+003, 1.897391e+003,-3.392733e+003, 2.743813e+001,-1.541912e+001,-1.183445e+002, 0.000000e+000, 0.000000e+000, 0.000000e+000, 0.000000e+000
 1.030000e-001, 1.451442e+003, 1.950271e+003,-3.388333e+003, 2.670749e+001,-1.698444e+001,-1.177223e+002, 0.000000e+000, 0.000000e+000, 0.000000e+000, 0.000000e+000
 1.030500e-001, 1.393140e+003, 2.002337e+003,-3.382735e+003, 2.597586e+001,-1.853451e+001,-1.170527e+002, 0.000000e+000, 0.000000e+000, 0.000000e+000, 0.000000e+000
 1.031000e-001, 1.334611e+003, 2.053822e+003,-3.375934e+003, 2.524302e+001,-2.006936e+001,-1.163356e+002, 0.000000e+000, 0.000000e+000, 0.000000e+000, 0.000000e+000
 1.031500e-001, 1.275345e+003, 2.104450e+003,-3.367925e+003, 2.450896e+001,-2.158870e+001,-1.155720e+002, 0.000000e+000, 0.000000e+000, 0.000000e+000, 0.000000e+000
 1.032000e-001, 1.215892e+003, 2.154467e+003,-3.358732e+003, 2.377364e+001,-2.309262e+001,-1.147620e+002, 0.000000e+000, 0.000000e+000, 0.000000e+000, 0.000000e+000
 1.032500e-001, 1.155750e+003, 2.203586e+003,-3.348324e+003, 2.303674e+001,-2.458089e+001,-1.139063e+002, 0.000000e+000, 0.000000e+000, 0.000000e+000, 0.000000e+000
 1.033000e-001, 1.095456e+003, 2.252064e+003,-3.336750e+003, 2.229844e+001,-2.605364e+001,-1.130052e+002, 0.000000e+000, 0.000000e+000, 0.000000e+000, 0.000000e+000
 1.033500e-001, 1.034526e+003, 2.299605e+003,-3.323958e+003, 2.155811e+001,-2.751072e+001,-1.120596e+002, 0.000000e+000, 0.000000e+000, 0.000000e+000, 0.000000e+000
 1.034000e-001, 9.734734e+002, 2.346476e+003,-3.310018e+003, 2.081614e+001,-2.895225e+001,-1.110697e+002, 0.000000e+000, 0.000000e+000, 0.000000e+000, 0.000000e+000
 1.034500e-001, 9.118472e+002, 2.392373e+003,-3.294861e+003, 2.007161e+001,-3.037815e+001,-1.100366e+002, 0.000000e+000, 0.000000e+000, 0.000000e+000, 0.000000e+000
 1.035000e-001, 8.501205e+002, 2.437569e+003,-3.278573e+003, 1.932510e+001,-3.178857e+001,-1.089606e+002, 0.000000e+000, 0.000000e+000, 0.000000e+000, 0.000000e+000
 1.035500e-001, 7.878892e+002, 2.481757e+003,-3.261074e+003, 1.857546e+001,-3.318350e+001,-1.078426e+002, 0.000000e+000, 0.000000e+000, 0.000000e+000, 0.000000e+000
 1.036000e-001, 7.255735e+002, 2.525214e+003,-3.242459e+003, 1.782342e+001,-3.456305e+001,-1.066833e+002, 0.000000e+000, 0.000000e+000, 0.000000e+000, 0.000000e+000
 1.036500e-001, 6.628287e+002, 2.567632e+003,-3.222644e+003, 1.706761e+001,-3.592731e+001,-1.054833e+002, 0.000000e+000, 0.000000e+000, 0.000000e+000, 0.000000e+000
 1.037000e-001, 6.000104e+002, 2.609288e+003,-3.201727e+003, 1.630894e+001,-3.727634e+001,-1.042436e+002, 0.000000e+000, 0.000000e+000, 0.000000e+000, 0.000000e+000
 1.037500e-001, 5.368438e+002, 2.649876e+003,-3.179624e+003, 1.554583e+001,-3.861032e+001,-1.029648e+002, 0.000000e+000, 0.000000e+000, 0.000000e+000, 0.000000e+000
 1.038000e-001, 4.736104e+002, 2.689670e+003,-3.156432e+003, 1.477933e+001,-3.992926e+001,-1.016479e+002, 0.000000e+000, 0.000000e+000, 0.000000e+000, 0.000000e+000
 1.038500e-001, 4.101139e+002, 2.728373e+003,-3.132075e+003, 1.400774e+001,-4.123343e+001,-1.002936e+002, 0.000000e+000, 0.000000e+000, 0.000000e+000, 0.000000e+000
 1.039000e-001, 3.465539e+002, 2.766247e+003,-3.106641e+003, 1.323218e+001,-4.252275e+001,-9.890293e+001, 0.000000e+000, 0.000000e+000, 0.000000e+000, 0.000000e+000
 1.039500e-001, 2.828189e+002, 2.803011e+003,-3.080064e+003, 1.245090e+001,-4.379761e+001,-9.747660e+001, 0.000000e+000, 0.000000e+000, 0.000000e+000, 0.000000e+000
 1.040000e-001, 2.190219e+002, 2.838910e+003,-3.052423e+003, 1.166505e+001,-4.505782e+001,-9.601571e+001, 0.000000e+000, 0.000000e+000, 0.000000e+000, 0.000000e+000
 1.040500e-001, 1.551395e+002, 2.873683e+003,-3.023665e+003, 1.087286e+001,-4.630387e+001,-9.452095e+001, 0.000000e+000, 0.000000e+000, 0.000000e+000, 0.000000e+000
 1.041000e-001, 9.119588e+001, 2.907555e+003,-2.993855e+003, 1.007552e+001,-4.753545e+001,-9.299350e+001, 0.000000e+000, 0.000000e+000, 0.000000e+000, 0.000000e+000
 1.041500e-001, 2.725638e+001, 2.940289e+003,-2.962957e+003, 9.271272e+000,-4.875318e+001,-9.143405e+001, 0.000000e+000, 0.000000e+000, 0.000000e+000, 0.000000e+000
 1.042000e-001,-3.674258e+001, 2.972083e+003,-2.931021e+003, 8.461295e+000,-4.995662e+001,-8.984382e+001, 0.000000e+000, 0.000000e+000, 0.000000e+000, 0.000000e+000
 1.042500e-001,-1.006494e+002, 3.002734e+003,-2.898026e+003, 7.643910e+000,-5.114647e+001,-8.822350e+001, 0.000000e+000, 0.000000e+000, 0.000000e+000, 0.000000e+000
 1.043000e-001,-1.646120e+002, 3.032403e+003,-2.864010e+003, 6.820249e+000,-5.232218e+001,-8.657433e+001, 0.000000e+000, 0.000000e+000, 0.000000e+000, 0.000000e+000
 1.043500e-001,-2.283972e+002, 3.060927e+003,-2.828966e+003, 5.988769e+000,-5.348454e+001,-8.489702e+001, 0.000000e+000, 0.000000e+000, 0.000000e+000, 0.000000e+000
 1.044000e-001,-2.922311e+002, 3.088428e+003,-2.792917e+003, 5.150510e+000,-5.463287e+001,-8.319279e+001, 0.000000e+000, 0.000000e+000, 0.000000e+000, 0.000000e+000
 1.044500e-001,-3.558066e+002, 3.114787e+003,-2.755873e+003, 4.304116e+000,-5.576803e+001,-8.146239e+001, 0.000000e+000, 0.000000e+000, 0.000000e+000, 0.000000e+000
 1.045000e-001,-4.194194e+002, 3.140078e+003,-2.717845e+003, 3.450509e+000,-5.688922e+001,-7.970702e+001, 0.000000e+000, 0.000000e+000, 0.000000e+000, 0.000000e+000
 1.045500e-001,-4.826981e+002, 3.164234e+003,-2.678854e+003, 2.588559e+000,-5.799737e+001,-7.792746e+001, 0.000000e+000, 0.000000e+000, 0.000000e+000, 0.000000e+000
 1.046000e-001,-5.459972e+002, 3.187277e+003,-2.638901e+003, 1.719044e+000,-5.909156e+001,-7.612483e+001, 0.000000e+000, 0.000000e+000, 0.000000e+000, 0.000000e+000
 1.046500e-001,-6.088928e+002, 3.209197e+003,-2.598017e+003, 8.410960e-001,-6.017277e+001,-7.429998e+001, 0.000000e+000, 0.000000e+000, 0.000000e+000, 0.000000e+000
 1.047000e-001,-6.717859e+002, 3.229958e+003,-2.556197e+003,-4.466924e-002,-6.123996e+001,-7.245396e+001, 0.000000e+000, 0.000000e+000, 0.000000e+000, 0.000000e+000
 1.047500e-001,-7.342131e+002, 3.249611e+003,-2.513479e+003,-9.388325e-001,-6.229415e+001,-7.058765e+001, 0.000000e+000, 0.000000e+000, 0.000000e+000, 0.000000e+000
 1.048000e-001,-7.966083e+002, 3.268059e+003,-2.469853e+003,-1.840951e+000,-6.333419e+001,-6.870203e+001, 0.000000e+000, 0.000000e+000, 0.000000e+000, 0.000000e+000
 1.048500e-001,-8.584825e+002, 3.285417e+003,-2.425360e+003,-2.751303e+000,-6.436113e+001,-6.679803e+001, 0.000000e+000, 0.000000e+000, 0.000000e+000, 0.000000e+000
 1.049000e-001,-9.202887e+002, 3.301524e+003,-2.379991e+003,-3.669621e+000,-6.537373e+001,-6.487652e+001, 0.000000e+000, 0.000000e+000, 0.000000e+000, 0.000000e+000
 1.049500e-001,-9.815262e+002, 3.316562e+003,-2.333787e+003,-4.595876e+000,-6.637301e+001,-6.293848e+001, 0.000000e+000, 0.000000e+000, 0.000000e+000, 0.000000e+000
 1.050000e-001,-1.042653e+003, 3.330304e+003,-2.286742e+003,-5.529968e+000,-6.735768e+001,-6.098469e+001, 0.000000e+000, 0.000000e+000, 0.000000e+000, 0.000000e+000
 1.050500e-001,-1.103171e+003, 3.343001e+003,-2.238892e+003,-6.471567e+000,-6.832871e+001,-5.901615e+001, 0.000000e+000, 0.000000e+000, 0.000000e+000, 0.000000e+000
 1.051000e-001,-1.163530e+003, 3.354357e+003,-2.190239e+003,-7.420727e+000,-6.928479e+001,-5.703355e+001, 0.000000e+000, 0.000000e+000, 0.000000e+000, 0.000000e+000
 1.051500e-001,-1.223247e+003, 3.364693e+003,-2.140810e+003,-8.376831e+000,-7.022681e+001,-5.503793e+001, 0.000000e+000, 0.000000e+000, 0.000000e+000, 0.000000e+000
 1.052000e-001,-1.282749e+003, 3.373647e+003,-2.090619e+003,-9.340068e+000,-7.115343e+001,-5.302986e+001, 0.000000e+000, 0.000000e+000, 0.000000e+000, 0.000000e+000
 1.052500e-001,-1.341583e+003, 3.381606e+003,-2.039682e+003,-1.030956e+001,-7.206546e+001,-5.101040e+001, 0.000000e+000, 0.000000e+000, 0.000000e+000, 0.000000e+000
 1.053000e-001,-1.400144e+003, 3.388146e+003,-1.988027e+003,-1.128559e+001,-7.296157e+001,-4.898004e+001, 0.000000e+000, 0.000000e+000, 0.000000e+000, 0.000000e+000
 1.053500e-001,-1.458015e+003, 3.393714e+003,-1.935654e+003,-1.226706e+001,-7.384244e+001,-4.693983e+001, 0.000000e+000, 0.000000e+000, 0.000000e+000, 0.000000e+000
 1.054000e-001,-1.515549e+003, 3.397830e+003,-1.882609e+003,-1.325433e+001,-7.470678e+001,-4.489020e+001, 0.000000e+000, 0.000000e+000, 0.000000e+000, 0.000000e+000
 1.054500e-001,-1.572378e+003, 3.400998e+003,-1.828875e+003,-1.424609e+001,-7.555511e+001,-4.283218e+001, 0.000000e+000, 0.000000e+000, 0.000000e+000, 0.000000e+000
 1.055000e-001,-1.628803e+003, 3.402685e+003,-1.774517e+003,-1.524276e+001,-7.638622e+001,-4.076611e+001, 0.000000e+000, 0.000000e+000, 0.000000e+000, 0.000000e+000
 1.055500e-001,-1.684511e+003, 3.403446e+003,-1.719498e+003,-1.624288e+001,-7.720044e+001,-3.869302e+001, 0.000000e+000, 0.000000e+000, 0.000000e+000, 0.000000e+000
 1.056000e-001,-1.739748e+003, 3.402701e+003,-1.663905e+003,-1.724685e+001,-7.799663e+001,-3.661320e+001, 0.000000e+000, 0.000000e+000, 0.000000e+000, 0.000000e+000
 1.056500e-001,-1.794257e+003, 3.401051e+003,-1.607680e+003,-1.825311e+001,-7.877496e+001,-3.452761e+001, 0.000000e+000, 0.000000e+000, 0.000000e+000, 0.000000e+000
 1.057000e-001,-1.848227e+003, 3.397877e+003,-1.550932e+003,-1.926203e+001,-7.953438e+001,-3.243652e+001, 0.000000e+000, 0.000000e+000, 0.000000e+000, 0.000000e+000
 1.057500e-001,-1.901460e+003, 3.393815e+003,-1.493582e+003,-2.027199e+001,-8.027486e+001,-3.034083e+001, 0.000000e+000, 0.000000e+000, 0.000000e+000, 0.000000e+000
 1.058000e-001,-1.954088e+003, 3.388219e+003,-1.435760e+003,-2.128330e+001,-8.099543e+001,-2.824079e+001, 0.000000e+000, 0.000000e+000, 0.000000e+000, 0.000000e+000
 1.058500e-001,-2.005970e+003, 3.381748e+003,-1.377368e+003,-2.229430e+001,-8.169588e+001,-2.613724e+001, 0.000000e+000, 0.000000e+000, 0.000000e+000, 0.000000e+000
 1.059000e-001,-2.057182e+003, 3.373738e+003,-1.318553e+003,-2.330520e+001,-8.237538e+001,-2.403040e+001, 0.000000e+000, 0.000000e+000, 0.000000e+000, 0.000000e+000
 1.059500e-001,-2.107640e+003, 3.364864e+003,-1.259203e+003,-2.431440e+001,-8.303349e+001,-2.192106e+001, 0.000000e+000, 0.000000e+000, 0.000000e+000, 0.000000e+000
 1.060000e-001,-2.157366e+003, 3.354452e+003,-1.199480e+003,-2.532194e+001,-8.366950e+001,-1.980943e+001, 0.000000e+000, 0.000000e+000, 0.000000e+000, 0.000000e+000
 1.060500e-001,-2.206325e+003, 3.343185e+003,-1.139257e+003,-2.632629e+001,-8.428276e+001,-1.769621e+001, 0.000000e+000, 0.000000e+000, 0.000000e+000, 0.000000e+000
 1.061000e-001,-2.254497e+003, 3.330389e+003,-1.078711e+003,-2.732736e+001,-8.487273e+001,-1.558164e+001, 0.000000e+000, 0.000000e+000, 0.000000e+000, 0.000000e+000
 1.061500e-001,-2.301887e+003, 3.316741e+003,-1.017702e+003,-2.832370e+001,-8.543852e+001,-1.346632e+001, 0.000000e+000, 0.000000e+000, 0.000000e+000, 0.000000e+000
 1.062000e-001,-2.348438e+003, 3.301580e+003,-9.564176e+002,-2.931506e+001,-8.597974e+001,-1.135054e+001, 0.000000e+000, 0.000000e+000, 0.000000e+000, 0.000000e+000
 1.062500e-001,-2.394191e+003, 3.285568e+003,-8.947113e+002,-3.030011e+001,-8.649532e+001,-9.234796e+000, 0.000000e+000, 0.000000e+000, 0.000000e+000, 0.000000e+000
 1.063000e-001,-2.439059e+003, 3.268066e+003,-8.327753e+002,-3.127842e+001,-8.698499e+001,-7.119410e+000, 0.000000e+000, 0.000000e+000, 0.000000e+000, 0.000000e+000
 1.063500e-001,-2.483106e+003, 3.249709e+003,-7.704602e+002,-3.224881e+001,-8.744751e+001,-5.004795e+000, 0.000000e+000, 0.000000e+000, 0.000000e+000, 0.000000e+000
 1.064000e-001,-2.526229e+003, 3.229892e+003,-7.079601e+002,-3.321067e+001,-8.788275e+001,-2.891320e+000, 0.000000e+000, 0.000000e+000, 0.000000e+000, 0.000000e+000
 1.064500e-001,-2.568506e+003, 3.209214e+003,-6.451261e+002,-3.416299e+001,-8.828930e+001,-7.793127e-001, 0.000000e+000, 0.000000e+000, 0.000000e+000, 0.000000e+000
 1.065000e-001,-2.609825e+003, 3.187112e+003,-5.821502e+002,-3.510498e+001,-8.866717e+001, 1.330809e+000, 0.000000e+000, 0.000000e+000, 0.000000e+000, 0.000000e+000
 1.065500e-001,-2.650271e+003, 3.164140e+003,-5.188875e+002,-3.603579e+001,-8.901481e+001, 3.438796e+000, 0.000000e+000, 0.000000e+000, 0.000000e+000, 0.000000e+000
 1.066000e-001,-2.689730e+003, 3.139785e+003,-4.555245e+002,-3.695447e+001,-8.933234e+001, 5.544179e+000, 0.000000e+000, 0.000000e+000, 0.000000e+000, 0.000000e+000
 1.066500e-001,-2.728284e+003, 3.114551e+003,-3.919240e+002,-3.786033e+001,-8.961811e+001, 7.646775e+000, 0.000000e+000, 0.000000e+000, 0.000000e+000, 0.000000e+000
 1.067000e-001,-2.765829e+003, 3.087979e+003,-3.282632e+002,-3.875230e+001,-8.987235e+001, 9.746067e+000, 0.000000e+000, 0.000000e+000, 0.000000e+000, 0.000000e+000
 1.067500e-001,-2.802434e+003, 3.060517e+003,-2.644159e+002,-3.962983e+001,-9.009335e+001, 1.184192e+001, 0.000000e+000, 0.000000e+000, 0.000000e+000, 0.000000e+000
 1.068000e-001,-2.838014e+003, 3.031765e+003,-2.005474e+002,-4.049174e+001,-9.028139e+001, 1.393378e+001, 0.000000e+000, 0.000000e+000, 0.000000e+000, 0.000000e+000
 1.068500e-001,-2.872616e+003, 3.002114e+003,-1.365445e+002,-4.133762e+001,-9.043474e+001, 1.602155e+001, 0.000000e+000, 0.000000e+000, 0.000000e+000, 0.000000e+000
 1.069000e-001,-2.906182e+003, 2.971225e+003,-7.255843e+001,-4.216622e+001,-9.055378e+001, 1.810462e+001, 0.000000e+000, 0.000000e+000, 0.000000e+000, 0.000000e+000
 1.069500e-001,-2.938731e+003, 2.939426e+003,-8.491049e+000,-4.297724e+001,-9.063673e+001, 2.018293e+001, 0.000000e+000, 0.000000e+000, 0.000000e+000, 0.000000e+000
 1.070000e-001,-2.970235e+003, 2.906444e+003, 5.552211e+001,-4.376938e+001,-9.068407e+001, 2.225584e+001, 0.000000e+000, 0.000000e+000, 0.000000e+000, 0.000000e+000
 1.070500e-001,-3.000684e+003, 2.872542e+003, 1.195630e+002,-4.454244e+001,-9.069402e+001, 2.432328e+001, 0.000000e+000, 0.000000e+000, 0.000000e+000, 0.000000e+000
 1.071000e-001,-3.030082e+003, 2.837514e+003, 1.835126e+002,-4.529513e+001,-9.066711e+001, 2.638460e+001, 0.000000e+000, 0.000000e+000, 0.000000e+000, 0.000000e+000
 1.071500e-001,-3.058386e+003, 2.801558e+003, 2.474363e+002,-4.602730e+001,-9.060163e+001, 2.843970e+001, 0.000000e+000, 0.000000e+000, 0.000000e+000, 0.000000e+000
 1.072000e-001,-3.085635e+003, 2.764535e+003, 3.112316e+002,-4.673771e+001,-9.049814e+001, 3.048792e+001, 0.000000e+000, 0.000000e+000, 0.000000e+000, 0.000000e+000
 1.072500e-001,-3.111754e+003, 2.726576e+003, 3.749479e+002,-4.742623e+001,-9.035503e+001, 3.252914e+001, 0.000000e+000, 0.000000e+000, 0.000000e+000, 0.000000e+000
 1.073000e-001,-3.136816e+003, 2.687609e+003, 4.384984e+002,-4.809170e+001,-9.017285e+001, 3.456269e+001, 0.000000e+000, 0.000000e+000, 0.000000e+000, 0.000000e+000
 1.073500e-001,-3.160713e+003, 2.647704e+003, 5.019176e+002,-4.873401e+001,-8.995015e+001, 3.658839e+001, 0.000000e+000, 0.000000e+000, 0.000000e+000, 0.000000e+000
 1.074000e-001,-3.183549e+003, 2.606849e+003, 5.651328e+002,-4.935212e+001,-8.968748e+001, 3.860558e+001, 0.000000e+000, 0.000000e+000, 0.000000e+000, 0.000000e+000
 1.074500e-001,-3.205191e+003, 2.565055e+003, 6.281660e+002,-4.994589e+001,-8.938352e+001, 4.061402e+001, 0.000000e+000, 0.000000e+000, 0.000000e+000, 0.000000e+000
 1.075000e-001,-3.225768e+003, 2.522369e+003, 6.909560e+002,-5.051443e+001,-8.903885e+001, 4.261307e+001, 0.000000e+000, 0.000000e+000, 0.000000e+000, 0.000000e+000
 1.075500e-001,-3.245125e+003, 2.478749e+003, 7.535146e+002,-5.105756e+001,-8.865230e+001, 4.460240e+001, 0.000000e+000, 0.000000e+000, 0.000000e+000, 0.000000e+000
 1.076000e-001,-3.263410e+003, 2.434292e+003, 8.157901e+002,-5.157456e+001,-8.822444e+001, 4.658138e+001, 0.000000e+000, 0.000000e+000, 0.000000e+000, 0.000000e+000
 1.076500e-001,-3.280456e+003, 2.388910e+003, 8.777866e+002,-5.206521e+001,-8.775431e+001, 4.854963e+001, 0.000000e+000, 0.000000e+000, 0.000000e+000, 0.000000e+000
 1.077000e-001,-3.296422e+003, 2.342745e+003, 9.394589e+002,-5.252897e+001,-8.724247e+001, 5.050651e+001, 0.000000e+000, 0.000000e+000, 0.000000e+000, 0.000000e+000
 1.077500e-001,-3.311132e+003, 2.295667e+003, 1.000807e+003,-5.296556e+001,-8.668816e+001, 5.245155e+001, 0.000000e+000, 0.000000e+000, 0.000000e+000, 0.000000e+000
 1.078000e-001,-3.324753e+003, 2.247859e+003, 1.061788e+003,-5.337466e+001,-8.609194e+001, 5.438416e+001, 0.000000e+000, 0.000000e+000, 0.000000e+000, 0.000000e+000
 1.078500e-001,-3.337109e+003, 2.199155e+003, 1.122401e+003,-5.375590e+001,-8.545325e+001, 5.630377e+001, 0.000000e+000, 0.000000e+000, 0.000000e+000, 0.000000e+000
 1.079000e-001,-3.348363e+003, 2.149772e+003, 1.182604e+003,-5.410917e+001,-8.477265e+001, 5.820980e+001, 0.000000e+000, 0.000000e+000, 0.000000e+000, 0.000000e+000
 1.079500e-001,-3.358349e+003, 2.099515e+003, 1.242398e+003,-5.443405e+001,-8.404981e+001, 6.010159e+001, 0.000000e+000, 0.000000e+000, 0.000000e+000, 0.000000e+000
 1.080000e-001,-3.367217e+003, 2.048626e+003, 1.301738e+003,-5.473064e+001,-8.328527e+001, 6.197858e+001, 0.000000e+000, 0.000000e+000, 0.000000e+000, 0.000000e+000
 1.080500e-001,-3.374818e+003, 1.996889e+003, 1.360629e+003,-5.499845e+001,-8.247893e+001, 6.384006e+001, 0.000000e+000, 0.000000e+000, 0.000000e+000, 0.000000e+000
 1.081000e-001,-3.381285e+003, 1.944566e+003, 1.419021e+003,-5.523778e+001,-8.163133e+001, 6.568545e+001, 0.000000e+000, 0.000000e+000, 0.000000e+000, 0.000000e+000
 1.081500e-001,-3.386493e+003, 1.891425e+003, 1.476926e+003,-5.544810e+001,-8.074258e+001, 6.751397e+001, 0.000000e+000, 0.000000e+000, 0.000000e+000, 0.000000e+000
 1.082000e-001,-3.390548e+003, 1.837743e+003, 1.534288e+003,-5.562990e+001,-7.981326e+001, 6.932505e+001, 0.000000e+000, 0.000000e+000, 0.000000e+000, 0.000000e+000
 1.082500e-001,-3.393355e+003, 1.783277e+003, 1.591126e+003,-5.578262e+001,-7.884366e+001, 7.111785e+001, 0.000000e+000, 0.000000e+000, 0.000000e+000, 0.000000e+000
 1.083000e-001,-3.394989e+003, 1.728312e+003, 1.647376e+003,-5.590691e+001,-7.783437e+001, 7.289180e+001, 0.000000e+000, 0.000000e+000, 0.000000e+000, 0.000000e+000
 1.083500e-001,-3.395393e+003, 1.672600e+003, 1.703067e+003,-5.600220e+001,-7.678590e+001, 7.464602e+001, 0.000000e+000, 0.000000e+000, 0.000000e+000, 0.000000e+000
 1.084000e-001,-3.394602e+003, 1.616430e+003, 1.758127e+003,-5.606929e+001,-7.569885e+001, 7.637990e+001, 0.000000e+000, 0.000000e+000, 0.000000e+000, 0.000000e+000
 1.084500e-001,-3.392601e+003, 1.559553e+003, 1.812592e+003,-5.610764e+001,-7.457393e+001, 7.809256e+001, 0.000000e+000, 0.000000e+000, 0.000000e+000, 0.000000e+000
 1.085000e-001,-3.389386e+003, 1.502258e+003, 1.866384e+003,-5.611814e+001,-7.341176e+001, 7.978334e+001, 0.000000e+000, 0.000000e+000, 0.000000e+000, 0.000000e+000
 1.085500e-001,-3.384982e+003, 1.444301e+003, 1.919545e+003,-5.610030e+001,-7.221322e+001, 8.145137e+001, 0.000000e+000, 0.000000e+000, 0.000000e+000, 0.000000e+000
 1.086000e-001,-3.379346e+003, 1.385962e+003, 1.971994e+003,-5.605509e+001,-7.097897e+001, 8.309595e+001, 0.000000e+000, 0.000000e+000, 0.000000e+000, 0.000000e+000
 1.086500e-001,-3.372545e+003, 1.327007e+003, 2.023776e+003,-5.598211e+001,-6.971004e+001, 8.471620e+001, 0.000000e+000, 0.000000e+000, 0.000000e+000, 0.000000e+000
 1.087000e-001,-3.364496e+003, 1.267708e+003, 2.074808e+003,-5.588234e+001,-6.840715e+001, 8.631137e+001, 0.000000e+000, 0.000000e+000, 0.000000e+000, 0.000000e+000
 1.087500e-001,-3.355306e+003, 1.207842e+003, 2.125138e+003,-5.575552e+001,-6.707143e+001, 8.788065e+001, 0.000000e+000, 0.000000e+000, 0.000000e+000, 0.000000e+000
 1.088000e-001,-3.344856e+003, 1.147667e+003, 2.174681e+003,-5.560262e+001,-6.570367e+001, 8.942319e+001, 0.000000e+000, 0.000000e+000, 0.000000e+000, 0.000000e+000
 1.088500e-001,-3.333288e+003, 1.086975e+003, 2.223487e+003,-5.542352e+001,-6.430510e+001, 9.093824e+001, 0.000000e+000, 0.000000e+000, 0.000000e+000, 0.000000e+000
 1.089000e-001,-3.320453e+003, 1.026012e+003, 2.271473e+003,-5.521915e+001,-6.287658e+001, 9.242487e+001, 0.000000e+000, 0.000000e+000, 0.000000e+000, 0.000000e+000
 1.089500e-001,-3.306521e+003, 9.645807e+002, 2.318684e+003,-5.498956e+001,-6.141941e+001, 9.388240e+001, 0.000000e+000, 0.000000e+000, 0.000000e+000, 0.000000e+000
 1.090000e-001,-3.291320e+003, 9.029160e+002, 2.365047e+003,-5.473561e+001,-5.993451e+001, 9.530983e+001, 0.000000e+000, 0.000000e+000, 0.000000e+000, 0.000000e+000
 1.090500e-001,-3.275042e+003, 8.408338e+002, 2.410594e+003,-5.445754e+001,-5.842325e+001, 9.670657e+001, 0.000000e+000, 0.000000e+000, 0.000000e+000, 0.000000e+000
 1.091000e-001,-3.257498e+003, 7.785558e+002, 2.455269e+003,-5.415612e+001,-5.688661e+001, 9.807150e+001, 0.000000e+000, 0.000000e+000, 0.000000e+000, 0.000000e+000
 1.091500e-001,-3.238895e+003, 7.159113e+002, 2.499088e+003,-5.383178e+001,-5.532600e+001, 9.940416e+001, 0.000000e+000, 0.000000e+000, 0.000000e+000, 0.000000e+000
 1.092000e-001,-3.219034e+003, 6.531091e+002, 2.542013e+003,-5.348518e+001,-5.374245e+001, 1.007033e+002, 0.000000e+000, 0.000000e+000, 0.000000e+000, 0.000000e+000
 1.092500e-001,-3.198129e+003, 5.899913e+002, 2.584040e+003,-5.311693e+001,-5.213741e+001, 1.019687e+002, 0.000000e+000, 0.000000e+000, 0.000000e+000, 0.000000e+000
 1.093000e-001,-3.175982e+003, 5.267548e+002, 2.625156e+003,-5.272760e+001,-5.051194e+001, 1.031988e+002, 0.000000e+000, 0.000000e+000, 0.000000e+000, 0.000000e+000
 1.093500e-001,-3.152802e+003, 4.632533e+002, 2.665329e+003,-5.231799e+001,-4.886750e+001, 1.043936e+002, 0.000000e+000, 0.000000e+000, 0.000000e+000, 0.000000e+000
 1.094000e-001,-3.128403e+003, 3.996729e+002, 2.704579e+003,-5.188853e+001,-4.720522e+001, 1.055517e+002, 0.000000e+000, 0.000000e+000, 0.000000e+000, 0.000000e+000
 1.094500e-001,-3.102979e+003, 3.358776e+002, 2.742841e+003,-5.144020e+001,-4.552652e+001, 1.066728e+002, 0.000000e+000, 0.000000e+000, 0.000000e+000, 0.000000e+000
 1.095000e-001,-3.076363e+003, 2.720440e+002, 2.780171e+003,-5.097332e+001,-4.383257e+001, 1.077556e+002, 0.000000e+000, 0.000000e+000, 0.000000e+000, 0.000000e+000
 1.095500e-001,-3.048729e+003, 2.080449e+002, 2.816465e+003,-5.048901e+001,-4.212479e+001, 1.088000e+002, 0.000000e+000, 0.000000e+000, 0.000000e+000, 0.000000e+000
 1.096000e-001,-3.019937e+003, 1.440492e+002, 2.851823e+003,-4.998748e+001,-4.040434e+001, 1.098045e+002, 0.000000e+000, 0.000000e+000, 0.000000e+000, 0.000000e+000
 1.096500e-001,-2.990131e+003, 7.993661e+001, 2.886098e+003,-4.947001e+001,-3.867262e+001, 1.107693e+002, 0.000000e+000, 0.000000e+000, 0.000000e+000, 0.000000e+000
 1.097000e-001,-2.959205e+003, 1.586986e+001, 2.919433e+003,-4.893669e+001,-3.693080e+001, 1.116928e+002, 0.000000e+000, 0.000000e+000, 0.000000e+000, 0.000000e+000
 1.097500e-001,-2.927267e+003,-4.826597e+001, 2.951639e+003,-4.838889e+001,-3.518024e+001, 1.125750e+002, 0.000000e+000, 0.000000e+000, 0.000000e+000, 0.000000e+000
 1.098000e-001,-2.894252e+003,-1.123128e+002, 2.982906e+003,-4.782664e+001,-3.342211e+001, 1.134147e+002, 0.000000e+000, 0.000000e+000, 0.000000e+000, 0.000000e+000
 1.098500e-001,-2.860227e+003,-1.763816e+002, 3.012997e+003,-4.725137e+001,-3.165770e+001, 1.142118e+002, 0.000000e+000, 0.000000e+000, 0.000000e+000, 0.000000e+000
 1.099000e-001,-2.825171e+003,-2.403177e+002, 3.042150e+003,-4.666304e+001,-2.988818e+001, 1.149651e+002, 0.000000e+000, 0.000000e+000, 0.000000e+000, 0.000000e+000
 1.099500e-001,-2.789107e+003,-3.042295e+002, 3.070083e+003,-4.606312e+001,-2.811478e+001, 1.156746e+002, 0.000000e+000, 0.000000e+000, 0.000000e+000, 0.000000e+000
 1.100000e-001,-2.752061e+003,-3.679644e+002, 3.097081e+003,-4.545153e+001,-2.633863e+001, 1.163391e+002, 0.000000e+000, 0.000000e+000, 0.000000e+000, 0.000000e+000
 1.100500e-001,-2.714010e+003,-4.316293e+002, 3.122816e+003,-4.482972e+001,-2.456090e+001, 1.169587e+002, 0.000000e+000, 0.000000e+000, 0.000000e+000, 0.000000e+000
 1.101000e-001,-2.675026e+003,-4.950731e+002, 3.147619e+003,-4.419762e+001,-2.278269e+001, 1.175321e+002, 0.000000e+000, 0.000000e+000, 0.000000e+000, 0.000000e+000
 1.101500e-001,-2.635043e+003,-5.584017e+002, 3.171120e+003,-4.355661e+001,-2.100508e+001, 1.180597e+002, 0.000000e+000, 0.000000e+000, 0.000000e+000, 0.000000e+000
 1.102000e-001,-2.594177e+003,-6.214649e+002, 3.193694e+003,-4.290663e+001,-1.922911e+001, 1.185402e+002, 0.000000e+000, 0.000000e+000, 0.000000e+000, 0.000000e+000
 1.102500e-001,-2.552320e+003,-6.843683e+002, 3.214928e+003,-4.224899e+001,-1.745582e+001, 1.189738e+002, 0.000000e+000, 0.000000e+000, 0.000000e+000, 0.000000e+000
 1.103000e-001,-2.509628e+003,-7.469622e+002, 3.235237e+003,-4.158365e+001,-1.568618e+001, 1.193595e+002, 0.000000e+000, 0.000000e+000, 0.000000e+000, 0.000000e+000
 1.103500e-001,-2.465959e+003,-8.093522e+002, 3.254175e+003,-4.091179e+001,-1.392112e+001, 1.196975e+002, 0.000000e+000, 0.000000e+000, 0.000000e+000, 0.000000e+000
 1.104000e-001,-2.421502e+003,-8.713888e+002, 3.272189e+003,-4.023346e+001,-1.216157e+001, 1.199869e+002, 0.000000e+000, 0.000000e+000, 0.000000e+000, 0.000000e+000
 1.104500e-001,-2.376085e+003,-9.331778e+002, 3.288806e+003,-3.954964e+001,-1.040839e+001, 1.202279e+002, 0.000000e+000, 0.000000e+000, 0.000000e+000, 0.000000e+000
 1.105000e-001,-2.329925e+003,-9.945700e+002, 3.304498e+003,-3.886047e+001,-8.662399e+000, 1.204198e+002, 0.000000e+000, 0.000000e+000, 0.000000e+000, 0.000000e+000
 1.105500e-001,-2.282828e+003,-1.055671e+003, 3.318770e+003,-3.816676e+001,-6.924396e+000, 1.205627e+002, 0.000000e+000, 0.000000e+000, 0.000000e+000, 0.000000e+000
 1.106000e-001,-2.235029e+003,-1.116333e+003, 3.332114e+003,-3.746874e+001,-5.195120e+000, 1.206560e+002, 0.000000e+000, 0.000000e+000, 0.000000e+000, 0.000000e+000
 1.106500e-001,-2.186321e+003,-1.176661e+003, 3.344023e+003,-3.676699e+001,-3.475285e+000, 1.206998e+002, 0.000000e+000, 0.000000e+000, 0.000000e+000, 0.000000e+000
 1.107000e-001,-2.136950e+003,-1.236507e+003, 3.354999e+003,-3.606186e+001,-1.765547e+000, 1.206939e+002, 0.000000e+000, 0.000000e+000, 0.000000e+000, 0.000000e+000
 1.107500e-001,-2.086704e+003,-1.295977e+003, 3.364530e+003,-3.535370e+001,-6.653886e-002, 1.206381e+002, 0.000000e+000, 0.000000e+000, 0.000000e+000, 0.000000e+000
 1.108000e-001,-2.035829e+003,-1.354924e+003, 3.373119e+003,-3.464296e+001, 1.621170e+000, 1.205324e+002, 0.000000e+000, 0.000000e+000, 0.000000e+000, 0.000000e+000
 1.108500e-001,-1.984120e+003,-1.413452e+003, 3.380259e+003,-3.392976e+001, 3.297025e+000, 1.203767e+002, 0.000000e+000, 0.000000e+000, 0.000000e+000, 0.000000e+000
 1.109000e-001,-1.931813e+003,-1.471417e+003, 3.386446e+003,-3.321466e+001, 4.960543e+000, 1.201712e+002, 0.000000e+000, 0.000000e+000, 0.000000e+000, 0.000000e+000
 1.109500e-001,-1.878717e+003,-1.528922e+003, 3.391188e+003,-3.249757e+001, 6.611246e+000, 1.199156e+002, 0.000000e+000, 0.000000e+000, 0.000000e+000, 0.000000e+000
 1.110000e-001,-1.825050e+003,-1.585823e+003, 3.394960e+003,-3.177910e+001, 8.248735e+000, 1.196103e+002, 0.000000e+000, 0.000000e+000, 0.000000e+000, 0.000000e+000
 1.110500e-001,-1.770647e+003,-1.642223e+003, 3.397298e+003,-3.105897e+001, 9.872609e+000, 1.192551e+002, 0.000000e+000, 0.000000e+000, 0.000000e+000, 0.000000e+000
 1.111000e-001,-1.715696e+003,-1.697981e+003, 3.398650e+003,-3.033787e+001, 1.148255e+001, 1.188507e+002, 0.000000e+000, 0.000000e+000, 0.000000e+000, 0.000000e+000
 1.111500e-001,-1.660064e+003,-1.753198e+003, 3.398581e+003,-2.961530e+001, 1.307822e+001, 1.183965e+002, 0.000000e+000, 0.000000e+000, 0.000000e+000, 0.000000e+000
 1.112000e-001,-1.603906e+003,-1.807735e+003, 3.397507e+003,-2.889202e+001, 1.465938e+001, 1.178936e+002, 0.000000e+000, 0.000000e+000, 0.000000e+000, 0.000000e+000
 1.112500e-001,-1.547129e+003,-1.861691e+003, 3.395033e+003,-2.816736e+001, 1.622578e+001, 1.173414e+002, 0.000000e+000, 0.000000e+000, 0.000000e+000, 0.000000e+000
 1.113000e-001,-1.489843e+003,-1.914929e+003, 3.391532e+003,-2.744209e+001, 1.777723e+001, 1.167411e+002, 0.000000e+000, 0.000000e+000, 0.000000e+000, 0.000000e+000
 1.113500e-001,-1.432002e+003,-1.967549e+003, 3.386658e+003,-2.671544e+001, 1.931355e+001, 1.160922e+002, 0.000000e+000, 0.000000e+000, 0.000000e+000, 0.000000e+000
 1.114000e-001,-1.373671e+003,-2.019414e+003, 3.380733e+003,-2.598814e+001, 2.083461e+001, 1.153959e+002, 0.000000e+000, 0.000000e+000, 0.000000e+000, 0.000000e+000
 1.114500e-001,-1.314850e+003,-2.070623e+003, 3.373467e+003,-2.525932e+001, 2.234029e+001, 1.146517e+002, 0.000000e+000, 0.000000e+000, 0.000000e+000, 0.000000e+000
 1.115000e-001,-1.255556e+003,-2.121041e+003, 3.365124e+003,-2.452970e+001, 2.383052e+001, 1.138611e+002, 0.000000e+000, 0.000000e+000, 0.000000e+000, 0.000000e+000
 1.115500e-001,-1.195840e+003,-2.170768e+003, 3.355476e+003,-2.379833e+001, 2.530524e+001, 1.130236e+002, 0.000000e+000, 0.000000e+000, 0.000000e+000, 0.000000e+000
 1.116000e-001,-1.135669e+003,-2.219669e+003, 3.344726e+003,-2.306587e+001, 2.676443e+001, 1.121406e+002, 0.000000e+000, 0.000000e+000, 0.000000e+000, 0.000000e+000
 1.116500e-001,-1.075142e+003,-2.267843e+003, 3.332709e+003,-2.233136e+001, 2.820807e+001, 1.112119e+002, 0.000000e+000, 0.000000e+000, 0.000000e+000, 0.000000e+000
 1.117000e-001,-1.014182e+003,-2.315157e+003, 3.319568e+003,-2.159536e+001, 2.963618e+001, 1.102389e+002, 0.000000e+000, 0.000000e+000, 0.000000e+000, 0.000000e+000
 1.117500e-001,-9.529303e+002,-2.361710e+003, 3.305199e+003,-2.085692e+001, 3.104877e+001, 1.092213e+002, 0.000000e+000, 0.000000e+000, 0.000000e+000, 0.000000e+000
 1.118000e-001,-8.912682e+002,-2.407372e+003, 3.289683e+003,-2.011648e+001, 3.244593e+001, 1.081607e+002, 0.000000e+000, 0.000000e+000, 0.000000e+000, 0.000000e+000
 1.118500e-001,-8.293784e+002,-2.452239e+003, 3.272983e+003,-1.937316e+001, 3.382770e+001, 1.070570e+002, 0.000000e+000, 0.000000e+000, 0.000000e+000, 0.000000e+000
 1.119000e-001,-7.671044e+002,-2.496182e+003, 3.255115e+003,-1.862726e+001, 3.519417e+001, 1.059117e+002, 0.000000e+000, 0.000000e+000, 0.000000e+000, 0.000000e+000
 1.119500e-001,-7.046630e+002,-2.539299e+003, 3.236105e+003,-1.787798e+001, 3.654541e+001, 1.047247e+002, 0.000000e+000, 0.000000e+000, 0.000000e+000, 0.000000e+000
 1.120000e-001,-6.418677e+002,-2.581462e+003, 3.215911e+003,-1.712547e+001, 3.788155e+001, 1.034976e+002, 0.000000e+000, 0.000000e+000, 0.000000e+000, 0.000000e+000
 1.120500e-001,-5.789619e+002,-2.622767e+003, 3.194617e+003,-1.636905e+001, 3.920267e+001, 1.022305e+002, 0.000000e+000, 0.000000e+000, 0.000000e+000, 0.000000e+000
 1.121000e-001,-5.157372e+002,-2.663092e+003, 3.172126e+003,-1.560869e+001, 4.050894e+001, 1.009249e+002, 0.000000e+000, 0.000000e+000, 0.000000e+000, 0.000000e+000
 1.121500e-001,-4.524543e+002,-2.702526e+003, 3.148578e+003,-1.484387e+001, 4.180040e+001, 9.958100e+001, 0.000000e+000, 0.000000e+000, 0.000000e+000, 0.000000e+000
 1.122000e-001,-3.888924e+002,-2.740954e+003, 3.123823e+003,-1.407440e+001, 4.307728e+001, 9.820037e+001, 0.000000e+000, 0.000000e+000, 0.000000e+000, 0.000000e+000
 1.122500e-001,-3.253203e+002,-2.778462e+003, 3.098052e+003,-1.329990e+001, 4.433959e+001, 9.678315e+001, 0.000000e+000, 0.000000e+000, 0.000000e+000, 0.000000e+000
 1.123000e-001,-2.615138e+002,-2.814939e+003, 3.071069e+003,-1.252003e+001, 4.558758e+001, 9.533099e+001, 0.000000e+000, 0.000000e+000, 0.000000e+000, 0.000000e+000
 1.123500e-001,-1.977406e+002,-2.850466e+003, 3.043110e+003,-1.173456e+001, 4.682125e+001, 9.384414e+001, 0.000000e+000, 0.000000e+000, 0.000000e+000, 0.000000e+000
 1.124000e-001,-1.337823e+002,-2.884940e+003, 3.013939e+003,-1.094302e+001, 4.804086e+001, 9.232417e+001, 0.000000e+000, 0.000000e+000, 0.000000e+000, 0.000000e+000
 1.124500e-001,-6.989623e+001,-2.918436e+003, 2.983831e+003,-1.014536e+001, 4.924637e+001, 9.077148e+001, 0.000000e+000, 0.000000e+000, 0.000000e+000, 0.000000e+000
 1.125000e-001,-5.879022e+000,-2.950859e+003, 2.952515e+003,-9.340954e+000, 5.043808e+001, 8.918754e+001, 0.000000e+000, 0.000000e+000, 0.000000e+000, 0.000000e+000
 1.125500e-001, 5.803138e+001,-2.982274e+003, 2.920298e+003,-8.529921e+000, 5.161587e+001, 8.757288e+001, 0.000000e+000, 0.000000e+000, 0.000000e+000, 0.000000e+000
 1.126000e-001, 1.220150e+002,-3.012601e+003, 2.886884e+003,-7.711544e+000, 5.278009e+001, 8.592886e+001, 0.000000e+000, 0.000000e+000, 0.000000e+000, 0.000000e+000
 1.126500e-001, 1.858610e+002,-3.041889e+003, 2.852602e+003,-6.886088e+000, 5.393055e+001, 8.425618e+001, 0.000000e+000, 0.000000e+000, 0.000000e+000, 0.000000e+000
 1.127000e-001, 2.497191e+002,-3.070076e+003, 2.817140e+003,-6.052767e+000, 5.506762e+001, 8.255605e+001, 0.000000e+000, 0.000000e+000, 0.000000e+000, 0.000000e+000
 1.127500e-001, 3.134118e+002,-3.097195e+003, 2.780839e+003,-5.211979e+000, 5.619104e+001, 8.082931e+001, 0.000000e+000, 0.000000e+000, 0.000000e+000, 0.000000e+000
 1.128000e-001, 3.770531e+002,-3.123203e+003, 2.743381e+003,-4.362902e+000, 5.730122e+001, 7.907706e+001, 0.000000e+000, 0.000000e+000, 0.000000e+000, 0.000000e+000
 1.128500e-001, 4.405034e+002,-3.148112e+003, 2.705113e+003,-3.506046e+000, 5.839778e+001, 7.730025e+001, 0.000000e+000, 0.000000e+000, 0.000000e+000, 0.000000e+000
 1.129000e-001, 5.038373e+002,-3.171905e+003, 2.665714e+003,-2.640591e+000, 5.948118e+001, 7.549986e+001, 0.000000e+000, 0.000000e+000, 0.000000e+000, 0.000000e+000
 1.129500e-001, 5.669563e+002,-3.194568e+003, 2.625531e+003,-1.767136e+000, 6.055095e+001, 7.367694e+001, 0.000000e+000, 0.000000e+000, 0.000000e+000, 0.000000e+000
 1.130000e-001, 6.298934e+002,-3.216112e+003, 2.584249e+003,-8.849001e-001, 6.160756e+001, 7.183235e+001, 0.000000e+000, 0.000000e+000, 0.000000e+000, 0.000000e+000
 1.130500e-001, 6.925922e+002,-3.236494e+003, 2.542207e+003, 5.456256e-003, 6.265046e+001, 6.996725e+001, 0.000000e+000, 0.000000e+000, 0.000000e+000, 0.000000e+000
 1.131000e-001, 7.550441e+002,-3.255758e+003, 2.499102e+003, 9.046379e-001, 6.368012e+001, 6.808236e+001, 0.000000e+000, 0.000000e+000, 0.000000e+000, 0.000000e+000
 1.131500e-001, 8.172339e+002,-3.273830e+003, 2.455262e+003, 1.811949e+000, 6.469591e+001, 6.617890e+001, 0.000000e+000, 0.000000e+000, 0.000000e+000, 0.000000e+000
 1.132000e-001, 8.791134e+002,-3.290786e+003, 2.410397e+003, 2.727982e+000, 6.569830e+001, 6.425751e+001, 0.000000e+000, 0.000000e+000, 0.000000e+000, 0.000000e+000
 1.132500e-001, 9.407060e+002,-3.306520e+003, 2.364819e+003, 3.652034e+000, 6.668656e+001, 6.231946e+001, 0.000000e+000, 0.000000e+000, 0.000000e+000, 0.000000e+000
 1.133000e-001, 1.001927e+003,-3.321146e+003, 2.318260e+003, 4.584553e+000, 6.766119e+001, 6.036528e+001, 0.000000e+000, 0.000000e+000, 0.000000e+000, 0.000000e+000
 1.133500e-001, 1.062835e+003,-3.334518e+003, 2.271009e+003, 5.524850e+000, 6.862135e+001, 5.839625e+001, 0.000000e+000, 0.000000e+000, 0.000000e+000, 0.000000e+000
 1.134000e-001, 1.123313e+003,-3.346791e+003, 2.222822e+003, 6.473205e+000, 6.956752e+001, 5.641285e+001, 0.000000e+000, 0.000000e+000, 0.000000e+000, 0.000000e+000
 1.134500e-001, 1.183448e+003,-3.357781e+003, 2.173967e+003, 7.428965e+000, 7.049879e+001, 5.441634e+001, 0.000000e+000, 0.000000e+000, 0.000000e+000, 0.000000e+000
 1.135000e-001, 1.243100e+003,-3.367684e+003, 2.124222e+003, 8.392220e+000, 7.141562e+001, 5.240715e+001, 0.000000e+000, 0.000000e+000, 0.000000e+000, 0.000000e+000
 1.135500e-001, 1.302377e+003,-3.376275e+003, 2.073831e+003, 9.362366e+000, 7.231704e+001, 5.038651e+001, 0.000000e+000, 0.000000e+000, 0.000000e+000, 0.000000e+000
 1.136000e-001, 1.361121e+003,-3.383793e+003, 2.022600e+003, 1.033929e+001, 7.320345e+001, 4.835479e+001, 0.000000e+000, 0.000000e+000, 0.000000e+000, 0.000000e+000
 1.136500e-001, 1.419454e+003,-3.389972e+003, 1.970747e+003, 1.132246e+001, 7.407384e+001, 4.631319e+001, 0.000000e+000, 0.000000e+000, 0.000000e+000, 0.000000e+000
 1.137000e-001, 1.477210e+003,-3.395093e+003, 1.918102e+003, 1.231154e+001, 7.492855e+001, 4.426205e+001, 0.000000e+000, 0.000000e+000, 0.000000e+000, 0.000000e+000
 1.137500e-001, 1.534515e+003,-3.398851e+003, 1.864861e+003, 1.330608e+001, 7.576654e+001, 4.220250e+001, 0.000000e+000, 0.000000e+000, 0.000000e+000, 0.000000e+000
 1.138000e-001, 1.591203e+003,-3.401566e+003, 1.810878e+003, 1.430553e+001, 7.658807e+001, 4.013486e+001, 0.000000e+000, 0.000000e+000, 0.000000e+000, 0.000000e+000
 1.138500e-001, 1.647399e+003,-3.402896e+003, 1.756327e+003, 1.530949e+001, 7.739207e+001, 3.806018e+001, 0.000000e+000, 0.000000e+000, 0.000000e+000, 0.000000e+000
 1.139000e-001, 1.702941e+003,-3.403202e+003, 1.701082e+003, 1.631725e+001, 7.817872e+001, 3.597879e+001, 0.000000e+000, 0.000000e+000, 0.000000e+000, 0.000000e+000
 1.139500e-001, 1.757946e+003,-3.402102e+003, 1.645299e+003, 1.732845e+001, 7.894696e+001, 3.389162e+001, 0.000000e+000, 0.000000e+000, 0.000000e+000, 0.000000e+000
 1.140000e-001, 1.812267e+003,-3.399995e+003, 1.588871e+003, 1.834220e+001, 7.969685e+001, 3.179901e+001, 0.000000e+000, 0.000000e+000, 0.000000e+000, 0.000000e+000
 1.140500e-001, 1.866002e+003,-3.396467e+003, 1.531938e+003, 1.935820e+001, 8.042737e+001, 2.970181e+001, 0.000000e+000, 0.000000e+000, 0.000000e+000, 0.000000e+000
 1.141000e-001, 1.919026e+003,-3.391948e+003, 1.474407e+003, 2.037540e+001, 8.113844e+001, 2.760037e+001, 0.000000e+000, 0.000000e+000, 0.000000e+000, 0.000000e+000
 1.141500e-001, 1.971415e+003,-3.385998e+003, 1.416405e+003, 2.139353e+001, 8.182907e+001, 2.549543e+001, 0.000000e+000, 0.000000e+000, 0.000000e+000, 0.000000e+000
 1.142000e-001, 2.023068e+003,-3.379072e+003, 1.357853e+003, 2.241142e+001, 8.249907e+001, 2.338735e+001, 0.000000e+000, 0.000000e+000, 0.000000e+000, 0.000000e+000
 1.142500e-001, 2.074036e+003,-3.370707e+003, 1.298867e+003, 2.342881e+001, 8.314749e+001, 2.127676e+001, 0.000000e+000, 0.000000e+000, 0.000000e+000, 0.000000e+000
 1.143000e-001, 2.124248e+003,-3.361382e+003, 1.239376e+003, 2.444444e+001, 8.377400e+001, 1.916408e+001, 0.000000e+000, 0.000000e+000, 0.000000e+000, 0.000000e+000
 1.143500e-001, 2.173722e+003,-3.350616e+003, 1.179492e+003, 2.545804e+001, 8.437773e+001, 1.704980e+001, 0.000000e+000, 0.000000e+000, 0.000000e+000, 0.000000e+000
 1.144000e-001, 2.222420e+003,-3.338902e+003, 1.119146e+003, 2.646831e+001, 8.495820e+001, 1.493438e+001, 0.000000e+000, 0.000000e+000, 0.000000e+000, 0.000000e+000
 1.144500e-001, 2.270332e+003,-3.325751e+003, 1.058449e+003, 2.747494e+001, 8.551463e+001, 1.281821e+001, 0.000000e+000, 0.000000e+000, 0.000000e+000, 0.000000e+000
 1.145000e-001, 2.317448e+003,-3.311662e+003, 9.973339e+002, 2.847660e+001, 8.604636e+001, 1.070178e+001, 0.000000e+000, 0.000000e+000, 0.000000e+000, 0.000000e+000
 1.145500e-001, 2.363729e+003,-3.296146e+003, 9.359137e+002, 2.947294e+001, 8.655275e+001, 8.585396e+000, 0.000000e+000, 0.000000e+000, 0.000000e+000, 0.000000e+000
 1.146000e-001, 2.409197e+003,-3.279700e+003, 8.741152e+002, 3.046265e+001, 8.703297e+001, 6.469554e+000, 0.000000e+000, 0.000000e+000, 0.000000e+000, 0.000000e+000
 1.146500e-001, 2.453783e+003,-3.261843e+003, 8.120592e+002, 3.144531e+001, 8.748648e+001, 4.354503e+000, 0.000000e+000, 0.000000e+000, 0.000000e+000, 0.000000e+000
 1.147000e-001, 2.497536e+003,-3.243061e+003, 7.496652e+002, 3.241966e+001, 8.791233e+001, 2.240752e+000, 0.000000e+000, 0.000000e+000, 0.000000e+000, 0.000000e+000
 1.147500e-001, 2.540366e+003,-3.222888e+003, 6.870626e+002, 3.338518e+001, 8.831007e+001, 1.284876e-001, 0.000000e+000, 0.000000e+000, 0.000000e+000, 0.000000e+000
 1.148000e-001, 2.582341e+003,-3.201795e+003, 6.241614e+002, 3.434072e+001, 8.867863e+001,-1.981763e+000, 0.000000e+000, 0.000000e+000, 0.000000e+000, 0.000000e+000
 1.148500e-001, 2.623355e+003,-3.179336e+003, 5.611020e+002, 3.528563e+001, 8.901769e+001,-4.089861e+000, 0.000000e+000, 0.000000e+000, 0.000000e+000, 0.000000e+000
 1.149000e-001, 2.663491e+003,-3.155960e+003, 4.977827e+002, 3.621888e+001, 8.932603e+001,-6.195267e+000, 0.000000e+000, 0.000000e+000, 0.000000e+000, 0.000000e+000
 1.149500e-001, 2.702634e+003,-3.131249e+003, 4.343567e+002, 3.713971e+001, 8.960347e+001,-8.297874e+000, 0.000000e+000, 0.000000e+000, 0.000000e+000, 0.000000e+000
 1.150000e-001, 2.740871e+003,-3.105621e+003, 3.707092e+002, 3.804723e+001, 8.984869e+001,-1.039714e+001, 0.000000e+000, 0.000000e+000, 0.000000e+000, 0.000000e+000
 1.150500e-001, 2.778088e+003,-3.078695e+003, 3.070068e+002, 3.894056e+001, 9.006161e+001,-1.249296e+001, 0.000000e+000, 0.000000e+000, 0.000000e+000, 0.000000e+000
 1.151000e-001, 2.814371e+003,-3.050849e+003, 2.431215e+002, 3.981896e+001, 9.024085e+001,-1.458480e+001, 0.000000e+000, 0.000000e+000, 0.000000e+000, 0.000000e+000
 1.151500e-001, 2.849611e+003,-3.021747e+003, 1.792332e+002, 4.068142e+001, 9.038644e+001,-1.667256e+001, 0.000000e+000, 0.000000e+000, 0.000000e+000, 0.000000e+000
 1.152000e-001, 2.883885e+003,-2.991723e+003, 1.152009e+002, 4.152739e+001, 9.049693e+001,-1.875570e+001, 0.000000e+000, 0.000000e+000, 0.000000e+000, 0.000000e+000
 1.152500e-001, 2.917101e+003,-2.960487e+003, 5.121731e+001, 4.235573e+001, 9.057248e+001,-2.083410e+001, 0.000000e+000, 0.000000e+000, 0.000000e+000, 0.000000e+000
 1.153000e-001, 2.949314e+003,-2.928327e+003,-1.287107e+001, 4.316607e+001, 9.061158e+001,-2.290723e+001, 0.000000e+000, 0.000000e+000, 0.000000e+000, 0.000000e+000
 1.153500e-001, 2.980460e+003,-2.895002e+003,-7.685945e+001, 4.395715e+001, 9.061450e+001,-2.497495e+001, 0.000000e+000, 0.000000e+000, 0.000000e+000, 0.000000e+000
 1.154000e-001, 3.010566e+003,-2.860750e+003,-1.409126e+002, 4.472879e+001, 9.057974e+001,-2.703673e+001, 0.000000e+000, 0.000000e+000, 0.000000e+000, 0.000000e+000
 1.154500e-001, 3.039600e+003,-2.825386e+003,-2.048156e+002, 4.547964e+001, 9.050765e+001,-2.909238e+001, 0.000000e+000, 0.000000e+000, 0.000000e+000, 0.000000e+000
 1.155000e-001, 3.067552e+003,-2.789092e+003,-2.687425e+002, 4.620967e+001, 9.039677e+001,-3.114141e+001, 0.000000e+000, 0.000000e+000, 0.000000e+000, 0.000000e+000
 1.155500e-001, 3.094433e+003,-2.751738e+003,-3.324701e+002, 4.691748e+001, 9.024751e+001,-3.318355e+001, 0.000000e+000, 0.000000e+000, 0.000000e+000, 0.000000e+000
 1.156000e-001, 3.120191e+003,-2.713453e+003,-3.961796e+002, 4.760319e+001, 9.005846e+001,-3.521833e+001, 0.000000e+000, 0.000000e+000, 0.000000e+000, 0.000000e+000
 1.156500e-001, 3.144882e+003,-2.674164e+003,-4.596423e+002, 4.826536e+001, 8.983012e+001,-3.724541e+001, 0.000000e+000, 0.000000e+000, 0.000000e+000, 0.000000e+000
 1.157000e-001, 3.168407e+003,-2.633944e+003,-5.230438e+002, 4.890423e+001, 8.956116e+001,-3.926436e+001, 0.000000e+000, 0.000000e+000, 0.000000e+000, 0.000000e+000
 1.157500e-001, 3.190872e+003,-2.592775e+003,-5.861525e+002, 4.951837e+001, 8.925213e+001,-4.127476e+001, 0.000000e+000, 0.000000e+000, 0.000000e+000, 0.000000e+000
 1.158000e-001, 3.212130e+003,-2.550678e+003,-6.491558e+002, 5.010811e+001, 8.890182e+001,-4.327617e+001, 0.000000e+000, 0.000000e+000, 0.000000e+000, 0.000000e+000
 1.158500e-001, 3.232338e+003,-2.507689e+003,-7.118220e+002, 5.067207e+001, 8.851081e+001,-4.526812e+001, 0.000000e+000, 0.000000e+000, 0.000000e+000, 0.000000e+000
 1.159000e-001, 3.251297e+003,-2.463776e+003,-7.743373e+002, 5.121064e+001, 8.807804e+001,-4.725018e+001, 0.000000e+000, 0.000000e+000, 0.000000e+000, 0.000000e+000
 1.159500e-001, 3.269219e+003,-2.419028e+003,-8.364733e+002, 5.172252e+001, 8.760414e+001,-4.922179e+001, 0.000000e+000, 0.000000e+000, 0.000000e+000, 0.000000e+000
 1.160000e-001, 3.285852e+003,-2.373364e+003,-8.984117e+002, 5.220814e+001, 8.708818e+001,-5.118255e+001, 0.000000e+000, 0.000000e+000, 0.000000e+000, 0.000000e+000
 1.160500e-001, 3.301460e+003,-2.326919e+003,-9.599305e+002, 5.266630e+001, 8.653082e+001,-5.313181e+001, 0.000000e+000, 0.000000e+000, 0.000000e+000, 0.000000e+000
 1.161000e-001, 3.315744e+003,-2.279571e+003,-1.021204e+003, 5.309745e+001, 8.593134e+001,-5.506918e+001, 0.000000e+000, 0.000000e+000, 0.000000e+000, 0.000000e+000
 1.161500e-001, 3.329014e+003,-2.231497e+003,-1.082019e+003, 5.350055e+001, 8.529038e+001,-5.699392e+001, 0.000000e+000, 0.000000e+000, 0.000000e+000, 0.000000e+000
 1.162000e-001, 3.340929e+003,-2.182534e+003,-1.142541e+003, 5.387601e+001, 8.460743e+001,-5.890566e+001, 0.000000e+000, 0.000000e+000, 0.000000e+000, 0.000000e+000
 1.162500e-001, 3.351841e+003,-2.132898e+003,-1.202568e+003, 5.422296e+001, 8.388316e+001,-6.080359e+001, 0.000000e+000, 0.000000e+000, 0.000000e+000, 0.000000e+000
 1.163000e-001, 3.361371e+003,-2.082393e+003,-1.262252e+003, 5.454178e+001, 8.311724e+001,-6.268733e+001, 0.000000e+000, 0.000000e+000, 0.000000e+000, 0.000000e+000
 1.163500e-001, 3.369905e+003,-2.031265e+003,-1.321406e+003, 5.483181e+001, 8.231036e+001,-6.455600e+001, 0.000000e+000, 0.000000e+000, 0.000000e+000, 0.000000e+000
 1.164000e-001, 3.377038e+003,-1.979292e+003,-1.380167e+003, 5.509335e+001, 8.146240e+001,-6.640923e+001, 0.000000e+000, 0.000000e+000, 0.000000e+000, 0.000000e+000
 1.164500e-001, 3.383180e+003,-1.926746e+003,-1.438366e+003, 5.532597e+001, 8.057407e+001,-6.824606e+001, 0.000000e+000, 0.000000e+000, 0.000000e+000, 0.000000e+000
 1.165000e-001, 3.387907e+003,-1.873381e+003,-1.496121e+003, 5.552989e+001, 7.964544e+001,-7.006612e+001, 0.000000e+000, 0.000000e+000, 0.000000e+000, 0.000000e+000
 1.165500e-001, 3.391645e+003,-1.819490e+003,-1.553282e+003, 5.570492e+001, 7.867725e+001,-7.186839e+001, 0.000000e+000, 0.000000e+000, 0.000000e+000, 0.000000e+000
 1.166000e-001, 3.393961e+003,-1.764812e+003,-1.609951e+003, 5.585117e+001, 7.766975e+001,-7.365249e+001, 0.000000e+000, 0.000000e+000, 0.000000e+000, 0.000000e+000
 1.166500e-001, 3.395287e+003,-1.709653e+003,-1.665994e+003, 5.596872e+001, 7.662371e+001,-7.541736e+001, 0.000000e+000, 0.000000e+000, 0.000000e+000, 0.000000e+000
 1.167000e-001, 3.395190e+003,-1.653742e+003,-1.721495e+003, 5.605755e+001, 7.553959e+001,-7.716261e+001, 0.000000e+000, 0.000000e+000, 0.000000e+000, 0.000000e+000
 1.167500e-001, 3.394097e+003,-1.597393e+003,-1.776342e+003, 5.611802e+001, 7.441817e+001,-7.888712e+001, 0.000000e+000, 0.000000e+000, 0.000000e+000, 0.000000e+000
 1.168000e-001, 3.391591e+003,-1.540330e+003,-1.830597e+003, 5.615000e+001, 7.326007e+001,-8.059049e+001, 0.000000e+000, 0.000000e+000, 0.000000e+000, 0.000000e+000
 1.168500e-001, 3.388078e+003,-1.482873e+003,-1.884171e+003, 5.615408e+001, 7.206612e+001,-8.227158e+001, 0.000000e+000, 0.000000e+000, 0.000000e+000, 0.000000e+000
 1.169000e-001, 3.383166e+003,-1.424741e+003,-1.937102e+003, 5.613004e+001, 7.083711e+001,-8.392996e+001, 0.000000e+000, 0.000000e+000, 0.000000e+000, 0.000000e+000
 1.169500e-001, 3.377236e+003,-1.366256e+003,-1.989327e+003, 5.607870e+001, 6.957389e+001,-8.556446e+001, 0.000000e+000, 0.000000e+000, 0.000000e+000, 0.000000e+000
 1.170000e-001, 3.369927e+003,-1.307140e+003,-2.040861e+003, 5.599975e+001, 6.827740e+001,-8.717467e+001, 0.000000e+000, 0.000000e+000, 0.000000e+000, 0.000000e+000
 1.170500e-001, 3.361584e+003,-1.247711e+003,-2.091664e+003, 5.589423e+001, 6.694851e+001,-8.875936e+001, 0.000000e+000, 0.000000e+000, 0.000000e+000, 0.000000e+000
 1.171000e-001, 3.351890e+003,-1.187696e+003,-2.141727e+003, 5.576176e+001, 6.558830e+001,-9.031812e+001, 0.000000e+000, 0.000000e+000, 0.000000e+000, 0.000000e+000
 1.171500e-001, 3.341145e+003,-1.127409e+003,-2.191036e+003, 5.560357e+001, 6.419771e+001,-9.184971e+001, 0.000000e+000, 0.000000e+000, 0.000000e+000, 0.000000e+000
 1.172000e-001, 3.329080e+003,-1.066581e+003,-2.239558e+003, 5.541920e+001, 6.277788e+001,-9.335371e+001, 0.000000e+000, 0.000000e+000, 0.000000e+000, 0.000000e+000
 1.172500e-001, 3.315945e+003,-1.005521e+003,-2.287303e+003, 5.521007e+001, 6.132981e+001,-9.482888e+001, 0.000000e+000, 0.000000e+000, 0.000000e+000, 0.000000e+000
 1.173000e-001, 3.301528e+003,-9.439673e+002,-2.334214e+003, 5.497569e+001, 5.985473e+001,-9.627479e+001, 0.000000e+000, 0.000000e+000, 0.000000e+000, 0.000000e+000
 1.173500e-001, 3.286021e+003,-8.822220e+002,-2.380329e+003, 5.471757e+001, 5.835368e+001,-9.769018e+001, 0.000000e+000, 0.000000e+000, 0.000000e+000, 0.000000e+000
 1.174000e-001, 3.269272e+003,-8.200311e+002,-2.425564e+003, 5.443525e+001, 5.682796e+001,-9.907465e+001, 0.000000e+000, 0.000000e+000, 0.000000e+000, 0.000000e+000
 1.174500e-001, 3.251413e+003,-7.576891e+002,-2.469982e+003, 5.413032e+001, 5.527865e+001,-1.004269e+002, 0.000000e+000, 0.000000e+000, 0.000000e+000, 0.000000e+000
 1.175000e-001, 3.232356e+003,-6.949490e+002,-2.513477e+003, 5.380233e+001, 5.370708e+001,-1.017466e+002, 0.000000e+000, 0.000000e+000, 0.000000e+000, 0.000000e+000
 1.175500e-001, 3.212171e+003,-6.320995e+002,-2.556136e+003, 5.345293e+001, 5.211438e+001,-1.030324e+002, 0.000000e+000, 0.000000e+000, 0.000000e+000, 0.000000e+000
 1.176000e-001, 3.190831e+003,-5.688994e+002,-2.597828e+003, 5.308173e+001, 5.050190e+001,-1.042840e+002, 0.000000e+000, 0.000000e+000, 0.000000e+000, 0.000000e+000
 1.176500e-001, 3.168349e+003,-5.056323e+002,-2.638668e+003, 5.269037e+001, 4.887083e+001,-1.055000e+002, 0.000000e+000, 0.000000e+000, 0.000000e+000, 0.000000e+000
 1.177000e-001, 3.144757e+003,-4.420616e+002,-2.678499e+003, 5.227853e+001, 4.722249e+001,-1.066803e+002, 0.000000e+000, 0.000000e+000, 0.000000e+000, 0.000000e+000
 1.177500e-001, 3.120010e+003,-3.784674e+002,-2.717462e+003, 5.184784e+001, 4.555812e+001,-1.078234e+002, 0.000000e+000, 0.000000e+000, 0.000000e+000, 0.000000e+000
 1.178000e-001, 3.094198e+003,-3.146158e+002,-2.755374e+003, 5.139807e+001, 4.387902e+001,-1.089290e+002, 0.000000e+000, 0.000000e+000, 0.000000e+000, 0.000000e+000
 1.178500e-001, 3.067222e+003,-2.507853e+002,-2.792406e+003, 5.093078e+001, 4.218646e+001,-1.099960e+002, 0.000000e+000, 0.000000e+000, 0.000000e+000, 0.000000e+000
 1.179000e-001, 3.039224e+003,-1.867427e+002,-2.828345e+003, 5.044587e+001, 4.048170e+001,-1.110240e+002, 0.000000e+000, 0.000000e+000, 0.000000e+000, 0.000000e+000
 1.179500e-001, 3.010060e+003,-1.227670e+002,-2.863393e+003, 4.994479e+001, 3.876604e+001,-1.120119e+002, 0.000000e+000, 0.000000e+000, 0.000000e+000, 0.000000e+000
 1.180000e-001, 2.979915e+003,-5.862354e+001,-2.897309e+003, 4.942758e+001, 3.704070e+001,-1.129593e+002, 0.000000e+000, 0.000000e+000, 0.000000e+000, 0.000000e+000
 1.180500e-001, 2.948605e+003, 5.406317e+000,-2.930322e+003, 4.889557e+001, 3.530696e+001,-1.138651e+002, 0.000000e+000, 0.000000e+000, 0.000000e+000, 0.000000e+000
 1.181000e-001, 2.916354e+003, 6.956046e+001,-2.962166e+003, 4.834893e+001, 3.356600e+001,-1.147290e+002, 0.000000e+000, 0.000000e+000, 0.000000e+000, 0.000000e+000
 1.181500e-001, 2.882946e+003, 1.335535e+002,-2.993097e+003, 4.778885e+001, 3.181911e+001,-1.155500e+002, 0.000000e+000, 0.000000e+000, 0.000000e+000, 0.000000e+000
 1.182000e-001, 2.848633e+003, 1.976282e+002,-3.022824e+003, 4.721564e+001, 3.006739e+001,-1.163277e+002, 0.000000e+000, 0.000000e+000, 0.000000e+000, 0.000000e+000
 1.182500e-001, 2.813176e+003, 2.614938e+002,-3.051631e+003, 4.663034e+001, 2.831211e+001,-1.170612e+002, 0.000000e+000, 0.000000e+000, 0.000000e+000, 0.000000e+000
 1.183000e-001, 2.776848e+003, 3.253991e+002,-3.079198e+003, 4.603338e+001, 2.655432e+001,-1.177503e+002, 0.000000e+000, 0.000000e+000, 0.000000e+000, 0.000000e+000
 1.183500e-001, 2.739394e+003, 3.890470e+002,-3.105838e+003, 4.542566e+001, 2.479524e+001,-1.183940e+002, 0.000000e+000, 0.000000e+000, 0.000000e+000, 0.000000e+000
 1.184000e-001, 2.701102e+003, 4.526930e+002,-3.131206e+003, 4.480770e+001, 2.303585e+001,-1.189921e+002, 0.000000e+000, 0.000000e+000, 0.000000e+000, 0.000000e+000
 1.184500e-001, 2.661706e+003, 5.160335e+002,-3.155641e+003, 4.418026e+001, 2.127733e+001,-1.195437e+002, 0.000000e+000, 0.000000e+000, 0.000000e+000, 0.000000e+000
 1.185000e-001, 2.621502e+003, 5.793308e+002,-3.178773e+003, 4.354396e+001, 1.952060e+001,-1.200487e+002, 0.000000e+000, 0.000000e+000, 0.000000e+000, 0.000000e+000
 1.185500e-001, 2.580225e+003, 6.422748e+002,-3.200968e+003, 4.289940e+001, 1.776675e+001,-1.205062e+002, 0.000000e+000, 0.000000e+000, 0.000000e+000, 0.000000e+000
 1.186000e-001, 2.538166e+003, 7.051343e+002,-3.221833e+003, 4.224728e+001, 1.601665e+001,-1.209162e+002, 0.000000e+000, 0.000000e+000, 0.000000e+000, 0.000000e+000
 1.186500e-001, 2.495066e+003, 7.675937e+002,-3.241755e+003, 4.158806e+001, 1.427132e+001,-1.212779e+002, 0.000000e+000, 0.000000e+000, 0.000000e+000, 0.000000e+000
 1.187000e-001, 2.451210e+003, 8.299267e+002,-3.260322e+003, 4.092249e+001, 1.253156e+001,-1.215912e+002, 0.000000e+000, 0.000000e+000, 0.000000e+000, 0.000000e+000
 1.187500e-001, 2.406351e+003, 8.918141e+002,-3.277942e+003, 4.025090e+001, 1.079828e+001,-1.218556e+002, 0.000000e+000, 0.000000e+000, 0.000000e+000, 0.000000e+000
 1.188000e-001, 2.360762e+003, 9.535328e+002,-3.294185e+003, 3.957407e+001, 9.072261e+000,-1.220709e+002, 0.000000e+000, 0.000000e+000, 0.000000e+000, 0.000000e+000
 1.188500e-001, 2.314209e+003, 1.014762e+003,-3.309477e+003, 3.889221e+001, 7.354272e+000,-1.222367e+002, 0.000000e+000, 0.000000e+000, 0.000000e+000, 0.000000e+000
 1.189000e-001, 2.266952e+003, 1.075779e+003,-3.323373e+003, 3.820609e+001, 5.645063e+000,-1.223529e+002, 0.000000e+000, 0.000000e+000, 0.000000e+000, 0.000000e+000
 1.189500e-001, 2.218773e+003, 1.136265e+003,-3.336314e+003, 3.751584e+001, 3.945278e+000,-1.224191e+002, 0.000000e+000, 0.000000e+000, 0.000000e+000, 0.000000e+000
 1.190000e-001, 2.169914e+003, 1.196494e+003,-3.347844e+003, 3.682219e+001, 2.255637e+000,-1.224353e+002, 0.000000e+000, 0.000000e+000, 0.000000e+000, 0.000000e+000
 1.190500e-001, 2.120178e+003, 1.256152e+003,-3.358414e+003, 3.612520e+001, 5.766435e-001,-1.224014e+002, 0.000000e+000, 0.000000e+000, 0.000000e+000, 0.000000e+000
 1.191000e-001, 2.069789e+003, 1.315508e+003,-3.367562e+003, 3.542553e+001,-1.091002e+000,-1.223171e+002, 0.000000e+000, 0.000000e+000, 0.000000e+000, 0.000000e+000
 1.191500e-001, 2.018567e+003, 1.374255e+003,-3.375743e+003, 3.472321e+001,-2.746944e+000,-1.221826e+002, 0.000000e+000, 0.000000e+000, 0.000000e+000, 0.000000e+000
 1.192000e-001, 1.966721e+003, 1.432654e+003,-3.382497e+003, 3.401878e+001,-4.390494e+000,-1.219977e+002, 0.000000e+000, 0.000000e+000, 0.000000e+000, 0.000000e+000
 1.192500e-001, 1.914086e+003, 1.490410e+003,-3.388278e+003, 3.331226e+001,-6.021446e+000,-1.217624e+002, 0.000000e+000, 0.000000e+000, 0.000000e+000, 0.000000e+000
 1.193000e-001, 1.860859e+003, 1.547768e+003,-3.392627e+003, 3.260408e+001,-7.639119e+000,-1.214769e+002, 0.000000e+000, 0.000000e+000, 0.000000e+000, 0.000000e+000
 1.193500e-001, 1.806886e+003, 1.604452e+003,-3.395997e+003, 3.189424e+001,-9.243455e+000,-1.211413e+002, 0.000000e+000, 0.000000e+000, 0.000000e+000, 0.000000e+000
 1.194000e-001, 1.752355e+003, 1.660688e+003,-3.397937e+003, 3.118302e+001,-1.083378e+001,-1.207555e+002, 0.000000e+000, 0.000000e+000, 0.000000e+000, 0.000000e+000
 1.194500e-001, 1.697120e+003, 1.716221e+003,-3.398888e+003, 3.047046e+001,-1.241018e+001,-1.203201e+002, 0.000000e+000, 0.000000e+000, 0.000000e+000, 0.000000e+000
 1.195000e-001, 1.641366e+003, 1.771256e+003,-3.398418e+003, 2.975669e+001,-1.397198e+001,-1.198349e+002, 0.000000e+000, 0.000000e+000, 0.000000e+000, 0.000000e+000
 1.195500e-001, 1.584948e+003, 1.825562e+003,-3.396947e+003, 2.904175e+001,-1.551940e+001,-1.193005e+002, 0.000000e+000, 0.000000e+000, 0.000000e+000, 0.000000e+000
 1.196000e-001, 1.528051e+003, 1.879317e+003,-3.394067e+003, 2.832562e+001,-1.705178e+001,-1.187168e+002, 0.000000e+000, 0.000000e+000, 0.000000e+000, 0.000000e+000
 1.196500e-001, 1.470529e+003, 1.932318e+003,-3.390175e+003, 2.760837e+001,-1.856945e+001,-1.180846e+002, 0.000000e+000, 0.000000e+000, 0.000000e+000, 0.000000e+000
 1.197000e-001, 1.412573e+003, 1.984718e+003,-3.384890e+003, 2.688983e+001,-2.007176e+001,-1.174038e+002, 0.000000e+000, 0.000000e+000, 0.000000e+000, 0.000000e+000
 1.197500e-001, 1.354030e+003, 2.036342e+003,-3.378580e+003, 2.617010e+001,-2.155916e+001,-1.166754e+002, 0.000000e+000, 0.000000e+000, 0.000000e+000, 0.000000e+000
 1.198000e-001, 1.295098e+003, 2.087311e+003,-3.370898e+003, 2.544886e+001,-2.303101e+001,-1.158992e+002, 0.000000e+000, 0.000000e+000, 0.000000e+000, 0.000000e+000
 1.198500e-001, 1.235616e+003, 2.137486e+003,-3.362177e+003, 2.472623e+001,-2.448783e+001,-1.150763e+002, 0.000000e+000, 0.000000e+000, 0.000000e+000, 0.000000e+000
 1.199000e-001, 1.175796e+003, 2.186951e+003,-3.352110e+003, 2.400177e+001,-2.592900e+001,-1.142066e+002, 0.000000e+000, 0.000000e+000, 0.000000e+000, 0.000000e+000
 1.199500e-001, 1.115458e+003, 2.235606e+003,-3.340989e+003, 2.327561e+001,-2.735514e+001,-1.132914e+002, 0.000000e+000, 0.000000e+000, 0.000000e+000, 0.000000e+000
 1.200000e-001, 1.054835e+003, 2.283499e+003,-3.328552e+003, 2.254722e+001,-2.876563e+001,-1.123305e+002, 0.000000e+000, 0.000000e+000, 0.000000e+000, 0.000000e+000
 1.200500e-001, 9.937283e+002, 2.330566e+003,-3.315045e+003, 2.181672e+001,-3.016114e+001,-1.113254e+002, 0.000000e+000, 0.000000e+000, 0.000000e+000, 0.000000e+000
 1.201000e-001, 9.323911e+002, 2.376818e+003,-3.300255e+003, 2.108349e+001,-3.154108e+001,-1.102758e+002, 0.000000e+000, 0.000000e+000, 0.000000e+000, 0.000000e+000
 1.201500e-001, 8.706014e+002, 2.422229e+003,-3.284380e+003, 2.034766e+001,-3.290616e+001,-1.091833e+002, 0.000000e+000, 0.000000e+000, 0.000000e+000, 0.000000e+000
 1.202000e-001, 8.086376e+002, 2.466775e+003,-3.267259e+003, 1.960855e+001,-3.425583e+001,-1.080479e+002, 0.000000e+000, 0.000000e+000, 0.000000e+000, 0.000000e+000
 1.202500e-001, 7.462534e+002, 2.510468e+003,-3.249037e+003, 1.886628e+001,-3.559079e+001,-1.068710e+002, 0.000000e+000, 0.000000e+000, 0.000000e+000, 0.000000e+000
 1.203000e-001, 6.837515e+002, 2.553245e+003,-3.229610e+003, 1.812012e+001,-3.691054e+001,-1.056527e+002, 0.000000e+000, 0.000000e+000, 0.000000e+000, 0.000000e+000
 1.203500e-001, 6.208620e+002, 2.595155e+003,-3.209066e+003, 1.737017e+001,-3.821579e+001,-1.043946e+002, 0.000000e+000, 0.000000e+000, 0.000000e+000, 0.000000e+000
 1.204000e-001, 5.579108e+002, 2.636103e+003,-3.187360e+003, 1.661573e+001,-3.950606e+001,-1.030967e+002, 0.000000e+000, 0.000000e+000, 0.000000e+000, 0.000000e+000
 1.204500e-001, 4.946061e+002, 2.676172e+003,-3.164523e+003, 1.585681e+001,-4.078205e+001,-1.017607e+002, 0.000000e+000, 0.000000e+000, 0.000000e+000, 0.000000e+000
 1.205000e-001, 4.312946e+002, 2.715233e+003,-3.140568e+003, 1.509277e+001,-4.204332e+001,-1.003866e+002, 0.000000e+000, 0.000000e+000, 0.000000e+000, 0.000000e+000
 1.205500e-001, 3.676657e+002, 2.753402e+003,-3.115471e+003, 1.432356e+001,-4.329053e+001,-9.897627e+001, 0.000000e+000, 0.000000e+000, 0.000000e+000, 0.000000e+000
 1.206000e-001, 3.040828e+002, 2.790521e+003,-3.089301e+003, 1.354862e+001,-4.452330e+001,-9.752965e+001, 0.000000e+000, 0.000000e+000, 0.000000e+000, 0.000000e+000
 1.206500e-001, 2.402213e+002, 2.826736e+003,-3.061980e+003, 1.276780e+001,-4.574222e+001,-9.604862e+001, 0.000000e+000, 0.000000e+000, 0.000000e+000, 0.000000e+000
 1.207000e-001, 1.764560e+002, 2.861861e+003,-3.033631e+003, 1.198066e+001,-4.694696e+001,-9.453323e+001, 0.000000e+000, 0.000000e+000, 0.000000e+000, 0.000000e+000
 1.207500e-001, 1.124540e+002, 2.896069e+003,-3.004125e+003, 1.118696e+001,-4.813806e+001,-9.298534e+001, 0.000000e+000, 0.000000e+000, 0.000000e+000, 0.000000e+000
 1.208000e-001, 4.859508e+001, 2.929150e+003,-2.973637e+003, 1.038639e+001,-4.931523e+001,-9.140507e+001, 0.000000e+000, 0.000000e+000, 0.000000e+000, 0.000000e+000
 1.208500e-001,-1.545502e+001, 2.961302e+003,-2.941988e+003, 9.578616e+000,-5.047893e+001,-8.979423e+001, 0.000000e+000, 0.000000e+000, 0.000000e+000, 0.000000e+000
 1.209000e-001,-7.931895e+001, 2.992293e+003,-2.909404e+003, 8.763475e+000,-5.162892e+001,-8.815305e+001, 0.000000e+000, 0.000000e+000, 0.000000e+000, 0.000000e+000
 1.209500e-001,-1.433246e+002, 3.022341e+003,-2.875659e+003, 7.940541e+000,-5.276556e+001,-8.648325e+001, 0.000000e+000, 0.000000e+000, 0.000000e+000, 0.000000e+000
 1.210000e-001,-2.071052e+002, 3.051198e+003,-2.841023e+003, 7.109823e+000,-5.388868e+001,-8.478519e+001, 0.000000e+000, 0.000000e+000, 0.000000e+000, 0.000000e+000
 1.210500e-001,-2.709740e+002, 3.079098e+003,-2.805231e+003, 6.270796e+000,-5.499854e+001,-8.306049e+001, 0.000000e+000, 0.000000e+000, 0.000000e+000, 0.000000e+000
 1.211000e-001,-3.345831e+002, 3.105781e+003,-2.768592e+003, 5.423655e+000,-5.609500e+001,-8.130960e+001, 0.000000e+000, 0.000000e+000, 0.000000e+000, 0.000000e+000
 1.211500e-001,-3.982230e+002, 3.131492e+003,-2.730806e+003, 4.567780e+000,-5.717823e+001,-7.953404e+001, 0.000000e+000, 0.000000e+000, 0.000000e+000, 0.000000e+000
 1.212000e-001,-4.615728e+002, 3.155964e+003,-2.692214e+003, 3.703558e+000,-5.824812e+001,-7.773438e+001, 0.000000e+000, 0.000000e+000, 0.000000e+000, 0.000000e+000
 1.212500e-001,-5.248921e+002, 3.179448e+003,-2.652490e+003, 2.830290e+000,-5.930474e+001,-7.591200e+001, 0.000000e+000, 0.000000e+000, 0.000000e+000, 0.000000e+000
 1.213000e-001,-5.878951e+002, 3.201673e+003,-2.611998e+003, 1.948549e+000,-6.034801e+001,-7.406758e+001, 0.000000e+000, 0.000000e+000, 0.000000e+000, 0.000000e+000
 1.213500e-001,-6.508030e+002, 3.222895e+003,-2.570394e+003, 1.057573e+000,-6.137792e+001,-7.220239e+001, 0.000000e+000, 0.000000e+000, 0.000000e+000, 0.000000e+000
 1.214000e-001,-7.133722e+002, 3.242842e+003,-2.528060e+003, 1.581140e-001,-6.239438e+001,-7.031718e+001, 0.000000e+000, 0.000000e+000, 0.000000e+000, 0.000000e+000
 1.214500e-001,-7.757786e+002, 3.261771e+003,-2.484638e+003,-7.506293e-001,-6.339730e+001,-6.841310e+001, 0.000000e+000, 0.000000e+000, 0.000000e+000, 0.000000e+000
 1.215000e-001,-8.378273e+002, 3.279410e+003,-2.440520e+003,-1.667745e+000,-6.438658e+001,-6.649100e+001, 0.000000e+000, 0.000000e+000, 0.000000e+000, 0.000000e+000
 1.215500e-001,-8.996432e+002, 3.296019e+003,-2.395343e+003,-2.594046e+000,-6.536207e+001,-6.455186e+001, 0.000000e+000, 0.000000e+000, 0.000000e+000, 0.000000e+000
 1.216000e-001,-9.610851e+002, 3.311326e+003,-2.349503e+003,-3.528481e+000,-6.632365e+001,-6.259662e+001, 0.000000e+000, 0.000000e+000, 0.000000e+000, 0.000000e+000
 1.216500e-001,-1.022223e+003, 3.325588e+003,-2.302638e+003,-4.471849e+000,-6.727108e+001,-6.062614e+001, 0.000000e+000, 0.000000e+000, 0.000000e+000, 0.000000e+000
 1.217000e-001,-1.082972e+003, 3.338540e+003,-2.255141e+003,-5.422980e+000,-6.820423e+001,-5.864143e+001, 0.000000e+000, 0.000000e+000, 0.000000e+000, 0.000000e+000
 1.217500e-001,-1.143346e+003, 3.350435e+003,-2.206656e+003,-6.382633e+000,-6.912280e+001,-5.664320e+001, 0.000000e+000, 0.000000e+000, 0.000000e+000, 0.000000e+000
 1.218000e-001,-1.203318e+003, 3.361014e+003,-2.157568e+003,-7.349546e+000,-7.002661e+001,-5.463251e+001, 0.000000e+000, 0.000000e+000, 0.000000e+000, 0.000000e+000
 1.218500e-001,-1.262842e+003, 3.370524e+003,-2.107534e+003,-8.324406e+000,-7.091531e+001,-5.260996e+001, 0.000000e+000, 0.000000e+000, 0.000000e+000, 0.000000e+000
 1.219000e-001,-1.321952e+003, 3.378712e+003,-2.056925e+003,-9.305893e+000,-7.178867e+001,-5.057664e+001, 0.000000e+000, 0.000000e+000, 0.000000e+000, 0.000000e+000
 1.219500e-001,-1.380544e+003, 3.385823e+003,-2.005415e+003,-1.029459e+001,-7.264629e+001,-4.853301e+001, 0.000000e+000, 0.000000e+000, 0.000000e+000, 0.000000e+000
 1.220000e-001,-1.438708e+003, 3.391609e+003,-1.953356e+003,-1.128915e+001,-7.348791e+001,-4.648022e+001, 0.000000e+000, 0.000000e+000, 0.000000e+000, 0.000000e+000
 1.220500e-001,-1.496286e+003, 3.396309e+003,-1.900445e+003,-1.229003e+001,-7.431306e+001,-4.441862e+001, 0.000000e+000, 0.000000e+000, 0.000000e+000, 0.000000e+000
 1.221000e-001,-1.553422e+003, 3.399683e+003,-1.847011e+003,-1.329589e+001,-7.512141e+001,-4.234934e+001, 0.000000e+000, 0.000000e+000, 0.000000e+000, 0.000000e+000
 1.221500e-001,-1.609906e+003, 3.401966e+003,-1.792775e+003,-1.430702e+001,-7.591249e+001,-4.027265e+001, 0.000000e+000, 0.000000e+000, 0.000000e+000, 0.000000e+000
 1.222000e-001,-1.665932e+003, 3.402922e+003,-1.738042e+003,-1.532211e+001,-7.668588e+001,-3.818968e+001, 0.000000e+000, 0.000000e+000, 0.000000e+000, 0.000000e+000
 1.222500e-001,-1.721245e+003, 3.402784e+003,-1.682560e+003,-1.634129e+001,-7.744109e+001,-3.610061e+001, 0.000000e+000, 0.000000e+000, 0.000000e+000, 0.000000e+000
 1.223000e-001,-1.776081e+003, 3.401319e+003,-1.626606e+003,-1.736331e+001,-7.817764e+001,-3.400655e+001, 0.000000e+000, 0.000000e+000, 0.000000e+000, 0.000000e+000
 1.223500e-001,-1.830147e+003, 3.398759e+003,-1.569957e+003,-1.838810e+001,-7.889498e+001,-3.190762e+001, 0.000000e+000, 0.000000e+000, 0.000000e+000, 0.000000e+000
 1.224000e-001,-1.883713e+003, 3.394875e+003,-1.512863e+003,-1.941450e+001,-7.959261e+001,-2.980487e+001, 0.000000e+000, 0.000000e+000, 0.000000e+000, 0.000000e+000
 1.224500e-001,-1.936458e+003, 3.389896e+003,-1.455128e+003,-2.044223e+001,-8.026994e+001,-2.769841e+001, 0.000000e+000, 0.000000e+000, 0.000000e+000, 0.000000e+000
 1.225000e-001,-1.988677e+003, 3.383597e+003,-1.396975e+003,-2.147023e+001,-8.092639e+001,-2.558921e+001, 0.000000e+000, 0.000000e+000, 0.000000e+000, 0.000000e+000
 1.225500e-001,-2.040029e+003, 3.376206e+003,-1.338237e+003,-2.249804e+001,-8.156139e+001,-2.347735e+001, 0.000000e+000, 0.000000e+000, 0.000000e+000, 0.000000e+000
 1.226000e-001,-2.090825e+003, 3.367499e+003,-1.279111e+003,-2.352469e+001,-8.217427e+001,-2.136375e+001, 0.000000e+000, 0.000000e+000, 0.000000e+000, 0.000000e+000
 1.226500e-001,-2.140713e+003, 3.357707e+003,-1.219452e+003,-2.454953e+001,-8.276444e+001,-1.924847e+001, 0.000000e+000, 0.000000e+000, 0.000000e+000, 0.000000e+000
 1.227000e-001,-2.190013e+003, 3.346604e+003,-1.159437e+003,-2.557171e+001,-8.333123e+001,-1.713235e+001, 0.000000e+000, 0.000000e+000, 0.000000e+000, 0.000000e+000
 1.227500e-001,-2.238370e+003, 3.334423e+003,-1.098943e+003,-2.659038e+001,-8.387398e+001,-1.501547e+001, 0.000000e+000, 0.000000e+000, 0.000000e+000, 0.000000e+000
 1.228000e-001,-2.286101e+003, 3.320938e+003,-1.038125e+003,-2.760484e+001,-8.439199e+001,-1.289855e+001, 0.000000e+000, 0.000000e+000, 0.000000e+000, 0.000000e+000
 1.228500e-001,-2.332860e+003, 3.306386e+003,-9.768812e+002,-2.861403e+001,-8.488461e+001,-1.078173e+001, 0.000000e+000, 0.000000e+000, 0.000000e+000, 0.000000e+000
 1.229000e-001,-2.378954e+003, 3.290539e+003,-9.153494e+002,-2.961739e+001,-8.535110e+001,-8.665618e+000, 0.000000e+000, 0.000000e+000, 0.000000e+000, 0.000000e+000
 1.229500e-001,-2.424052e+003, 3.273635e+003,-8.534418e+002,-3.061371e+001,-8.579078e+001,-6.550385e+000, 0.000000e+000, 0.000000e+000, 0.000000e+000, 0.000000e+000
 1.230000e-001,-2.468440e+003, 3.255447e+003,-7.912848e+002,-3.160253e+001,-8.620293e+001,-4.436563e+000, 0.000000e+000, 0.000000e+000, 0.000000e+000, 0.000000e+000
 1.230500e-001,-2.511814e+003, 3.236215e+003,-7.288010e+002,-3.258253e+001,-8.658683e+001,-2.324352e+000, 0.000000e+000, 0.000000e+000, 0.000000e+000, 0.000000e+000
 1.231000e-001,-2.554433e+003, 3.215712e+003,-6.661084e+002,-3.355333e+001,-8.694176e+001,-2.141935e-001, 0.000000e+000, 0.000000e+000, 0.000000e+000, 0.000000e+000
 1.231500e-001,-2.596023e+003, 3.194178e+003,-6.031362e+002,-3.451352e+001,-8.726700e+001, 1.893657e+000, 0.000000e+000, 0.000000e+000, 0.000000e+000, 0.000000e+000
 1.232000e-001,-2.636812e+003, 3.171390e+003,-5.399985e+002,-3.546281e+001,-8.756185e+001, 3.998845e+000, 0.000000e+000, 0.000000e+000, 0.000000e+000, 0.000000e+000
 1.232500e-001,-2.676559e+003, 3.147584e+003,-4.766267e+002,-3.639971e+001,-8.782555e+001, 6.101062e+000, 0.000000e+000, 0.000000e+000, 0.000000e+000, 0.000000e+000
 1.233000e-001,-2.715458e+003, 3.122543e+003,-4.131347e+002,-3.732401e+001,-8.805747e+001, 8.200028e+000, 0.000000e+000, 0.000000e+000, 0.000000e+000, 0.000000e+000
 1.233500e-001,-2.753307e+003, 3.096500e+003,-3.494525e+002,-3.823419e+001,-8.825681e+001, 1.029538e+001, 0.000000e+000, 0.000000e+000, 0.000000e+000, 0.000000e+000
 1.234000e-001,-2.790261e+003, 3.069241e+003,-2.856973e+002,-3.913008e+001,-8.842300e+001, 1.238691e+001, 0.000000e+000, 0.000000e+000, 0.000000e+000, 0.000000e+000
 1.234500e-001,-2.826158e+003, 3.040995e+003,-2.217944e+002,-4.001016e+001,-8.855523e+001, 1.447419e+001, 0.000000e+000, 0.000000e+000, 0.000000e+000, 0.000000e+000
 1.235000e-001,-2.861115e+003, 3.011559e+003,-1.578674e+002,-4.087429e+001,-8.865300e+001, 1.655705e+001, 0.000000e+000, 0.000000e+000, 0.000000e+000, 0.000000e+000
 1.235500e-001,-2.895009e+003, 2.981151e+003,-9.383370e+001,-4.172100e+001,-8.871547e+001, 1.863505e+001, 0.000000e+000, 0.000000e+000, 0.000000e+000, 0.000000e+000
 1.236000e-001,-2.927918e+003, 2.949580e+003,-2.982619e+001,-4.255013e+001,-8.874225e+001, 2.070803e+001, 0.000000e+000, 0.000000e+000, 0.000000e+000, 0.000000e+000
 1.236500e-001,-2.959759e+003, 2.917052e+003, 3.424786e+001,-4.336031e+001,-8.873249e+001, 2.277550e+001, 0.000000e+000, 0.000000e+000, 0.000000e+000, 0.000000e+000
 1.237000e-001,-2.990575e+003, 2.883393e+003, 9.824473e+001,-4.415135e+001,-8.868588e+001, 2.483733e+001, 0.000000e+000, 0.000000e+000, 0.000000e+000, 0.000000e+000
 1.237500e-001,-3.020317e+003, 2.848791e+003, 1.622687e+002,-4.492197e+001,-8.860159e+001, 2.689299e+001, 0.000000e+000, 0.000000e+000, 0.000000e+000, 0.000000e+000
 1.238000e-001,-3.048996e+003, 2.813091e+003, 2.261640e+002,-4.567198e+001,-8.847941e+001, 2.894234e+001, 0.000000e+000, 0.000000e+000, 0.000000e+000, 0.000000e+000
 1.238500e-001,-3.076594e+003, 2.776464e+003, 2.900475e+002,-4.640022e+001,-8.831850e+001, 3.098483e+001, 0.000000e+000, 0.000000e+000, 0.000000e+000, 0.000000e+000
 1.239000e-001,-3.103097e+003, 2.738777e+003, 3.537508e+002,-4.710644e+001,-8.811881e+001, 3.302030e+001, 0.000000e+000, 0.000000e+000, 0.000000e+000, 0.000000e+000
 1.239500e-001,-3.128512e+003, 2.700177e+003, 4.174032e+002,-4.778963e+001,-8.787949e+001, 3.504818e+001, 0.000000e+000, 0.000000e+000, 0.000000e+000, 0.000000e+000
 1.240000e-001,-3.152801e+003, 2.660556e+003, 4.808246e+002,-4.844952e+001,-8.760061e+001, 3.706828e+001, 0.000000e+000, 0.000000e+000, 0.000000e+000, 0.000000e+000
 1.240500e-001,-3.175993e+003, 2.620038e+003, 5.441559e+002,-4.908524e+001,-8.728136e+001, 3.908000e+001, 0.000000e+000, 0.000000e+000, 0.000000e+000, 0.000000e+000
 1.241000e-001,-3.198036e+003, 2.578542e+003, 6.072059e+002,-4.969646e+001,-8.692193e+001, 4.108311e+001, 0.000000e+000, 0.000000e+000, 0.000000e+000, 0.000000e+000
 1.241500e-001,-3.218970e+003, 2.536164e+003, 6.701263e+002,-5.028251e+001,-8.652157e+001, 4.307701e+001, 0.000000e+000, 0.000000e+000, 0.000000e+000, 0.000000e+000
 1.242000e-001,-3.238735e+003, 2.492853e+003, 7.327163e+002,-5.084298e+001,-8.608057e+001, 4.506141e+001, 0.000000e+000, 0.000000e+000, 0.000000e+000, 0.000000e+000
 1.242500e-001,-3.257380e+003, 2.448675e+003, 7.951366e+002,-5.137739e+001,-8.559824e+001, 4.703569e+001, 0.000000e+000, 0.000000e+000, 0.000000e+000, 0.000000e+000
 1.243000e-001,-3.274841e+003, 2.403611e+003, 8.571788e+002,-5.188530e+001,-8.507501e+001, 4.899950e+001, 0.000000e+000, 0.000000e+000, 0.000000e+000, 0.000000e+000
 1.243500e-001,-3.291168e+003, 2.357698e+003, 9.190102e+002,-5.236637e+001,-8.451028e+001, 5.095224e+001, 0.000000e+000, 0.000000e+000, 0.000000e+000, 0.000000e+000
 1.244000e-001,-3.306300e+003, 2.310947e+003, 9.804178e+002,-5.282016e+001,-8.390456e+001, 5.289346e+001, 0.000000e+000, 0.000000e+000, 0.000000e+000, 0.000000e+000
 1.244500e-001,-3.320283e+003, 2.263364e+003, 1.041573e+003,-5.324648e+001,-8.325735e+001, 5.482257e+001, 0.000000e+000, 0.000000e+000, 0.000000e+000, 0.000000e+000
 1.245000e-001,-3.333066e+003, 2.214994e+003, 1.102259e+003,-5.364487e+001,-8.256927e+001, 5.673903e+001, 0.000000e+000, 0.000000e+000, 0.000000e+000, 0.000000e+000
 1.245500e-001,-3.344683e+003, 2.165810e+003, 1.162651e+003,-5.401530e+001,-8.183994e+001, 5.864229e+001, 0.000000e+000, 0.000000e+000, 0.000000e+000, 0.000000e+000
 1.246000e-001,-3.355099e+003, 2.115890e+003, 1.222532e+003,-5.435730e+001,-8.107008e+001, 6.053169e+001, 0.000000e+000, 0.000000e+000, 0.000000e+000, 0.000000e+000
 1.246500e-001,-3.364333e+003, 2.065176e+003, 1.282074e+003,-5.467099e+001,-8.025940e+001, 6.240670e+001, 0.000000e+000, 0.000000e+000, 0.000000e+000, 0.000000e+000
 1.247000e-001,-3.372366e+003, 2.013778e+003, 1.341066e+003,-5.495592e+001,-7.940873e+001, 6.426659e+001, 0.000000e+000, 0.000000e+000, 0.000000e+000, 0.000000e+000
 1.247500e-001,-3.379201e+003, 1.961608e+003, 1.399674e+003,-5.521231e+001,-7.851791e+001, 6.611083e+001, 0.000000e+000, 0.000000e+000, 0.000000e+000, 0.000000e+000
 1.248000e-001,-3.384841e+003, 1.908806e+003, 1.457694e+003,-5.543977e+001,-7.758785e+001, 6.793861e+001, 0.000000e+000, 0.000000e+000, 0.000000e+000, 0.000000e+000
 1.248500e-001,-3.389267e+003, 1.855255e+003, 1.515285e+003,-5.563861e+001,-7.661855e+001, 6.974940e+001, 0.000000e+000, 0.000000e+000, 0.000000e+000, 0.000000e+000
 1.249000e-001,-3.392504e+003, 1.801125e+003, 1.572253e+003,-5.580851e+001,-7.561094e+001, 7.154230e+001, 0.000000e+000, 0.000000e+000, 0.000000e+000, 0.000000e+000
 1.249500e-001,-3.394515e+003, 1.746272e+003, 1.628745e+003,-5.594984e+001,-7.456519e+001, 7.331683e+001, 0.000000e+000, 0.000000e+000, 0.000000e+000, 0.000000e+000
 1.250000e-001,-3.395342e+003, 1.690891e+003, 1.684580e+003,-5.606238e+001,-7.348232e+001, 7.507201e+001, 0.000000e+000, 0.000000e+000, 0.000000e+000, 0.000000e+000
 1.250500e-001,-3.394934e+003, 1.634815e+003, 1.739892e+003,-5.614654e+001,-7.236262e+001, 7.680732e+001, 0.000000e+000, 0.000000e+000, 0.000000e+000, 0.000000e+000
 1.251000e-001,-3.393351e+003, 1.578262e+003, 1.794517e+003,-5.620221e+001,-7.120714e+001, 7.852176e+001, 0.000000e+000, 0.000000e+000, 0.000000e+000, 0.000000e+000
 1.251500e-001,-3.390524e+003, 1.521045e+003, 1.848572e+003,-5.622984e+001,-7.001635e+001, 8.021481e+001, 0.000000e+000, 0.000000e+000, 0.000000e+000, 0.000000e+000
 1.252000e-001,-3.386530e+003, 1.463401e+003, 1.901909e+003,-5.622943e+001,-6.879134e+001, 8.188540e+001, 0.000000e+000, 0.000000e+000, 0.000000e+000, 0.000000e+000
 1.252500e-001,-3.381290e+003, 1.405126e+003, 1.954630e+003,-5.620143e+001,-6.753272e+001, 8.353303e+001, 0.000000e+000, 0.000000e+000, 0.000000e+000, 0.000000e+000
 1.253000e-001,-3.374888e+003, 1.346472e+003, 2.006605e+003,-5.614600e+001,-6.624161e+001, 8.515657e+001, 0.000000e+000, 0.000000e+000, 0.000000e+000, 0.000000e+000
 1.253500e-001,-3.367242e+003, 1.287224e+003, 2.057917e+003,-5.606356e+001,-6.491875e+001, 8.675552e+001, 0.000000e+000, 0.000000e+000, 0.000000e+000, 0.000000e+000
 1.254000e-001,-3.358440e+003, 1.227644e+003, 2.108457e+003,-5.595445e+001,-6.356530e+001, 8.832874e+001, 0.000000e+000, 0.000000e+000, 0.000000e+000, 0.000000e+000
 1.254500e-001,-3.348400e+003, 1.167508e+003, 2.158288e+003,-5.581902e+001,-6.218213e+001, 8.987570e+001, 0.000000e+000, 0.000000e+000, 0.000000e+000, 0.000000e+000
 1.255000e-001,-3.337209e+003, 1.107087e+003, 2.207321e+003,-5.565779e+001,-6.077041e+001, 9.139524e+001, 0.000000e+000, 0.000000e+000, 0.000000e+000, 0.000000e+000
 1.255500e-001,-3.324789e+003, 1.046150e+003, 2.255600e+003,-5.547108e+001,-5.933113e+001, 9.288686e+001, 0.000000e+000, 0.000000e+000, 0.000000e+000, 0.000000e+000
 1.256000e-001,-3.311222e+003, 9.849737e+002, 2.303057e+003,-5.525955e+001,-5.786546e+001, 9.434933e+001, 0.000000e+000, 0.000000e+000, 0.000000e+000, 0.000000e+000
 1.256500e-001,-3.296442e+003, 9.233237e+002, 2.349716e+003,-5.502348e+001,-5.637452e+001, 9.578220e+001, 0.000000e+000, 0.000000e+000, 0.000000e+000, 0.000000e+000
 1.257000e-001,-3.280517e+003, 8.614789e+002, 2.395530e+003,-5.476368e+001,-5.485947e+001, 9.718423e+001, 0.000000e+000, 0.000000e+000, 0.000000e+000, 0.000000e+000
 1.257500e-001,-3.263398e+003, 7.992045e+002, 2.440503e+003,-5.448037e+001,-5.332151e+001, 9.855493e+001, 0.000000e+000, 0.000000e+000, 0.000000e+000, 0.000000e+000
 1.258000e-001,-3.245135e+003, 7.367789e+002, 2.484610e+003,-5.417453e+001,-5.176183e+001, 9.989310e+001, 0.000000e+000, 0.000000e+000, 0.000000e+000, 0.000000e+000
 1.258500e-001,-3.225703e+003, 6.739693e+002, 2.527833e+003,-5.384633e+001,-5.018167e+001, 1.011982e+002, 0.000000e+000, 0.000000e+000, 0.000000e+000, 0.000000e+000
 1.259000e-001,-3.205126e+003, 6.110516e+002, 2.570170e+003,-5.349684e+001,-4.858223e+001, 1.024692e+002, 0.000000e+000, 0.000000e+000, 0.000000e+000, 0.000000e+000
 1.259500e-001,-3.183409e+003, 5.477964e+002, 2.611582e+003,-5.312622e+001,-4.696480e+001, 1.037054e+002, 0.000000e+000, 0.000000e+000, 0.000000e+000, 0.000000e+000
 1.260000e-001,-3.160547e+003, 4.844758e+002, 2.652089e+003,-5.273563e+001,-4.533057e+001, 1.049058e+002, 0.000000e+000, 0.000000e+000, 0.000000e+000, 0.000000e+000
 1.260500e-001,-3.136576e+003, 4.208653e+002, 2.691631e+003,-5.232520e+001,-4.368086e+001, 1.060698e+002, 0.000000e+000, 0.000000e+000, 0.000000e+000, 0.000000e+000
 1.261000e-001,-3.111460e+003, 3.572314e+002, 2.730251e+003,-5.189619e+001,-4.201685e+001, 1.071963e+002, 0.000000e+000, 0.000000e+000, 0.000000e+000, 0.000000e+000
 1.261500e-001,-3.085271e+003, 2.933559e+002, 2.767867e+003,-5.144868e+001,-4.033989e+001, 1.082849e+002, 0.000000e+000, 0.000000e+000, 0.000000e+000, 0.000000e+000
 1.262000e-001,-3.057936e+003, 2.294992e+002, 2.804545e+003,-5.098399e+001,-3.865113e+001, 1.093343e+002, 0.000000e+000, 0.000000e+000, 0.000000e+000, 0.000000e+000
 1.262500e-001,-3.029565e+003, 1.654489e+002, 2.840181e+003,-5.050221e+001,-3.695191e+001, 1.103443e+002, 0.000000e+000, 0.000000e+000, 0.000000e+000, 0.000000e+000
 1.263000e-001,-3.000051e+003, 1.014599e+002, 2.874866e+003,-5.000465e+001,-3.524336e+001, 1.113137e+002, 0.000000e+000, 0.000000e+000, 0.000000e+000, 0.000000e+000
 1.263500e-001,-2.969537e+003, 3.732539e+001, 2.908471e+003,-4.949145e+001,-3.352681e+001, 1.122421e+002, 0.000000e+000, 0.000000e+000, 0.000000e+000, 0.000000e+000
 1.264000e-001,-2.937886e+003,-2.670536e+001, 2.941113e+003,-4.896387e+001,-3.180335e+001, 1.131284e+002, 0.000000e+000, 0.000000e+000, 0.000000e+000, 0.000000e+000
 1.264500e-001,-2.905274e+003,-9.083374e+001, 2.972639e+003,-4.842211e+001,-3.007428e+001, 1.139724e+002, 0.000000e+000, 0.000000e+000, 0.000000e+000, 0.000000e+000
 1.265000e-001,-2.871531e+003,-1.548155e+002, 3.003191e+003,-4.786736e+001,-2.834068e+001, 1.147729e+002, 0.000000e+000, 0.000000e+000, 0.000000e+000, 0.000000e+000
 1.265500e-001,-2.836866e+003,-2.188476e+002, 3.032594e+003,-4.729988e+001,-2.660376e+001, 1.155297e+002, 0.000000e+000, 0.000000e+000, 0.000000e+000, 0.000000e+000
 1.266000e-001,-2.801081e+003,-2.826898e+002, 3.061014e+003,-4.672078e+001,-2.486459e+001, 1.162417e+002, 0.000000e+000, 0.000000e+000, 0.000000e+000, 0.000000e+000
 1.266500e-001,-2.764411e+003,-3.465357e+002, 3.088250e+003,-4.613036e+001,-2.312432e+001, 1.169088e+002, 0.000000e+000, 0.000000e+000, 0.000000e+000, 0.000000e+000
 1.267000e-001,-2.726637e+003,-4.101482e+002, 3.114497e+003,-4.552965e+001,-2.138396e+001, 1.175300e+002, 0.000000e+000, 0.000000e+000, 0.000000e+000, 0.000000e+000
 1.267500e-001,-2.688013e+003,-4.737184e+002, 3.139527e+003,-4.491902e+001,-1.964458e+001, 1.181052e+002, 0.000000e+000, 0.000000e+000, 0.000000e+000, 0.000000e+000
 1.268000e-001,-2.648306e+003,-5.370112e+002, 3.163564e+003,-4.429934e+001,-1.790718e+001, 1.186333e+002, 0.000000e+000, 0.000000e+000, 0.000000e+000, 0.000000e+000
 1.268500e-001,-2.607782e+003,-6.002166e+002, 3.186353e+003,-4.367110e+001,-1.617274e+001, 1.191143e+002, 0.000000e+000, 0.000000e+000, 0.000000e+000, 0.000000e+000
 1.269000e-001,-2.566200e+003,-6.631006e+002, 3.208145e+003,-4.303499e+001,-1.444218e+001, 1.195474e+002, 0.000000e+000, 0.000000e+000, 0.000000e+000, 0.000000e+000
 1.269500e-001,-2.523833e+003,-7.258526e+002, 3.228659e+003,-4.239158e+001,-1.271641e+001, 1.199325e+002, 0.000000e+000, 0.000000e+000, 0.000000e+000, 0.000000e+000
 1.270000e-001,-2.480438e+003,-7.882393e+002, 3.248175e+003,-4.174140e+001,-1.099629e+001, 1.202688e+002, 0.000000e+000, 0.000000e+000, 0.000000e+000, 0.000000e+000
 1.270500e-001,-2.436285e+003,-8.504498e+002, 3.266385e+003,-4.108512e+001,-9.282665e+000, 1.205563e+002, 0.000000e+000, 0.000000e+000, 0.000000e+000, 0.000000e+000
 1.271000e-001,-2.391142e+003,-9.122515e+002, 3.283596e+003,-4.042307e+001,-7.576300e+000, 1.207944e+002, 0.000000e+000, 0.000000e+000, 0.000000e+000, 0.000000e+000
 1.271500e-001,-2.345267e+003,-9.738332e+002, 3.299476e+003,-3.975600e+001,-5.877961e+000, 1.209830e+002, 0.000000e+000, 0.000000e+000, 0.000000e+000, 0.000000e+000
 1.272000e-001,-2.298441e+003,-1.034963e+003, 3.314358e+003,-3.908407e+001,-4.188340e+000, 1.211216e+002, 0.000000e+000, 0.000000e+000, 0.000000e+000, 0.000000e+000
 1.272500e-001,-2.250907e+003,-1.095830e+003, 3.327883e+003,-3.840810e+001,-2.508133e+000, 1.212104e+002, 0.000000e+000, 0.000000e+000, 0.000000e+000, 0.000000e+000
 1.273000e-001,-2.202469e+003,-1.156203e+003, 3.340416e+003,-3.772805e+001,-8.379308e-001, 1.212486e+002, 0.000000e+000, 0.000000e+000, 0.000000e+000, 0.000000e+000
 1.273500e-001,-2.153344e+003,-1.216268e+003, 3.351567e+003,-3.704480e+001, 8.216233e-001, 1.212367e+002, 0.000000e+000, 0.000000e+000, 0.000000e+000, 0.000000e+000
 1.274000e-001,-2.103364e+003,-1.275799e+003, 3.361730e+003,-3.635816e+001, 2.470051e+000, 1.211740e+002, 0.000000e+000, 0.000000e+000, 0.000000e+000, 0.000000e+000
 1.274500e-001,-2.052716e+003,-1.334979e+003, 3.370491e+003,-3.566904e+001, 4.106752e+000, 1.210609e+002, 0.000000e+000, 0.000000e+000, 0.000000e+000, 0.000000e+000
 1.275000e-001,-2.001269e+003,-1.393586e+003, 3.378270e+003,-3.497708e+001, 5.731369e+000, 1.208970e+002, 0.000000e+000, 0.000000e+000, 0.000000e+000, 0.000000e+000
 1.275500e-001,-1.949170e+003,-1.451795e+003, 3.384629e+003,-3.428321e+001, 7.343333e+000, 1.206826e+002, 0.000000e+000, 0.000000e+000, 0.000000e+000, 0.000000e+000
 1.276000e-001,-1.896330e+003,-1.509396e+003, 3.390010e+003,-3.358694e+001, 8.942412e+000, 1.204175e+002, 0.000000e+000, 0.000000e+000, 0.000000e+000, 0.000000e+000
 1.276500e-001,-1.842855e+003,-1.566554e+003, 3.393958e+003,-3.288918e+001, 1.052806e+001, 1.201020e+002, 0.000000e+000, 0.000000e+000, 0.000000e+000, 0.000000e+000
 1.277000e-001,-1.788699e+003,-1.623069e+003, 3.396933e+003,-3.218933e+001, 1.210018e+001, 1.197360e+002, 0.000000e+000, 0.000000e+000, 0.000000e+000, 0.000000e+000
 1.277500e-001,-1.733924e+003,-1.679094e+003, 3.398463e+003,-3.148828e+001, 1.365823e+001, 1.193199e+002, 0.000000e+000, 0.000000e+000, 0.000000e+000, 0.000000e+000
 1.278000e-001,-1.678530e+003,-1.734443e+003, 3.399027e+003,-3.078532e+001, 1.520225e+001, 1.188536e+002, 0.000000e+000, 0.000000e+000, 0.000000e+000, 0.000000e+000
 1.278500e-001,-1.622533e+003,-1.789255e+003, 3.398138e+003,-3.008129e+001, 1.673171e+001, 1.183377e+002, 0.000000e+000, 0.000000e+000, 0.000000e+000, 0.000000e+000
 1.279000e-001,-1.565981e+003,-1.843364e+003, 3.396288e+003,-2.937543e+001, 1.824676e+001, 1.177723e+002, 0.000000e+000, 0.000000e+000, 0.000000e+000, 0.000000e+000
 1.279500e-001,-1.508845e+003,-1.896885e+003, 3.392982e+003,-2.866849e+001, 1.974687e+001, 1.171578e+002, 0.000000e+000, 0.000000e+000, 0.000000e+000, 0.000000e+000
 1.280000e-001,-1.451215e+003,-1.949677e+003, 3.388718e+003,-2.795967e+001, 2.123234e+001, 1.164944e+002, 0.000000e+000, 0.000000e+000, 0.000000e+000, 0.000000e+000
 1.280500e-001,-1.393021e+003,-2.001830e+003, 3.383000e+003,-2.724963e+001, 2.270261e+001, 1.157827e+002, 0.000000e+000, 0.000000e+000, 0.000000e+000, 0.000000e+000
 1.281000e-001,-1.334397e+003,-2.053232e+003, 3.376327e+003,-2.653755e+001, 2.415810e+001, 1.150231e+002, 0.000000e+000, 0.000000e+000, 0.000000e+000, 0.000000e+000
 1.281500e-001,-1.275229e+003,-2.103944e+003, 3.368206e+003,-2.582398e+001, 2.559823e+001, 1.142160e+002, 0.000000e+000, 0.000000e+000, 0.000000e+000, 0.000000e+000
 1.282000e-001,-1.215693e+003,-2.153884e+003, 3.359131e+003,-2.510813e+001, 2.702355e+001, 1.133620e+002, 0.000000e+000, 0.000000e+000, 0.000000e+000, 0.000000e+000
 1.282500e-001,-1.155638e+003,-2.203082e+003, 3.348619e+003,-2.439039e+001, 2.843346e+001, 1.124615e+002, 0.000000e+000, 0.000000e+000, 0.000000e+000, 0.000000e+000
 1.283000e-001,-1.095274e+003,-2.251491e+003, 3.337153e+003,-2.367002e+001, 2.982858e+001, 1.115154e+002, 0.000000e+000, 0.000000e+000, 0.000000e+000, 0.000000e+000
 1.283500e-001,-1.034419e+003,-2.299104e+003, 3.324266e+003,-2.294729e+001, 3.120832e+001, 1.105240e+002, 0.000000e+000, 0.000000e+000, 0.000000e+000, 0.000000e+000
 1.284000e-001,-9.733118e+002,-2.345914e+003, 3.310423e+003,-2.222150e+001, 3.257339e+001, 1.094882e+002, 0.000000e+000, 0.000000e+000, 0.000000e+000, 0.000000e+000
 1.284500e-001,-9.117460e+002,-2.391875e+003, 3.295181e+003,-2.149277e+001, 3.392318e+001, 1.084085e+002, 0.000000e+000, 0.000000e+000, 0.000000e+000, 0.000000e+000
 1.285000e-001,-8.499818e+002,-2.437020e+003, 3.278979e+003,-2.076050e+001, 3.525844e+001, 1.072859e+002, 0.000000e+000, 0.000000e+000, 0.000000e+000, 0.000000e+000
 1.285500e-001,-7.877943e+002,-2.481263e+003, 3.261403e+003,-2.002465e+001, 3.657857e+001, 1.061207e+002, 0.000000e+000, 0.000000e+000, 0.000000e+000, 0.000000e+000
 1.286000e-001,-7.254596e+002,-2.524680e+003, 3.242864e+003,-1.928471e+001, 3.788437e+001, 1.049143e+002, 0.000000e+000, 0.000000e+000, 0.000000e+000, 0.000000e+000
 1.286500e-001,-6.627408e+002,-2.567142e+003, 3.222981e+003,-1.854051e+001, 3.917524e+001, 1.036668e+002, 0.000000e+000, 0.000000e+000, 0.000000e+000, 0.000000e+000
 1.287000e-001,-5.999230e+002,-2.608769e+003, 3.202128e+003,-1.779163e+001, 4.045200e+001, 1.023798e+002, 0.000000e+000, 0.000000e+000, 0.000000e+000, 0.000000e+000
 1.287500e-001,-5.367639e+002,-2.649390e+003, 3.179967e+003,-1.703778e+001, 4.171404e+001, 1.010534e+002, 0.000000e+000, 0.000000e+000, 0.000000e+000, 0.000000e+000
 1.288000e-001,-4.735509e+002,-2.689167e+003, 3.156830e+003,-1.627865e+001, 4.296220e+001, 9.968932e+001, 0.000000e+000, 0.000000e+000, 0.000000e+000, 0.000000e+000
 1.288500e-001,-4.100428e+002,-2.727889e+003, 3.132423e+003,-1.551383e+001, 4.419590e+001, 9.828755e+001, 0.000000e+000, 0.000000e+000, 0.000000e+000, 0.000000e+000
 1.289000e-001,-3.465232e+002,-2.765760e+003, 3.107032e+003,-1.474309e+001, 4.541593e+001, 9.684992e+001, 0.000000e+000, 0.000000e+000, 0.000000e+000, 0.000000e+000
 1.289500e-001,-2.827574e+002,-2.802529e+003, 3.080414e+003,-1.396598e+001, 4.662174e+001, 9.537650e+001, 0.000000e+000, 0.000000e+000, 0.000000e+000, 0.000000e+000
 1.290000e-001,-2.190204e+002,-2.838439e+003, 3.052806e+003,-1.318234e+001, 4.781409e+001, 9.386914e+001, 0.000000e+000, 0.000000e+000, 0.000000e+000, 0.000000e+000
 1.290500e-001,-1.550883e+002,-2.873203e+003, 3.024016e+003,-1.239165e+001, 4.899246e+001, 9.232791e+001, 0.000000e+000, 0.000000e+000, 0.000000e+000, 0.000000e+000
 1.291000e-001,-9.122347e+001,-2.907100e+003, 2.994228e+003,-1.159386e+001, 5.015754e+001, 9.075473e+001, 0.000000e+000, 0.000000e+000, 0.000000e+000, 0.000000e+000
 1.291500e-001,-2.721632e+001,-2.939810e+003, 2.963307e+003,-1.078841e+001, 5.130887e+001, 8.914966e+001, 0.000000e+000, 0.000000e+000, 0.000000e+000, 0.000000e+000
 1.292000e-001, 3.668634e+001,-2.971644e+003, 2.931382e+003,-9.975300e+000, 5.244703e+001, 8.751465e+001, 0.000000e+000, 0.000000e+000, 0.000000e+000, 0.000000e+000
 1.292500e-001, 1.006776e+002,-3.002254e+003, 2.898374e+003,-9.153995e+000, 5.357164e+001, 8.584978e+001, 0.000000e+000, 0.000000e+000, 0.000000e+000, 0.000000e+000
 1.293000e-001, 1.645280e+002,-3.031978e+003, 2.864357e+003,-8.324551e+000, 5.468316e+001, 8.415700e+001, 0.000000e+000, 0.000000e+000, 0.000000e+000, 0.000000e+000
 1.293500e-001, 2.284130e+002,-3.060446e+003, 2.829310e+003,-7.486460e+000, 5.578128e+001, 8.243642e+001, 0.000000e+000, 0.000000e+000, 0.000000e+000, 0.000000e+000
 1.294000e-001, 2.921206e+002,-3.088016e+003, 2.793250e+003,-6.639819e+000, 5.686632e+001, 8.068997e+001, 0.000000e+000, 0.000000e+000, 0.000000e+000, 0.000000e+000
 1.294500e-001, 3.558095e+002,-3.114302e+003, 2.756212e+003,-5.784186e+000, 5.793808e+001, 7.891779e+001, 0.000000e+000, 0.000000e+000, 0.000000e+000, 0.000000e+000
 1.295000e-001, 4.192841e+002,-3.139676e+003, 2.718161e+003,-4.919683e+000, 5.899671e+001, 7.712178e+001, 0.000000e+000, 0.000000e+000, 0.000000e+000, 0.000000e+000
 1.295500e-001, 4.826877e+002,-3.163744e+003, 2.679186e+003,-4.045959e+000, 6.004208e+001, 7.530209e+001, 0.000000e+000, 0.000000e+000, 0.000000e+000, 0.000000e+000
 1.296000e-001, 5.458391e+002,-3.186885e+003, 2.639199e+003,-3.163146e+000, 6.107422e+001, 7.346059e+001, 0.000000e+000, 0.000000e+000, 0.000000e+000, 0.000000e+000
 1.296500e-001, 6.088690e+002,-3.208702e+003, 2.598341e+003,-2.271013e+000, 6.209307e+001, 7.159747e+001, 0.000000e+000, 0.000000e+000, 0.000000e+000, 0.000000e+000
 1.297000e-001, 6.716071e+002,-3.229573e+003, 2.556476e+003,-1.369690e+000, 6.309848e+001, 6.971450e+001, 0.000000e+000, 0.000000e+000, 0.000000e+000, 0.000000e+000
 1.297500e-001, 7.341757e+002,-3.249109e+003, 2.513793e+003,-4.590810e-001, 6.409048e+001, 6.781194e+001, 0.000000e+000, 0.000000e+000, 0.000000e+000, 0.000000e+000
 1.298000e-001, 7.964112e+002,-3.267679e+003, 2.470112e+003, 4.606915e-001, 6.506878e+001, 6.589146e+001, 0.000000e+000, 0.000000e+000, 0.000000e+000, 0.000000e+000
 1.298500e-001, 8.584318e+002,-3.284906e+003, 2.425664e+003, 1.389573e+000, 6.603347e+001, 6.395335e+001, 0.000000e+000, 0.000000e+000, 0.000000e+000, 0.000000e+000
 1.299000e-001, 9.200758e+002,-3.301147e+003, 2.380230e+003, 2.327456e+000, 6.698408e+001, 6.199919e+001, 0.000000e+000, 0.000000e+000, 0.000000e+000, 0.000000e+000
 1.299500e-001, 9.814625e+002,-3.316042e+003, 2.334079e+003, 3.274127e+000, 6.792079e+001, 6.002933e+001, 0.000000e+000, 0.000000e+000, 0.000000e+000, 0.000000e+000
 1.300000e-001, 1.042427e+003,-3.329927e+003, 2.286959e+003, 4.229493e+000, 6.884298e+001, 5.804522e+001, 0.000000e+000, 0.000000e+000, 0.000000e+000, 0.000000e+000
 1.300500e-001, 1.103095e+003,-3.342469e+003, 2.239170e+003, 5.193179e+000, 6.975087e+001, 5.604726e+001, 0.000000e+000, 0.000000e+000, 0.000000e+000, 0.000000e+000
 1.301000e-001, 1.163293e+003,-3.353977e+003, 2.190434e+003, 6.165107e+000, 7.064369e+001, 5.403676e+001, 0.000000e+000, 0.000000e+000, 0.000000e+000, 0.000000e+000
 1.301500e-001, 1.223159e+003,-3.364149e+003, 2.141074e+003, 7.144743e+000, 7.152173e+001, 5.201420e+001, 0.000000e+000, 0.000000e+000, 0.000000e+000, 0.000000e+000
 1.302000e-001, 1.282505e+003,-3.373261e+003, 2.090792e+003, 8.132016e+000, 7.238406e+001, 4.998072e+001, 0.000000e+000, 0.000000e+000, 0.000000e+000, 0.000000e+000
 1.302500e-001, 1.341484e+003,-3.381050e+003, 2.039932e+003, 9.126245e+000, 7.323101e+001, 4.793689e+001, 0.000000e+000, 0.000000e+000, 0.000000e+000, 0.000000e+000
 1.303000e-001, 1.399894e+003,-3.387751e+003, 1.988178e+003, 1.012735e+001, 7.406153e+001, 4.588368e+001, 0.000000e+000, 0.000000e+000, 0.000000e+000, 0.000000e+000
 1.303500e-001, 1.457906e+003,-3.393144e+003, 1.935888e+003, 1.113453e+001, 7.487596e+001, 4.382170e+001, 0.000000e+000, 0.000000e+000, 0.000000e+000, 0.000000e+000
 1.304000e-001, 1.515296e+003,-3.397423e+003, 1.882738e+003, 1.214769e+001, 7.567316e+001, 4.175182e+001, 0.000000e+000, 0.000000e+000, 0.000000e+000, 0.000000e+000
 1.304500e-001, 1.572260e+003,-3.400413e+003, 1.829093e+003, 1.316589e+001, 7.645345e+001, 3.967466e+001, 0.000000e+000, 0.000000e+000, 0.000000e+000, 0.000000e+000
 1.305000e-001, 1.628549e+003,-3.402263e+003, 1.774624e+003, 1.418902e+001, 7.721562e+001, 3.759094e+001, 0.000000e+000, 0.000000e+000, 0.000000e+000, 0.000000e+000
 1.305500e-001, 1.684386e+003,-3.402845e+003, 1.719699e+003, 1.521607e+001, 7.795997e+001, 3.550135e+001, 0.000000e+000, 0.000000e+000, 0.000000e+000, 0.000000e+000
 1.306000e-001, 1.739495e+003,-3.402262e+003, 1.663991e+003, 1.624686e+001, 7.868521e+001, 3.340648e+001, 0.000000e+000, 0.000000e+000, 0.000000e+000, 0.000000e+000
 1.306500e-001, 1.794125e+003,-3.400434e+003, 1.607864e+003, 1.728031e+001, 7.939162e+001, 3.130702e+001, 0.000000e+000, 0.000000e+000, 0.000000e+000, 0.000000e+000
 1.307000e-001, 1.847976e+003,-3.397419e+003, 1.550998e+003, 1.831620e+001, 8.007787e+001, 2.920345e+001, 0.000000e+000, 0.000000e+000, 0.000000e+000, 0.000000e+000
 1.307500e-001, 1.901324e+003,-3.393182e+003, 1.493748e+003, 1.935341e+001, 8.074419e+001, 2.709649e+001, 0.000000e+000, 0.000000e+000, 0.000000e+000, 0.000000e+000
 1.308000e-001, 1.953842e+003,-3.387739e+003, 1.435806e+003, 2.039162e+001, 8.138921e+001, 2.498649e+001, 0.000000e+000, 0.000000e+000, 0.000000e+000, 0.000000e+000
 1.308500e-001, 2.005831e+003,-3.381098e+003, 1.377516e+003, 2.142973e+001, 8.201311e+001, 2.287420e+001, 0.000000e+000, 0.000000e+000, 0.000000e+000, 0.000000e+000
 1.309000e-001, 2.056943e+003,-3.373233e+003, 1.318581e+003, 2.246729e+001, 8.261453e+001, 2.075987e+001, 0.000000e+000, 0.000000e+000, 0.000000e+000, 0.000000e+000
 1.309500e-001, 2.107498e+003,-3.364197e+003, 1.259334e+003, 2.350325e+001, 8.319354e+001, 1.864423e+001, 0.000000e+000, 0.000000e+000, 0.000000e+000, 0.000000e+000
 1.310000e-001, 2.157133e+003,-3.353922e+003, 1.199491e+003, 2.453705e+001, 8.374885e+001, 1.652748e+001, 0.000000e+000, 0.000000e+000, 0.000000e+000, 0.000000e+000
 1.310500e-001, 2.206183e+003,-3.342501e+003, 1.139370e+003, 2.556767e+001, 8.428040e+001, 1.441032e+001, 0.000000e+000, 0.000000e+000, 0.000000e+000, 0.000000e+000
 1.311000e-001, 2.254272e+003,-3.329832e+003, 1.078706e+003, 2.659444e+001, 8.478695e+001, 1.229289e+001, 0.000000e+000, 0.000000e+000, 0.000000e+000, 0.000000e+000
 1.311500e-001, 2.301745e+003,-3.316041e+003, 1.017798e+003, 2.761642e+001, 8.526835e+001, 1.017589e+001, 0.000000e+000, 0.000000e+000, 0.000000e+000, 0.000000e+000
 1.312000e-001, 2.348223e+003,-3.300996e+003, 9.563984e+002, 2.863279e+001, 8.572343e+001, 8.059390e+000, 0.000000e+000, 0.000000e+000, 0.000000e+000, 0.000000e+000
 1.312500e-001, 2.394051e+003,-3.284853e+003, 8.947901e+002, 2.964272e+001, 8.615194e+001, 5.944061e+000, 0.000000e+000, 0.000000e+000, 0.000000e+000, 0.000000e+000
 1.313000e-001, 2.438852e+003,-3.267454e+003, 8.327431e+002, 3.064524e+001, 8.655277e+001, 3.829967e+000, 0.000000e+000, 0.000000e+000, 0.000000e+000, 0.000000e+000
 1.313500e-001, 2.482968e+003,-3.248979e+003, 7.705229e+002, 3.163967e+001, 8.692556e+001, 1.717727e+000, 0.000000e+000, 0.000000e+000, 0.000000e+000, 0.000000e+000
 1.314000e-001, 2.526032e+003,-3.229252e+003, 7.079164e+002, 3.262486e+001, 8.726933e+001,-3.925983e-001, 0.000000e+000, 0.000000e+000, 0.000000e+000, 0.000000e+000
 1.314500e-001, 2.568371e+003,-3.208470e+003, 6.451735e+002, 3.360029e+001, 8.758359e+001,-2.500433e+000, 0.000000e+000, 0.000000e+000, 0.000000e+000, 0.000000e+000
 1.315000e-001, 2.609639e+003,-3.186445e+003, 5.820964e+002, 3.456467e+001, 8.786746e+001,-4.605712e+000, 0.000000e+000, 0.000000e+000, 0.000000e+000, 0.000000e+000
 1.315500e-001, 2.650139e+003,-3.163384e+003, 5.189206e+002, 3.551760e+001, 8.812038e+001,-6.707903e+000, 0.000000e+000, 0.000000e+000, 0.000000e+000, 0.000000e+000
 1.316000e-001, 2.689554e+003,-3.139092e+003, 4.554621e+002, 3.645769e+001, 8.834158e+001,-8.806919e+000, 0.000000e+000, 0.000000e+000, 0.000000e+000, 0.000000e+000
 1.316500e-001, 2.728156e+003,-3.113783e+003, 3.919440e+002, 3.738467e+001, 8.853040e+001,-1.090228e+001, 0.000000e+000, 0.000000e+000, 0.000000e+000, 0.000000e+000
 1.317000e-001, 2.765664e+003,-3.087261e+003, 3.281937e+002, 3.829704e+001, 8.868619e+001,-1.299386e+001, 0.000000e+000, 0.000000e+000, 0.000000e+000, 0.000000e+000
 1.317500e-001, 2.802310e+003,-3.059739e+003, 2.644243e+002, 3.919468e+001, 8.880821e+001,-1.508122e+001, 0.000000e+000, 0.000000e+000, 0.000000e+000, 0.000000e+000
 1.318000e-001, 2.837859e+003,-3.031027e+003, 2.004720e+002, 4.007597e+001, 8.889597e+001,-1.716421e+001, 0.000000e+000, 0.000000e+000, 0.000000e+000, 0.000000e+000
 1.318500e-001, 2.872496e+003,-3.001329e+003, 1.365425e+002, 4.094096e+001, 8.894865e+001,-1.924242e+001, 0.000000e+000, 0.000000e+000, 0.000000e+000, 0.000000e+000
 1.319000e-001, 2.906037e+003,-2.970467e+003, 7.247846e+001, 4.178794e+001, 8.896588e+001,-2.131565e+001, 0.000000e+000, 0.000000e+000, 0.000000e+000, 0.000000e+000
 1.319500e-001, 2.938614e+003,-2.938635e+003, 8.480299e+000, 4.261709e+001, 8.894682e+001,-2.338354e+001, 0.000000e+000, 0.000000e+000, 0.000000e+000, 0.000000e+000
 1.320000e-001, 2.970101e+003,-2.905670e+003,-5.560547e+001, 4.342665e+001, 8.889119e+001,-2.544581e+001, 0.000000e+000, 0.000000e+000, 0.000000e+000, 0.000000e+000
 1.320500e-001, 3.000570e+003,-2.871749e+003,-1.195809e+002, 4.421691e+001, 8.879816e+001,-2.750214e+001, 0.000000e+000, 0.000000e+000, 0.000000e+000, 0.000000e+000
 1.321000e-001, 3.029957e+003,-2.836729e+003,-1.835982e+002, 4.498609e+001, 8.866757e+001,-2.955221e+001, 0.000000e+000, 0.000000e+000, 0.000000e+000, 0.000000e+000
 1.321500e-001, 3.058274e+003,-2.800765e+003,-2.474597e+002, 4.573458e+001, 8.849857e+001,-3.159571e+001, 0.000000e+000, 0.000000e+000, 0.000000e+000, 0.000000e+000
 1.322000e-001, 3.085520e+003,-2.763741e+003,-3.113186e+002, 4.646062e+001, 8.829115e+001,-3.363226e+001, 0.000000e+000, 0.000000e+000, 0.000000e+000, 0.000000e+000
 1.322500e-001, 3.111644e+003,-2.725786e+003,-3.749753e+002, 4.716465e+001, 8.804446e+001,-3.566154e+001, 0.000000e+000, 0.000000e+000, 0.000000e+000, 0.000000e+000
 1.323000e-001, 3.136710e+003,-2.686812e+003,-4.385859e+002, 4.784498e+001, 8.775862e+001,-3.768315e+001, 0.000000e+000, 0.000000e+000, 0.000000e+000, 0.000000e+000
 1.323500e-001, 3.160604e+003,-2.646920e+003,-5.019474e+002, 4.850207e+001, 8.743281e+001,-3.969675e+001, 0.000000e+000, 0.000000e+000, 0.000000e+000, 0.000000e+000
 1.324000e-001, 3.183453e+003,-2.606052e+003,-5.652202e+002, 4.913432e+001, 8.706725e+001,-4.170189e+001, 0.000000e+000, 0.000000e+000, 0.000000e+000, 0.000000e+000
 1.324500e-001, 3.205082e+003,-2.564281e+003,-6.281966e+002, 4.974223e+001, 8.666119e+001,-4.369823e+001, 0.000000e+000, 0.000000e+000, 0.000000e+000, 0.000000e+000
 1.325000e-001, 3.225680e+003,-2.521579e+003,-6.910425e+002, 5.032429e+001, 8.621497e+001,-4.568525e+001, 0.000000e+000, 0.000000e+000, 0.000000e+000, 0.000000e+000
 1.325500e-001, 3.245014e+003,-2.477988e+003,-7.535447e+002, 5.088100e+001, 8.572790e+001,-4.766260e+001, 0.000000e+000, 0.000000e+000, 0.000000e+000, 0.000000e+000
 1.326000e-001, 3.263331e+003,-2.433514e+003,-8.158752e+002, 5.141101e+001, 8.520042e+001,-4.962971e+001, 0.000000e+000, 0.000000e+000, 0.000000e+000, 0.000000e+000
 1.326500e-001, 3.280343e+003,-2.388166e+003,-8.778151e+002, 5.191479e+001, 8.463194e+001,-5.158620e+001, 0.000000e+000, 0.000000e+000, 0.000000e+000, 0.000000e+000
 1.327000e-001, 3.296350e+003,-2.341983e+003,-9.395422e+002, 5.239114e+001, 8.402299e+001,-5.353148e+001, 0.000000e+000, 0.000000e+000, 0.000000e+000, 0.000000e+000
 1.327500e-001, 3.311017e+003,-2.294944e+003,-1.000833e+003, 5.284050e+001, 8.337311e+001,-5.546509e+001, 0.000000e+000, 0.000000e+000, 0.000000e+000, 0.000000e+000
 1.328000e-001, 3.324688e+003,-2.247119e+003,-1.061869e+003, 5.326188e+001, 8.268289e+001,-5.738644e+001, 0.000000e+000, 0.000000e+000, 0.000000e+000, 0.000000e+000
 1.328500e-001, 3.336990e+003,-2.198457e+003,-1.122423e+003, 5.365564e+001, 8.195200e+001,-5.929502e+001, 0.000000e+000, 0.000000e+000, 0.000000e+000, 0.000000e+000
 1.329000e-001, 3.348304e+003,-2.149059e+003,-1.182683e+003, 5.402100e+001, 8.118111e+001,-6.119020e+001, 0.000000e+000, 0.000000e+000, 0.000000e+000, 0.000000e+000
 1.329500e-001, 3.358225e+003,-2.098844e+003,-1.242417e+003, 5.435825e+001, 8.037002e+001,-6.307141e+001, 0.000000e+000, 0.000000e+000, 0.000000e+000, 0.000000e+000
 1.330000e-001, 3.367163e+003,-2.047944e+003,-1.301814e+003, 5.466684e+001, 7.951949e+001,-6.493801e+001, 0.000000e+000, 0.000000e+000, 0.000000e+000, 0.000000e+000
 1.330500e-001, 3.374690e+003,-1.996250e+003,-1.360643e+003, 5.494696e+001, 7.862944e+001,-6.678938e+001, 0.000000e+000, 0.000000e+000, 0.000000e+000, 0.000000e+000
 1.331000e-001, 3.381236e+003,-1.943921e+003,-1.419094e+003, 5.519833e+001, 7.770072e+001,-6.862486e+001, 0.000000e+000, 0.000000e+000, 0.000000e+000, 0.000000e+000
 1.331500e-001, 3.386360e+003,-1.890823e+003,-1.476937e+003, 5.542103e+001, 7.673337e+001,-7.044373e+001, 0.000000e+000, 0.000000e+000, 0.000000e+000, 0.000000e+000
 1.332000e-001, 3.390501e+003,-1.837140e+003,-1.534359e+003, 5.561501e+001, 7.572830e+001,-7.224538e+001, 0.000000e+000, 0.000000e+000, 0.000000e+000, 0.000000e+000
 1.332500e-001, 3.393216e+003,-1.782714e+003,-1.591133e+003, 5.578027e+001, 7.468572e+001,-7.402898e+001, 0.000000e+000, 0.000000e+000, 0.000000e+000, 0.000000e+000
 1.333000e-001, 3.394944e+003,-1.727753e+003,-1.647444e+003, 5.591699e+001, 7.360660e+001,-7.579395e+001, 0.000000e+000, 0.000000e+000, 0.000000e+000, 0.000000e+000
 1.333500e-001, 3.395247e+003,-1.672080e+003,-1.703072e+003, 5.602511e+001, 7.249126e+001,-7.753938e+001, 0.000000e+000, 0.000000e+000, 0.000000e+000, 0.000000e+000
 1.334000e-001, 3.394557e+003,-1.615920e+003,-1.758192e+003, 5.610499e+001, 7.134074e+001,-7.926467e+001, 0.000000e+000, 0.000000e+000, 0.000000e+000, 0.000000e+000
 1.334500e-001, 3.392449e+003,-1.559079e+003,-1.812595e+003, 5.615654e+001, 7.015550e+001,-8.096887e+001, 0.000000e+000, 0.000000e+000, 0.000000e+000, 0.000000e+000
 1.335000e-001, 3.389340e+003,-1.501801e+003,-1.866446e+003, 5.618029e+001, 6.893664e+001,-8.265141e+001, 0.000000e+000, 0.000000e+000, 0.000000e+000, 0.000000e+000
 1.335500e-001, 3.384824e+003,-1.443875e+003,-1.919548e+003, 5.617613e+001, 6.768474e+001,-8.431123e+001, 0.000000e+000, 0.000000e+000, 0.000000e+000, 0.000000e+000
 1.336000e-001, 3.379297e+003,-1.385560e+003,-1.972053e+003, 5.614476e+001, 6.640092e+001,-8.594778e+001, 0.000000e+000, 0.000000e+000, 0.000000e+000, 0.000000e+000
 1.336500e-001, 3.372380e+003,-1.326633e+003,-2.023780e+003, 5.608603e+001, 6.508592e+001,-8.755997e+001, 0.000000e+000, 0.000000e+000, 0.000000e+000, 0.000000e+000
 1.337000e-001, 3.364443e+003,-1.267364e+003,-2.074864e+003, 5.600079e+001, 6.374088e+001,-8.914727e+001, 0.000000e+000, 0.000000e+000, 0.000000e+000, 0.000000e+000
 1.337500e-001, 3.355136e+003,-1.207520e+003,-2.125145e+003, 5.588887e+001, 6.236666e+001,-9.070849e+001, 0.000000e+000, 0.000000e+000, 0.000000e+000, 0.000000e+000
 1.338000e-001, 3.344797e+003,-1.147382e+003,-2.174735e+003, 5.575127e+001, 6.096441e+001,-9.224316e+001, 0.000000e+000, 0.000000e+000, 0.000000e+000, 0.000000e+000
 1.338500e-001, 3.333112e+003,-1.086709e+003,-2.223498e+003, 5.558784e+001, 5.953511e+001,-9.375003e+001, 0.000000e+000, 0.000000e+000, 0.000000e+000, 0.000000e+000
 1.339000e-001, 3.320385e+003,-1.025787e+003,-2.271524e+003, 5.539963e+001, 5.807993e+001,-9.522866e+001, 0.000000e+000, 0.000000e+000, 0.000000e+000, 0.000000e+000
 1.339500e-001, 3.306340e+003,-9.643708e+002,-2.318702e+003, 5.518655e+001, 5.659995e+001,-9.667775e+001, 0.000000e+000, 0.000000e+000, 0.000000e+000, 0.000000e+000
 1.340000e-001, 3.291243e+003,-9.027512e+002,-2.365095e+003, 5.494971e+001, 5.509633e+001,-9.809690e+001, 0.000000e+000, 0.000000e+000, 0.000000e+000, 0.000000e+000
 1.340500e-001, 3.274856e+003,-8.406813e+002,-2.410621e+003, 5.468907e+001, 5.357024e+001,-9.948476e+001, 0.000000e+000, 0.000000e+000, 0.000000e+000, 0.000000e+000
 1.341000e-001, 3.257410e+003,-7.784515e+002,-2.455316e+003, 5.440578e+001, 5.202285e+001,-1.008410e+002, 0.000000e+000, 0.000000e+000, 0.000000e+000, 0.000000e+000
 1.341500e-001, 3.238703e+003,-7.158165e+002,-2.499126e+003, 5.409985e+001, 5.045539e+001,-1.021642e+002, 0.000000e+000, 0.000000e+000, 0.000000e+000, 0.000000e+000
 1.342000e-001, 3.218934e+003,-6.530645e+002,-2.542058e+003, 5.377246e+001, 4.886902e+001,-1.034540e+002, 0.000000e+000, 0.000000e+000, 0.000000e+000, 0.000000e+000
 1.342500e-001, 3.197933e+003,-5.899543e+002,-2.584091e+003, 5.342369e+001, 4.726505e+001,-1.047091e+002, 0.000000e+000, 0.000000e+000, 0.000000e+000, 0.000000e+000
 1.343000e-001, 3.175869e+003,-5.267688e+002,-2.625199e+003, 5.305470e+001, 4.564458e+001,-1.059292e+002, 0.000000e+000, 0.000000e+000, 0.000000e+000, 0.000000e+000
 1.343500e-001, 3.152603e+003,-4.632736e+002,-2.665396e+003, 5.266566e+001, 4.400900e+001,-1.071129e+002, 0.000000e+000, 0.000000e+000, 0.000000e+000, 0.000000e+000
 1.344000e-001, 3.128275e+003,-3.997437e+002,-2.704622e+003, 5.225771e+001, 4.235938e+001,-1.082599e+002, 0.000000e+000, 0.000000e+000, 0.000000e+000, 0.000000e+000
 1.344500e-001, 3.102776e+003,-3.359542e+002,-2.742925e+003, 5.183110e+001, 4.069711e+001,-1.093688e+002, 0.000000e+000, 0.000000e+000, 0.000000e+000, 0.000000e+000
 1.345000e-001, 3.076221e+003,-2.721693e+002,-2.780213e+003, 5.138690e+001, 3.902324e+001,-1.104394e+002, 0.000000e+000, 0.000000e+000, 0.000000e+000, 0.000000e+000
 1.345500e-001, 3.048523e+003,-2.081766e+002,-2.816569e+003, 5.092548e+001, 3.733921e+001,-1.114704e+002, 0.000000e+000, 0.000000e+000, 0.000000e+000, 0.000000e+000
 1.346000e-001, 3.019780e+003,-1.442264e+002,-2.851866e+003, 5.044784e+001, 3.564598e+001,-1.124615e+002, 0.000000e+000, 0.000000e+000, 0.000000e+000, 0.000000e+000
 1.346500e-001, 2.989922e+003,-8.012154e+001,-2.886222e+003, 4.995442e+001, 3.394502e+001,-1.134114e+002, 0.000000e+000, 0.000000e+000, 0.000000e+000, 0.000000e+000
 1.347000e-001, 2.959031e+003,-1.609578e+001,-2.919478e+003, 4.944617e+001, 3.223721e+001,-1.143200e+002, 0.000000e+000, 0.000000e+000, 0.000000e+000, 0.000000e+000
 1.347500e-001, 2.927055e+003, 4.802989e+001,-2.951785e+003, 4.892359e+001, 3.052404e+001,-1.151860e+002, 0.000000e+000, 0.000000e+000, 0.000000e+000, 0.000000e+000
 1.348000e-001, 2.894063e+003, 1.120415e+002,-2.982952e+003, 4.838755e+001, 2.880631e+001,-1.160092e+002, 0.000000e+000, 0.000000e+000, 0.000000e+000, 0.000000e+000
 1.348500e-001, 2.860012e+003, 1.760969e+002,-3.013165e+003, 4.783863e+001, 2.708552e+001,-1.167884e+002, 0.000000e+000, 0.000000e+000, 0.000000e+000, 0.000000e+000
 1.349000e-001, 2.824968e+003, 2.400048e+002,-3.042200e+003, 4.727761e+001, 2.536236e+001,-1.175235e+002, 0.000000e+000, 0.000000e+000, 0.000000e+000, 0.000000e+000
 1.349500e-001, 2.788891e+003, 3.038988e+002,-3.070274e+003, 4.670512e+001, 2.363835e+001,-1.182134e+002, 0.000000e+000, 0.000000e+000, 0.000000e+000, 0.000000e+000
 1.350000e-001, 2.751844e+003, 3.676137e+002,-3.097135e+003, 4.612185e+001, 2.191406e+001,-1.188579e+002, 0.000000e+000, 0.000000e+000, 0.000000e+000, 0.000000e+000
 1.350500e-001, 2.713791e+003, 4.312558e+002,-3.123031e+003, 4.552848e+001, 2.019100e+001,-1.194560e+002, 0.000000e+000, 0.000000e+000, 0.000000e+000, 0.000000e+000
 1.351000e-001, 2.674796e+003, 4.946887e+002,-3.147679e+003, 4.492563e+001, 1.846965e+001,-1.200077e+002, 0.000000e+000, 0.000000e+000, 0.000000e+000, 0.000000e+000
 1.351500e-001, 2.634822e+003, 5.579887e+002,-3.171359e+003, 4.431396e+001, 1.675150e+001,-1.205118e+002, 0.000000e+000, 0.000000e+000, 0.000000e+000, 0.000000e+000
 1.352000e-001, 2.593936e+003, 6.210509e+002,-3.193760e+003, 4.369405e+001, 1.503689e+001,-1.209685e+002, 0.000000e+000, 0.000000e+000, 0.000000e+000, 0.000000e+000
 1.352500e-001, 2.552097e+003, 6.839193e+002,-3.215189e+003, 4.306653e+001, 1.332731e+001,-1.213768e+002, 0.000000e+000, 0.000000e+000, 0.000000e+000, 0.000000e+000
 1.353000e-001, 2.509378e+003, 7.465229e+002,-3.235312e+003, 4.243192e+001, 1.162299e+001,-1.217367e+002, 0.000000e+000, 0.000000e+000, 0.000000e+000, 0.000000e+000
 1.353500e-001, 2.465735e+003, 8.088706e+002,-3.254458e+003, 4.179083e+001, 9.925367e+000,-1.220475e+002, 0.000000e+000, 0.000000e+000, 0.000000e+000, 0.000000e+000
 1.354000e-001, 2.421245e+003, 8.709283e+002,-3.272273e+003, 4.114373e+001, 8.234578e+000,-1.223091e+002, 0.000000e+000, 0.000000e+000, 0.000000e+000, 0.000000e+000
 1.354500e-001, 2.375860e+003, 9.326673e+002,-3.289109e+003, 4.049116e+001, 6.552007e+000,-1.225208e+002, 0.000000e+000, 0.000000e+000, 0.000000e+000, 0.000000e+000
 1.355000e-001, 2.329663e+003, 9.940923e+002,-3.304592e+003, 3.983355e+001, 4.877686e+000,-1.226828e+002, 0.000000e+000, 0.000000e+000, 0.000000e+000, 0.000000e+000
 1.355500e-001, 2.282602e+003, 1.055136e+003,-3.319093e+003, 3.917138e+001, 3.212949e+000,-1.227945e+002, 0.000000e+000, 0.000000e+000, 0.000000e+000, 0.000000e+000
 1.356000e-001, 2.234764e+003, 1.115842e+003,-3.332221e+003, 3.850503e+001, 1.557726e+000,-1.228559e+002, 0.000000e+000, 0.000000e+000, 0.000000e+000, 0.000000e+000
 1.356500e-001, 2.186096e+003, 1.176104e+003,-3.344364e+003, 3.783489e+001,-8.670808e-002,-1.228667e+002, 0.000000e+000, 0.000000e+000, 0.000000e+000, 0.000000e+000
 1.357000e-001, 2.136684e+003, 1.236007e+003,-3.355119e+003, 3.716133e+001,-1.720517e+000,-1.228268e+002, 0.000000e+000, 0.000000e+000, 0.000000e+000, 0.000000e+000
 1.357500e-001, 2.086480e+003, 1.295402e+003,-3.364886e+003, 3.648463e+001,-3.342492e+000,-1.227361e+002, 0.000000e+000, 0.000000e+000, 0.000000e+000, 0.000000e+000
 1.358000e-001, 2.035566e+003, 1.354418e+003,-3.373252e+003, 3.580514e+001,-4.952880e+000,-1.225946e+002, 0.000000e+000, 0.000000e+000, 0.000000e+000, 0.000000e+000
 1.358500e-001, 1.983898e+003, 1.412863e+003,-3.380629e+003, 3.512302e+001,-6.550550e+000,-1.224023e+002, 0.000000e+000, 0.000000e+000, 0.000000e+000, 0.000000e+000
 1.359000e-001, 1.931555e+003, 1.470908e+003,-3.386595e+003, 3.443859e+001,-8.135818e+000,-1.221591e+002, 0.000000e+000, 0.000000e+000, 0.000000e+000, 0.000000e+000
 1.359500e-001, 1.878499e+003, 1.528321e+003,-3.391569e+003, 3.375191e+001,-9.707638e+000,-1.218652e+002, 0.000000e+000, 0.000000e+000, 0.000000e+000, 0.000000e+000
 1.360000e-001, 1.824800e+003, 1.585314e+003,-3.395125e+003, 3.306330e+001,-1.126638e+001,-1.215206e+002, 0.000000e+000, 0.000000e+000, 0.000000e+000, 0.000000e+000
 1.360500e-001, 1.770433e+003, 1.641615e+003,-3.397688e+003, 3.237267e+001,-1.281109e+001,-1.211255e+002, 0.000000e+000, 0.000000e+000, 0.000000e+000, 0.000000e+000
 1.361000e-001, 1.715456e+003, 1.697476e+003,-3.398831e+003, 3.168034e+001,-1.434218e+001,-1.206801e+002, 0.000000e+000, 0.000000e+000, 0.000000e+000, 0.000000e+000
 1.361500e-001, 1.659857e+003, 1.752585e+003,-3.398977e+003, 3.098609e+001,-1.585879e+001,-1.201847e+002, 0.000000e+000, 0.000000e+000, 0.000000e+000, 0.000000e+000
 1.362000e-001, 1.603679e+003, 1.807235e+003,-3.397705e+003, 3.029024e+001,-1.736137e+001,-1.196394e+002, 0.000000e+000, 0.000000e+000, 0.000000e+000, 0.000000e+000
 1.362500e-001, 1.546929e+003, 1.861076e+003,-3.395433e+003, 2.959245e+001,-1.884916e+001,-1.190447e+002, 0.000000e+000, 0.000000e+000, 0.000000e+000, 0.000000e+000
 1.363000e-001, 1.489631e+003, 1.914437e+003,-3.391747e+003, 2.889302e+001,-2.032261e+001,-1.184007e+002, 0.000000e+000, 0.000000e+000, 0.000000e+000, 0.000000e+000
 1.363500e-001, 1.431811e+003, 1.966935e+003,-3.387059e+003, 2.819152e+001,-2.178107e+001,-1.177081e+002, 0.000000e+000, 0.000000e+000, 0.000000e+000, 0.000000e+000
 1.364000e-001, 1.373476e+003, 2.018930e+003,-3.380965e+003, 2.748820e+001,-2.322499e+001,-1.169671e+002, 0.000000e+000, 0.000000e+000, 0.000000e+000, 0.000000e+000
 1.364500e-001, 1.314670e+003, 2.070012e+003,-3.373866e+003, 2.678258e+001,-2.465384e+001,-1.161784e+002, 0.000000e+000, 0.000000e+000, 0.000000e+000, 0.000000e+000
 1.365000e-001, 1.255380e+003, 2.120568e+003,-3.365372e+003, 2.607486e+001,-2.606804e+001,-1.153422e+002, 0.000000e+000, 0.000000e+000, 0.000000e+000, 0.000000e+000
 1.365500e-001, 1.195673e+003, 2.170162e+003,-3.355871e+003, 2.536449e+001,-2.746718e+001,-1.144593e+002, 0.000000e+000, 0.000000e+000, 0.000000e+000, 0.000000e+000
 1.366000e-001, 1.135514e+003, 2.219206e+003,-3.344990e+003, 2.465162e+001,-2.885162e+001,-1.135301e+002, 0.000000e+000, 0.000000e+000, 0.000000e+000, 0.000000e+000
 1.366500e-001, 1.074990e+003, 2.267245e+003,-3.333099e+003, 2.393568e+001,-3.022109e+001,-1.125555e+002, 0.000000e+000, 0.000000e+000, 0.000000e+000, 0.000000e+000
 1.367000e-001, 1.014048e+003, 2.314706e+003,-3.319846e+003, 2.321675e+001,-3.157590e+001,-1.115357e+002, 0.000000e+000, 0.000000e+000, 0.000000e+000, 0.000000e+000
 1.367500e-001, 9.527944e+002, 2.361121e+003,-3.305581e+003, 2.249427e+001,-3.291590e+001,-1.104719e+002, 0.000000e+000, 0.000000e+000, 0.000000e+000, 0.000000e+000
 1.368000e-001, 8.911575e+002, 2.406932e+003,-3.289976e+003, 2.176822e+001,-3.424132e+001,-1.093643e+002, 0.000000e+000, 0.000000e+000, 0.000000e+000, 0.000000e+000
 1.368500e-001, 8.292604e+002, 2.451660e+003,-3.273355e+003, 2.103806e+001,-3.555214e+001,-1.082141e+002, 0.000000e+000, 0.000000e+000, 0.000000e+000, 0.000000e+000
 1.369000e-001, 7.670174e+002, 2.495753e+003,-3.255419e+003, 2.030370e+001,-3.684849e+001,-1.070218e+002, 0.000000e+000, 0.000000e+000, 0.000000e+000, 0.000000e+000
 1.369500e-001, 7.045643e+002, 2.538731e+003,-3.236466e+003, 1.956465e+001,-3.813048e+001,-1.057884e+002, 0.000000e+000, 0.000000e+000, 0.000000e+000, 0.000000e+000
 1.370000e-001, 6.418051e+002, 2.581043e+003,-3.216226e+003, 1.882072e+001,-3.939817e+001,-1.045145e+002, 0.000000e+000, 0.000000e+000, 0.000000e+000, 0.000000e+000
 1.370500e-001, 5.788838e+002, 2.622213e+003,-3.194966e+003, 1.807148e+001,-4.065176e+001,-1.032013e+002, 0.000000e+000, 0.000000e+000, 0.000000e+000, 0.000000e+000
 1.371000e-001, 5.156991e+002, 2.662682e+003,-3.172450e+003, 1.731665e+001,-4.189122e+001,-1.018491e+002, 0.000000e+000, 0.000000e+000, 0.000000e+000, 0.000000e+000
 1.371500e-001, 4.523978e+002, 2.701985e+003,-3.148913e+003, 1.655590e+001,-4.311684e+001,-1.004596e+002, 0.000000e+000, 0.000000e+000, 0.000000e+000, 0.000000e+000
 1.372000e-001, 3.888788e+002, 2.740552e+003,-3.124154e+003, 1.578884e+001,-4.432851e+001,-9.903300e+001, 0.000000e+000, 0.000000e+000, 0.000000e+000, 0.000000e+000
 1.372500e-001, 3.252860e+002, 2.777934e+003,-3.098372e+003, 1.501526e+001,-4.552661e+001,-9.757087e+001, 0.000000e+000, 0.000000e+000, 0.000000e+000, 0.000000e+000
 1.373000e-001, 2.615245e+002, 2.814544e+003,-3.071405e+003, 1.423466e+001,-4.671091e+001,-9.607353e+001, 0.000000e+000, 0.000000e+000, 0.000000e+000, 0.000000e+000
 1.373500e-001, 1.977288e+002, 2.849951e+003,-3.043414e+003, 1.344696e+001,-4.788190e+001,-9.454263e+001, 0.000000e+000, 0.000000e+000, 0.000000e+000, 0.000000e+000
 1.374000e-001, 1.338168e+002, 2.884550e+003,-3.014278e+003, 1.265159e+001,-4.903924e+001,-9.297848e+001, 0.000000e+000, 0.000000e+000, 0.000000e+000, 0.000000e+000
 1.374500e-001, 6.990716e+001, 2.917935e+003,-2.984118e+003, 1.184857e+001,-5.018348e+001,-9.138277e+001, 0.000000e+000, 0.000000e+000, 0.000000e+000, 0.000000e+000
 1.375000e-001, 5.936643e+000, 2.950472e+003,-2.952854e+003, 1.103726e+001,-5.131419e+001,-8.975584e+001, 0.000000e+000, 0.000000e+000, 0.000000e+000, 0.000000e+000
 1.375500e-001,-5.799809e+001, 2.981786e+003,-2.920568e+003, 1.021783e+001,-5.243196e+001,-8.809940e+001, 0.000000e+000, 0.000000e+000, 0.000000e+000, 0.000000e+000
 1.376000e-001,-1.219352e+002, 3.012214e+003,-2.887221e+003, 9.389565e+000,-5.353630e+001,-8.641377e+001, 0.000000e+000, 0.000000e+000, 0.000000e+000, 0.000000e+000
 1.376500e-001,-1.858060e+002, 3.041414e+003,-2.852855e+003, 8.552778e+000,-5.462781e+001,-8.470068e+001, 0.000000e+000, 0.000000e+000, 0.000000e+000, 0.000000e+000
 1.377000e-001,-2.496181e+002, 3.069689e+003,-2.817473e+003, 7.706713e+000,-5.570592e+001,-8.296050e+001, 0.000000e+000, 0.000000e+000, 0.000000e+000, 0.000000e+000
 1.377500e-001,-3.133360e+002, 3.096732e+003,-2.781075e+003, 6.851801e+000,-5.677126e+001,-8.119492e+001, 0.000000e+000, 0.000000e+000, 0.000000e+000, 0.000000e+000
 1.378000e-001,-3.769319e+002, 3.122812e+003,-2.743708e+003, 5.987269e+000,-5.782319e+001,-7.940432e+001, 0.000000e+000, 0.000000e+000, 0.000000e+000, 0.000000e+000
 1.378500e-001,-4.404081e+002, 3.147660e+003,-2.705332e+003, 5.113669e+000,-5.886231e+001,-7.759038e+001, 0.000000e+000, 0.000000e+000, 0.000000e+000, 0.000000e+000
 1.379000e-001,-5.036974e+002, 3.171508e+003,-2.666031e+003, 4.230230e+000,-5.988795e+001,-7.575349e+001, 0.000000e+000, 0.000000e+000, 0.000000e+000, 0.000000e+000
 1.379500e-001,-5.668430e+002, 3.194125e+003,-2.625733e+003, 3.337609e+000,-6.090069e+001,-7.389528e+001, 0.000000e+000, 0.000000e+000, 0.000000e+000, 0.000000e+000
 1.380000e-001,-6.297362e+002, 3.215706e+003,-2.584555e+003, 2.435063e+000,-6.189980e+001,-7.201618e+001, 0.000000e+000, 0.000000e+000, 0.000000e+000, 0.000000e+000
 1.380500e-001,-6.924628e+002, 3.236059e+003,-2.542392e+003, 1.523340e+000,-6.288581e+001,-7.011775e+001, 0.000000e+000, 0.000000e+000, 0.000000e+000, 0.000000e+000
 1.381000e-001,-7.548710e+002, 3.255343e+003,-2.499396e+003, 6.017505e-001,-6.385798e+001,-6.820045e+001, 0.000000e+000, 0.000000e+000, 0.000000e+000, 0.000000e+000
 1.381500e-001,-8.170904e+002, 3.273401e+003,-2.455430e+003,-3.288882e-001,-6.481676e+001,-6.626575e+001, 0.000000e+000, 0.000000e+000, 0.000000e+000, 0.000000e+000
 1.382000e-001,-8.789260e+002, 3.290359e+003,-2.410677e+003,-1.269183e+000,-6.576140e+001,-6.431414e+001, 0.000000e+000, 0.000000e+000, 0.000000e+000, 0.000000e+000
 1.382500e-001,-9.405505e+002, 3.306096e+003,-2.364971e+003,-2.218268e+000,-6.669228e+001,-6.234702e+001, 0.000000e+000, 0.000000e+000, 0.000000e+000, 0.000000e+000
 1.383000e-001,-1.001727e+003, 3.320704e+003,-2.318523e+003,-3.176645e+000,-6.760864e+001,-6.036489e+001, 0.000000e+000, 0.000000e+000, 0.000000e+000, 0.000000e+000
 1.383500e-001,-1.062669e+003, 3.334096e+003,-2.271145e+003,-4.143418e+000,-6.851077e+001,-5.836905e+001, 0.000000e+000, 0.000000e+000, 0.000000e+000, 0.000000e+000
 1.384000e-001,-1.123102e+003, 3.346333e+003,-2.223068e+003,-5.118961e+000,-6.939788e+001,-5.636005e+001, 0.000000e+000, 0.000000e+000, 0.000000e+000, 0.000000e+000
 1.384500e-001,-1.183276e+003, 3.357360e+003,-2.174086e+003,-6.102371e+000,-7.027020e+001,-5.433905e+001, 0.000000e+000, 0.000000e+000, 0.000000e+000, 0.000000e+000
 1.385000e-001,-1.242880e+003, 3.367208e+003,-2.124449e+003,-7.093872e+000,-7.112695e+001,-5.230665e+001, 0.000000e+000, 0.000000e+000, 0.000000e+000, 0.000000e+000
 1.385500e-001,-1.302199e+003, 3.375852e+003,-2.073935e+003,-8.092573e+000,-7.196822e+001,-5.026387e+001, 0.000000e+000, 0.000000e+000, 0.000000e+000, 0.000000e+000
 1.386000e-001,-1.360893e+003, 3.383297e+003,-2.022807e+003,-9.098536e+000,-7.279327e+001,-4.821137e+001, 0.000000e+000, 0.000000e+000, 0.000000e+000, 0.000000e+000
 1.386500e-001,-1.419274e+003, 3.389544e+003,-1.970836e+003,-1.011090e+001,-7.360207e+001,-4.615003e+001, 0.000000e+000, 0.000000e+000, 0.000000e+000, 0.000000e+000
 1.387000e-001,-1.476975e+003, 3.394576e+003,-1.918289e+003,-1.112954e+001,-7.439388e+001,-4.408054e+001, 0.000000e+000, 0.000000e+000, 0.000000e+000, 0.000000e+000
 1.387500e-001,-1.534334e+003, 3.398416e+003,-1.864935e+003,-1.215365e+001,-7.516860e+001,-4.200365e+001, 0.000000e+000, 0.000000e+000, 0.000000e+000, 0.000000e+000
 1.388000e-001,-1.590965e+003, 3.401028e+003,-1.811045e+003,-1.318293e+001,-7.592548e+001,-3.992009e+001, 0.000000e+000, 0.000000e+000, 0.000000e+000, 0.000000e+000
 1.388500e-001,-1.647218e+003, 3.402453e+003,-1.756386e+003,-1.421661e+001,-7.666431e+001,-3.783047e+001, 0.000000e+000, 0.000000e+000, 0.000000e+000, 0.000000e+000
 1.389000e-001,-1.702700e+003, 3.402641e+003,-1.701228e+003,-1.525422e+001,-7.738438e+001,-3.573554e+001, 0.000000e+000, 0.000000e+000, 0.000000e+000, 0.000000e+000
 1.389500e-001,-1.757768e+003, 3.401647e+003,-1.645345e+003,-1.629505e+001,-7.808534e+001,-3.363581e+001, 0.000000e+000, 0.000000e+000, 0.000000e+000, 0.000000e+000
 1.390000e-001,-1.812025e+003, 3.399411e+003,-1.588997e+003,-1.733845e+001,-7.876652e+001,-3.153203e+001, 0.000000e+000, 0.000000e+000, 0.000000e+000, 0.000000e+000
 1.390500e-001,-1.865828e+003, 3.395998e+003,-1.531970e+003,-1.838378e+001,-7.942747e+001,-2.942460e+001, 0.000000e+000, 0.000000e+000, 0.000000e+000, 0.000000e+000
 1.391000e-001,-1.918785e+003, 3.391342e+003,-1.474512e+003,-1.943021e+001,-8.006754e+001,-2.731429e+001, 0.000000e+000, 0.000000e+000, 0.000000e+000, 0.000000e+000
 1.391500e-001,-1.971246e+003, 3.385513e+003,-1.416424e+003,-2.047719e+001,-8.068620e+001,-2.520139e+001, 0.000000e+000, 0.000000e+000, 0.000000e+000, 0.000000e+000
 1.392000e-001,-2.022830e+003, 3.378443e+003,-1.357939e+003,-2.152371e+001,-8.128279e+001,-2.308667e+001, 0.000000e+000, 0.000000e+000, 0.000000e+000, 0.000000e+000
 1.392500e-001,-2.073873e+003, 3.370205e+003,-1.298873e+003,-2.256929e+001,-8.185672e+001,-2.097032e+001, 0.000000e+000, 0.000000e+000, 0.000000e+000, 0.000000e+000
 1.393000e-001,-2.124013e+003, 3.360730e+003,-1.239443e+003,-2.361279e+001,-8.240733e+001,-1.885313e+001, 0.000000e+000, 0.000000e+000, 0.000000e+000, 0.000000e+000
 1.393500e-001,-2.173565e+003, 3.350094e+003,-1.179485e+003,-2.465380e+001,-8.293398e+001,-1.673519e+001, 0.000000e+000, 0.000000e+000, 0.000000e+000, 0.000000e+000
 1.394000e-001,-2.222192e+003, 3.338229e+003,-1.119195e+003,-2.569104e+001,-8.343602e+001,-1.461729e+001, 0.000000e+000, 0.000000e+000, 0.000000e+000, 0.000000e+000
 1.394500e-001,-2.270182e+003, 3.325208e+003,-1.058431e+003,-2.672416e+001,-8.391273e+001,-1.249947e+001, 0.000000e+000, 0.000000e+000, 0.000000e+000, 0.000000e+000
 1.395000e-001,-2.317227e+003, 3.310969e+003,-9.973675e+002,-2.775178e+001,-8.436351e+001,-1.038247e+001, 0.000000e+000, 0.000000e+000, 0.000000e+000, 0.000000e+000
 1.395500e-001,-2.363586e+003, 3.295582e+003,-9.358834e+002,-2.877362e+001,-8.478758e+001,-8.266298e+000, 0.000000e+000, 0.000000e+000, 0.000000e+000, 0.000000e+000
 1.396000e-001,-2.408985e+003, 3.278988e+003,-8.741338e+002,-2.978820e+001,-8.518434e+001,-6.151674e+000, 0.000000e+000, 0.000000e+000, 0.000000e+000, 0.000000e+000
 1.396500e-001,-2.453646e+003, 3.261257e+003,-8.120178e+002,-3.079528e+001,-8.555302e+001,-4.038583e+000, 0.000000e+000, 0.000000e+000, 0.000000e+000, 0.000000e+000
 1.397000e-001,-2.497334e+003, 3.242331e+003,-7.496703e+002,-3.179334e+001,-8.589297e+001,-1.927690e+000, 0.000000e+000, 0.000000e+000, 0.000000e+000, 0.000000e+000
 1.397500e-001,-2.540234e+003, 3.222280e+003,-6.870107e+002,-3.278217e+001,-8.620347e+001, 1.810108e-001, 0.000000e+000, 0.000000e+000, 0.000000e+000, 0.000000e+000
 1.398000e-001,-2.582150e+003, 3.201050e+003,-6.241548e+002,-3.376023e+001,-8.648386e+001, 2.286911e+000, 0.000000e+000, 0.000000e+000, 0.000000e+000, 0.000000e+000
 1.398500e-001,-2.623228e+003, 3.178707e+003,-5.610401e+002,-3.472732e+001,-8.673341e+001, 4.389995e+000, 0.000000e+000, 0.000000e+000, 0.000000e+000, 0.000000e+000
 1.399000e-001,-2.663313e+003, 3.155202e+003,-4.977661e+002,-3.568190e+001,-8.695148e+001, 6.489715e+000, 0.000000e+000, 0.000000e+000, 0.000000e+000, 0.000000e+000
 1.399500e-001,-2.702510e+003, 3.130599e+003,-4.342854e+002,-3.662378e+001,-8.713737e+001, 8.586014e+000, 0.000000e+000, 0.000000e+000, 0.000000e+000, 0.000000e+000
 1.400000e-001,-2.740706e+003, 3.104852e+003,-3.706842e+002,-3.755146e+001,-8.729044e+001, 1.067841e+001, 0.000000e+000, 0.000000e+000, 0.000000e+000, 0.000000e+000
 1.400500e-001,-2.777967e+003, 3.078025e+003,-3.069268e+002,-3.846472e+001,-8.741005e+001, 1.276680e+001, 0.000000e+000, 0.000000e+000, 0.000000e+000, 0.000000e+000
 1.401000e-001,-2.814219e+003, 3.050073e+003,-2.430897e+002,-3.936213e+001,-8.749555e+001, 1.485075e+001, 0.000000e+000, 0.000000e+000, 0.000000e+000, 0.000000e+000
 1.401500e-001,-2.849492e+003, 3.021060e+003,-1.791453e+002,-4.024346e+001,-8.754636e+001, 1.693011e+001, 0.000000e+000, 0.000000e+000, 0.000000e+000, 0.000000e+000
 1.402000e-001,-2.883747e+003, 2.990942e+003,-1.151641e+002,-4.110734e+001,-8.756184e+001, 1.900451e+001, 0.000000e+000, 0.000000e+000, 0.000000e+000, 0.000000e+000
 1.402500e-001,-2.916982e+003, 2.959784e+003,-5.112211e+001,-4.195354e+001,-8.754148e+001, 2.107370e+001, 0.000000e+000, 0.000000e+000, 0.000000e+000, 0.000000e+000
 1.403000e-001,-2.949191e+003, 2.927543e+003, 1.291127e+001,-4.278076e+001,-8.748469e+001, 2.313740e+001, 0.000000e+000, 0.000000e+000, 0.000000e+000, 0.000000e+000
 1.403500e-001,-2.980341e+003, 2.894287e+003, 7.696116e+001,-4.358876e+001,-8.739099e+001, 2.519526e+001, 0.000000e+000, 0.000000e+000, 0.000000e+000, 0.000000e+000
 1.404000e-001,-3.010457e+003, 2.859969e+003, 1.409548e+002,-4.437634e+001,-8.725985e+001, 2.724706e+001, 0.000000e+000, 0.000000e+000, 0.000000e+000, 0.000000e+000
 1.404500e-001,-3.039478e+003, 2.824661e+003, 2.049231e+002,-4.514325e+001,-8.709087e+001, 2.929237e+001, 0.000000e+000, 0.000000e+000, 0.000000e+000, 0.000000e+000
 1.405000e-001,-3.067457e+003, 2.788315e+003, 2.687852e+002,-4.588838e+001,-8.688355e+001, 3.133102e+001, 0.000000e+000, 0.000000e+000, 0.000000e+000, 0.000000e+000
 1.405500e-001,-3.094308e+003, 2.751007e+003, 3.325825e+002,-4.661147e+001,-8.663760e+001, 3.336247e+001, 0.000000e+000, 0.000000e+000, 0.000000e+000, 0.000000e+000
 1.406000e-001,-3.120109e+003, 2.712685e+003, 3.962218e+002,-4.731154e+001,-8.635256e+001, 3.538661e+001, 0.000000e+000, 0.000000e+000, 0.000000e+000, 0.000000e+000
 1.406500e-001,-3.144753e+003, 2.673431e+003, 4.597588e+002,-4.798832e+001,-8.602822e+001, 3.740280e+001, 0.000000e+000, 0.000000e+000, 0.000000e+000, 0.000000e+000
 1.407000e-001,-3.168337e+003, 2.633187e+003, 5.230844e+002,-4.864093e+001,-8.566422e+001, 3.941097e+001, 0.000000e+000, 0.000000e+000, 0.000000e+000, 0.000000e+000
 1.407500e-001,-3.190739e+003, 2.592044e+003, 5.862723e+002,-4.926911e+001,-8.526041e+001, 4.141039e+001, 0.000000e+000, 0.000000e+000, 0.000000e+000, 0.000000e+000
 1.408000e-001,-3.212072e+003, 2.549938e+003, 6.491938e+002,-4.987209e+001,-8.481651e+001, 4.340099e+001, 0.000000e+000, 0.000000e+000, 0.000000e+000, 0.000000e+000
 1.408500e-001,-3.232199e+003, 2.506965e+003, 7.119442e+002,-5.044963e+001,-8.433249e+001, 4.538199e+001, 0.000000e+000, 0.000000e+000, 0.000000e+000, 0.000000e+000
 1.409000e-001,-3.251250e+003, 2.463055e+003, 7.743724e+002,-5.100106e+001,-8.380814e+001, 4.735331e+001, 0.000000e+000, 0.000000e+000, 0.000000e+000, 0.000000e+000
 1.409500e-001,-3.269074e+003, 2.418315e+003, 8.365972e+002,-5.152618e+001,-8.324353e+001, 4.931409e+001, 0.000000e+000, 0.000000e+000, 0.000000e+000, 0.000000e+000
 1.410000e-001,-3.285814e+003, 2.372666e+003, 8.984435e+002,-5.202440e+001,-8.263854e+001, 5.126425e+001, 0.000000e+000, 0.000000e+000, 0.000000e+000, 0.000000e+000
 1.410500e-001,-3.301309e+003, 2.326222e+003, 9.600553e+002,-5.249557e+001,-8.199333e+001, 5.320287e+001, 0.000000e+000, 0.000000e+000, 0.000000e+000, 0.000000e+000
 1.411000e-001,-3.315713e+003, 2.278900e+003, 1.021232e+003,-5.293919e+001,-8.130791e+001, 5.512985e+001, 0.000000e+000, 0.000000e+000, 0.000000e+000, 0.000000e+000
 1.411500e-001,-3.328856e+003, 2.230820e+003, 1.082144e+003,-5.335518e+001,-8.058251e+001, 5.704421e+001, 0.000000e+000, 0.000000e+000, 0.000000e+000, 0.000000e+000
 1.412000e-001,-3.340905e+003, 2.181894e+003, 1.142566e+003,-5.374310e+001,-7.981727e+001, 5.894581e+001, 0.000000e+000, 0.000000e+000, 0.000000e+000, 0.000000e+000
 1.412500e-001,-3.351676e+003, 2.132246e+003, 1.202692e+003,-5.410294e+001,-7.901248e+001, 6.083365e+001, 0.000000e+000, 0.000000e+000, 0.000000e+000, 0.000000e+000
 1.413000e-001,-3.361351e+003, 2.081787e+003, 1.262274e+003,-5.443433e+001,-7.816843e+001, 6.270752e+001, 0.000000e+000, 0.000000e+000, 0.000000e+000, 0.000000e+000
 1.413500e-001,-3.369734e+003, 2.030642e+003, 1.321529e+003,-5.473736e+001,-7.728548e+001, 6.456641e+001, 0.000000e+000, 0.000000e+000, 0.000000e+000, 0.000000e+000
 1.414000e-001,-3.377020e+003, 1.978723e+003, 1.380187e+003,-5.501170e+001,-7.636404e+001, 6.641004e+001, 0.000000e+000, 0.000000e+000, 0.000000e+000, 0.000000e+000
 1.414500e-001,-3.383003e+003, 1.926156e+003, 1.438487e+003,-5.525754e+001,-7.540458e+001, 6.823741e+001, 0.000000e+000, 0.000000e+000, 0.000000e+000, 0.000000e+000
 1.415000e-001,-3.387890e+003, 1.872852e+003, 1.496139e+003,-5.547461e+001,-7.440760e+001, 7.004813e+001, 0.000000e+000, 0.000000e+000, 0.000000e+000, 0.000000e+000
 1.415500e-001,-3.391462e+003, 1.818937e+003, 1.553401e+003,-5.566318e+001,-7.337365e+001, 7.184122e+001, 0.000000e+000, 0.000000e+000, 0.000000e+000, 0.000000e+000
 1.416000e-001,-3.393943e+003, 1.764325e+003, 1.609968e+003,-5.582303e+001,-7.230338e+001, 7.361622e+001, 0.000000e+000, 0.000000e+000, 0.000000e+000, 0.000000e+000
 1.416500e-001,-3.395098e+003, 1.709141e+003, 1.666110e+003,-5.595456e+001,-7.119737e+001, 7.537217e+001, 0.000000e+000, 0.000000e+000, 0.000000e+000, 0.000000e+000
 1.417000e-001,-3.395169e+003, 1.653300e+003, 1.721513e+003,-5.605755e+001,-7.005642e+001, 7.710847e+001, 0.000000e+000, 0.000000e+000, 0.000000e+000, 0.000000e+000
 1.417500e-001,-3.393903e+003, 1.596925e+003, 1.776455e+003,-5.613253e+001,-6.888120e+001, 7.882426e+001, 0.000000e+000, 0.000000e+000, 0.000000e+000, 0.000000e+000
 1.418000e-001,-3.391565e+003, 1.539936e+003, 1.830616e+003,-5.617932e+001,-6.767257e+001, 8.051881e+001, 0.000000e+000, 0.000000e+000, 0.000000e+000, 0.000000e+000
 1.418500e-001,-3.387879e+003, 1.482451e+003, 1.884280e+003,-5.619853e+001,-6.643128e+001, 8.219129e+001, 0.000000e+000, 0.000000e+000, 0.000000e+000, 0.000000e+000
 1.419000e-001,-3.383134e+003, 1.424396e+003, 1.937125e+003,-5.619004e+001,-6.515833e+001, 8.384087e+001, 0.000000e+000, 0.000000e+000, 0.000000e+000, 0.000000e+000
 1.419500e-001,-3.377031e+003, 1.365883e+003, 1.989433e+003,-5.615455e+001,-6.385450e+001, 8.546683e+001, 0.000000e+000, 0.000000e+000, 0.000000e+000, 0.000000e+000
 1.420000e-001,-3.369886e+003, 1.306846e+003, 2.040889e+003,-5.609198e+001,-6.252087e+001, 8.706816e+001, 0.000000e+000, 0.000000e+000, 0.000000e+000, 0.000000e+000
 1.420500e-001,-3.361375e+003, 1.247389e+003, 2.091766e+003,-5.600312e+001,-6.115831e+001, 8.864423e+001, 0.000000e+000, 0.000000e+000, 0.000000e+000, 0.000000e+000
 1.421000e-001,-3.351840e+003, 1.187454e+003, 2.141761e+003,-5.588792e+001,-5.976796e+001, 9.019395e+001, 0.000000e+000, 0.000000e+000, 0.000000e+000, 0.000000e+000
 1.421500e-001,-3.340932e+003, 1.127139e+003, 2.191135e+003,-5.574725e+001,-5.835076e+001, 9.171676e+001, 0.000000e+000, 0.000000e+000, 0.000000e+000, 0.000000e+000
 1.422000e-001,-3.329020e+003, 1.066391e+003, 2.239600e+003,-5.558112e+001,-5.690789e+001, 9.321143e+001, 0.000000e+000, 0.000000e+000, 0.000000e+000, 0.000000e+000
 1.422500e-001,-3.315728e+003, 1.005304e+003, 2.287398e+003,-5.539046e+001,-5.544035e+001, 9.467752e+001, 0.000000e+000, 0.000000e+000, 0.000000e+000, 0.000000e+000
 1.423000e-001,-3.301456e+003, 9.438301e+002, 2.334267e+003,-5.517533e+001,-5.394938e+001, 9.611371e+001, 0.000000e+000, 0.000000e+000, 0.000000e+000, 0.000000e+000
 1.423500e-001,-3.285800e+003, 8.820582e+002, 2.380421e+003,-5.493670e+001,-5.243603e+001, 9.751960e+001, 0.000000e+000, 0.000000e+000, 0.000000e+000, 0.000000e+000
 1.424000e-001,-3.269187e+003, 8.199462e+002, 2.425627e+003,-5.467469e+001,-5.090154e+001, 9.889381e+001, 0.000000e+000, 0.000000e+000, 0.000000e+000, 0.000000e+000
 1.424500e-001,-3.251189e+003, 7.575783e+002, 2.470071e+003,-5.439029e+001,-4.934703e+001, 1.002360e+002, 0.000000e+000, 0.000000e+000, 0.000000e+000, 0.000000e+000
 1.425000e-001,-3.232257e+003, 6.949157e+002, 2.513553e+003,-5.408371e+001,-4.777374e+001, 1.015448e+002, 0.000000e+000, 0.000000e+000, 0.000000e+000, 0.000000e+000
 1.425500e-001,-3.211943e+003, 6.320411e+002, 2.556223e+003,-5.375593e+001,-4.618286e+001, 1.028199e+002, 0.000000e+000, 0.000000e+000, 0.000000e+000, 0.000000e+000
 1.426000e-001,-3.190719e+003, 5.689164e+002, 2.597919e+003,-5.340725e+001,-4.457558e+001, 1.040598e+002, 0.000000e+000, 0.000000e+000, 0.000000e+000, 0.000000e+000
 1.426500e-001,-3.168117e+003, 5.056252e+002, 2.638753e+003,-5.303861e+001,-4.295315e+001, 1.052644e+002, 0.000000e+000, 0.000000e+000, 0.000000e+000, 0.000000e+000
 1.427000e-001,-3.144630e+003, 4.421274e+002, 2.678605e+003,-5.265042e+001,-4.131673e+001, 1.064320e+002, 0.000000e+000, 0.000000e+000, 0.000000e+000, 0.000000e+000
 1.427500e-001,-3.119775e+003, 3.785102e+002, 2.717546e+003,-5.224356e+001,-3.966761e+001, 1.075627e+002, 0.000000e+000, 0.000000e+000, 0.000000e+000, 0.000000e+000
 1.428000e-001,-3.094057e+003, 3.147284e+002, 2.755497e+003,-5.181856e+001,-3.800689e+001, 1.086548e+002, 0.000000e+000, 0.000000e+000, 0.000000e+000, 0.000000e+000
 1.428500e-001,-3.066983e+003, 2.508761e+002, 2.792489e+003,-5.137621e+001,-3.633593e+001, 1.097083e+002, 0.000000e+000, 0.000000e+000, 0.000000e+000, 0.000000e+000
 1.429000e-001,-3.039069e+003, 1.868998e+002, 2.828486e+003,-5.091716e+001,-3.465573e+001, 1.107217e+002, 0.000000e+000, 0.000000e+000, 0.000000e+000, 0.000000e+000
 1.429500e-001,-3.009819e+003, 1.229037e+002, 2.863476e+003,-5.044210e+001,-3.296767e+001, 1.116949e+002, 0.000000e+000, 0.000000e+000, 0.000000e+000, 0.000000e+000
 1.430000e-001,-2.979746e+003, 5.882248e+001, 2.897468e+003,-4.995180e+001,-3.127271e+001, 1.126264e+002, 0.000000e+000, 0.000000e+000, 0.000000e+000, 0.000000e+000
 1.430500e-001,-2.948361e+003,-5.226110e+000, 2.930406e+003,-4.944685e+001,-2.957225e+001, 1.135163e+002, 0.000000e+000, 0.000000e+000, 0.000000e+000, 0.000000e+000
 1.431000e-001,-2.916173e+003,-6.932270e+001, 2.962344e+003,-4.892812e+001,-2.786712e+001, 1.143631e+002, 0.000000e+000, 0.000000e+000, 0.000000e+000, 0.000000e+000
 1.431500e-001,-2.882700e+003,-1.333326e+002, 2.993184e+003,-4.839606e+001,-2.615876e+001, 1.151668e+002, 0.000000e+000, 0.000000e+000, 0.000000e+000, 0.000000e+000
 1.432000e-001,-2.848439e+003,-1.973549e+002, 3.023021e+003,-4.785168e+001,-2.444791e+001, 1.159261e+002, 0.000000e+000, 0.000000e+000, 0.000000e+000, 0.000000e+000
 1.432500e-001,-2.812927e+003,-2.612350e+002, 3.051719e+003,-4.729528e+001,-2.273600e+001, 1.166409e+002, 0.000000e+000, 0.000000e+000, 0.000000e+000, 0.000000e+000
 1.433000e-001,-2.776642e+003,-3.250936e+002, 3.079414e+003,-4.672798e+001,-2.102367e+001, 1.173101e+002, 0.000000e+000, 0.000000e+000, 0.000000e+000, 0.000000e+000
 1.433500e-001,-2.739145e+003,-3.887533e+002, 3.105930e+003,-4.614994e+001,-1.931234e+001, 1.179336e+002, 0.000000e+000, 0.000000e+000, 0.000000e+000, 0.000000e+000
 1.434000e-001,-2.700885e+003,-4.523590e+002, 3.131440e+003,-4.556234e+001,-1.760256e+001, 1.185104e+002, 0.000000e+000, 0.000000e+000, 0.000000e+000, 0.000000e+000
 1.434500e-001,-2.661457e+003,-5.157081e+002, 3.155738e+003,-4.496524e+001,-1.589571e+001, 1.190403e+002, 0.000000e+000, 0.000000e+000, 0.000000e+000, 0.000000e+000
 1.435000e-001,-2.621276e+003,-5.789719e+002, 3.179026e+003,-4.435989e+001,-1.419226e+001, 1.195224e+002, 0.000000e+000, 0.000000e+000, 0.000000e+000, 0.000000e+000
 1.435500e-001,-2.579976e+003,-6.419209e+002, 3.201071e+003,-4.374617e+001,-1.249354e+001, 1.199568e+002, 0.000000e+000, 0.000000e+000, 0.000000e+000, 0.000000e+000
 1.436000e-001,-2.537931e+003,-7.047542e+002, 3.222102e+003,-4.312542e+001,-1.079991e+001, 1.203424e+002, 0.000000e+000, 0.000000e+000, 0.000000e+000, 0.000000e+000
 1.436500e-001,-2.494819e+003,-7.672145e+002, 3.241865e+003,-4.249739e+001,-9.112672e+000, 1.206794e+002, 0.000000e+000, 0.000000e+000, 0.000000e+000, 0.000000e+000
 1.437000e-001,-2.450969e+003,-8.295292e+002, 3.260607e+003,-4.186345e+001,-7.432106e+000, 1.209669e+002, 0.000000e+000, 0.000000e+000, 0.000000e+000, 0.000000e+000
 1.437500e-001,-2.406108e+003,-8.914130e+002, 3.278059e+003,-4.122321e+001,-5.759417e+000, 1.212050e+002, 0.000000e+000, 0.000000e+000, 0.000000e+000, 0.000000e+000
 1.438000e-001,-2.360515e+003,-9.531214e+002, 3.294486e+003,-4.057806e+001,-4.094833e+000, 1.213931e+002, 0.000000e+000, 0.000000e+000, 0.000000e+000, 0.000000e+000
 1.438500e-001,-2.313971e+003,-1.014342e+003, 3.309603e+003,-3.992752e+001,-2.439461e+000, 1.215311e+002, 0.000000e+000, 0.000000e+000, 0.000000e+000, 0.000000e+000
 1.439000e-001,-2.266700e+003,-1.075357e+003, 3.323688e+003,-3.927294e+001,-7.934811e-001, 1.216186e+002, 0.000000e+000, 0.000000e+000, 0.000000e+000, 0.000000e+000
 1.439500e-001,-2.218541e+003,-1.135829e+003, 3.336449e+003,-3.861377e+001, 8.421130e-001, 1.216556e+002, 0.000000e+000, 0.000000e+000, 0.000000e+000, 0.000000e+000
 1.440000e-001,-2.169660e+003,-1.196065e+003, 3.348170e+003,-3.795130e+001, 2.467176e+000, 1.216419e+002, 0.000000e+000, 0.000000e+000, 0.000000e+000, 0.000000e+000
 1.440500e-001,-2.119954e+003,-1.255704e+003, 3.358559e+003,-3.728492e+001, 4.080840e+000, 1.215772e+002, 0.000000e+000, 0.000000e+000, 0.000000e+000, 0.000000e+000
 1.441000e-001,-2.069534e+003,-1.315075e+003, 3.367898e+003,-3.661585e+001, 5.682978e+000, 1.214617e+002, 0.000000e+000, 0.000000e+000, 0.000000e+000, 0.000000e+000
 1.441500e-001,-2.018354e+003,-1.373798e+003, 3.375899e+003,-3.594342e+001, 7.272861e+000, 1.212952e+002, 0.000000e+000, 0.000000e+000, 0.000000e+000, 0.000000e+000
 1.442000e-001,-1.966467e+003,-1.432220e+003, 3.382842e+003,-3.526878e+001, 8.850367e+000, 1.210778e+002, 0.000000e+000, 0.000000e+000, 0.000000e+000, 0.000000e+000
 1.442500e-001,-1.913885e+003,-1.489946e+003, 3.388444e+003,-3.459121e+001, 1.041492e+001, 1.208094e+002, 0.000000e+000, 0.000000e+000, 0.000000e+000, 0.000000e+000
 1.443000e-001,-1.860608e+003,-1.547336e+003, 3.392978e+003,-3.391175e+001, 1.196637e+001, 1.204903e+002, 0.000000e+000, 0.000000e+000, 0.000000e+000, 0.000000e+000
 1.443500e-001,-1.806698e+003,-1.603984e+003, 3.396175e+003,-3.322968e+001, 1.350432e+001, 1.201204e+002, 0.000000e+000, 0.000000e+000, 0.000000e+000, 0.000000e+000
 1.444000e-001,-1.752108e+003,-1.660260e+003, 3.398292e+003,-3.254589e+001, 1.502859e+001, 1.197001e+002, 0.000000e+000, 0.000000e+000, 0.000000e+000, 0.000000e+000
 1.444500e-001,-1.696948e+003,-1.715752e+003, 3.399079e+003,-3.185968e+001, 1.653893e+001, 1.192294e+002, 0.000000e+000, 0.000000e+000, 0.000000e+000, 0.000000e+000
 1.445000e-001,-1.641125e+003,-1.770833e+003, 3.398775e+003,-3.117179e+001, 1.803513e+001, 1.187088e+002, 0.000000e+000, 0.000000e+000, 0.000000e+000, 0.000000e+000
 1.445500e-001,-1.584793e+003,-1.825093e+003, 3.397150e+003,-3.048154e+001, 1.951711e+001, 1.181382e+002, 0.000000e+000, 0.000000e+000, 0.000000e+000, 0.000000e+000
 1.446000e-001,-1.527818e+003,-1.878901e+003, 3.394424e+003,-2.978953e+001, 2.098461e+001, 1.175184e+002, 0.000000e+000, 0.000000e+000, 0.000000e+000, 0.000000e+000
 1.446500e-001,-1.470393e+003,-1.931854e+003, 3.390390e+003,-2.909509e+001, 2.243771e+001, 1.168494e+002, 0.000000e+000, 0.000000e+000, 0.000000e+000, 0.000000e+000
 1.447000e-001,-1.412350e+003,-1.984310e+003, 3.385245e+003,-2.839867e+001, 2.387609e+001, 1.161319e+002, 0.000000e+000, 0.000000e+000, 0.000000e+000, 0.000000e+000
 1.447500e-001,-1.353914e+003,-2.035882e+003, 3.378807e+003,-2.769967e+001, 2.530001e+001, 1.153661e+002, 0.000000e+000, 0.000000e+000, 0.000000e+000, 0.000000e+000
 1.448000e-001,-1.294887e+003,-2.086912e+003, 3.371249e+003,-2.699834e+001, 2.670905e+001, 1.145527e+002, 0.000000e+000, 0.000000e+000, 0.000000e+000, 0.000000e+000
 1.448500e-001,-1.235521e+003,-2.137033e+003, 3.362416e+003,-2.629416e+001, 2.810364e+001, 1.136920e+002, 0.000000e+000, 0.000000e+000, 0.000000e+000, 0.000000e+000
 1.449000e-001,-1.175598e+003,-2.186562e+003, 3.352455e+003,-2.558722e+001, 2.948330e+001, 1.127849e+002, 0.000000e+000, 0.000000e+000, 0.000000e+000, 0.000000e+000
 1.449500e-001,-1.115386e+003,-2.235163e+003, 3.341240e+003,-2.487706e+001, 3.084859e+001, 1.118316e+002, 0.000000e+000, 0.000000e+000, 0.000000e+000, 0.000000e+000
 1.450000e-001,-1.054653e+003,-2.283119e+003, 3.328889e+003,-2.416363e+001, 3.219896e+001, 1.108332e+002, 0.000000e+000, 0.000000e+000, 0.000000e+000, 0.000000e+000
 1.450500e-001,-9.936796e+002,-2.330132e+003, 3.315306e+003,-2.344652e+001, 3.353512e+001, 1.097898e+002, 0.000000e+000, 0.000000e+000, 0.000000e+000, 0.000000e+000
 1.451000e-001,-9.322249e+002,-2.376447e+003, 3.300582e+003,-2.272555e+001, 3.485642e+001, 1.087027e+002, 0.000000e+000, 0.000000e+000, 0.000000e+000, 0.000000e+000
 1.451500e-001,-8.705762e+002,-2.421807e+003, 3.284651e+003,-2.200039e+001, 3.616370e+001, 1.075721e+002, 0.000000e+000, 0.000000e+000, 0.000000e+000, 0.000000e+000
 1.452000e-001,-8.084893e+002,-2.466414e+003, 3.267575e+003,-2.127073e+001, 3.745625e+001, 1.063993e+002, 0.000000e+000, 0.000000e+000, 0.000000e+000, 0.000000e+000
 1.452500e-001,-7.462519e+002,-2.510058e+003, 3.249317e+003,-2.053629e+001, 3.873500e+001, 1.051845e+002, 0.000000e+000, 0.000000e+000, 0.000000e+000, 0.000000e+000
 1.453000e-001,-6.836223e+002,-2.552891e+003, 3.229914e+003,-1.979669e+001, 3.999916e+001, 1.039292e+002, 0.000000e+000, 0.000000e+000, 0.000000e+000, 0.000000e+000
 1.453500e-001,-6.208840e+002,-2.594758e+003, 3.209354e+003,-1.905169e+001, 4.124976e+001, 1.026336e+002, 0.000000e+000, 0.000000e+000, 0.000000e+000, 0.000000e+000
 1.454000e-001,-5.578018e+002,-2.635757e+003, 3.187650e+003,-1.830084e+001, 4.248596e+001, 1.012991e+002, 0.000000e+000, 0.000000e+000, 0.000000e+000, 0.000000e+000
 1.454500e-001,-4.946510e+002,-2.675788e+003, 3.164819e+003,-1.754397e+001, 4.370884e+001, 9.992616e+001, 0.000000e+000, 0.000000e+000, 0.000000e+000, 0.000000e+000
 1.455000e-001,-4.312068e+002,-2.714893e+003, 3.140844e+003,-1.678056e+001, 4.491749e+001, 9.851614e+001, 0.000000e+000, 0.000000e+000, 0.000000e+000, 0.000000e+000
 1.455500e-001,-3.677327e+002,-2.753032e+003, 3.115772e+003,-1.601048e+001, 4.611306e+001, 9.706953e+001, 0.000000e+000, 0.000000e+000, 0.000000e+000, 0.000000e+000
 1.456000e-001,-3.040168e+002,-2.790186e+003, 3.089562e+003,-1.523320e+001, 4.729459e+001, 9.558774e+001, 0.000000e+000, 0.000000e+000, 0.000000e+000, 0.000000e+000
 1.456500e-001,-2.403093e+002,-2.826379e+003, 3.062285e+003,-1.444864e+001, 4.846323e+001, 9.407130e+001, 0.000000e+000, 0.000000e+000, 0.000000e+000, 0.000000e+000
 1.457000e-001,-1.764123e+002,-2.861530e+003, 3.033876e+003,-1.365626e+001, 4.961802e+001, 9.252163e+001, 0.000000e+000, 0.000000e+000, 0.000000e+000, 0.000000e+000
 1.457500e-001,-1.125617e+002,-2.895725e+003, 3.004432e+003,-1.285601e+001, 5.076009e+001, 9.093934e+001, 0.000000e+000, 0.000000e+000, 0.000000e+000, 0.000000e+000
 1.458000e-001,-4.857393e+001,-2.928821e+003, 2.973865e+003,-1.204737e+001, 5.188845e+001, 8.932580e+001, 0.000000e+000, 0.000000e+000, 0.000000e+000, 0.000000e+000
 1.458500e-001, 1.532927e+001,-2.960970e+003, 2.942296e+003,-1.123032e+001, 5.300423e+001, 8.768169e+001, 0.000000e+000, 0.000000e+000, 0.000000e+000, 0.000000e+000
 1.459000e-001, 7.931752e+001,-2.991964e+003, 2.909615e+003,-1.040440e+001, 5.410641e+001, 8.600838e+001, 0.000000e+000, 0.000000e+000, 0.000000e+000, 0.000000e+000
 1.459500e-001, 1.431826e+002,-3.022021e+003, 2.875965e+003,-9.569608e+000, 5.519608e+001, 8.430659e+001, 0.000000e+000, 0.000000e+000, 0.000000e+000, 0.000000e+000
 1.460000e-001, 2.070814e+002,-3.050869e+003, 2.841218e+003,-8.725543e+000, 5.627223e+001, 8.257765e+001, 0.000000e+000, 0.000000e+000, 0.000000e+000, 0.000000e+000
 1.460500e-001, 2.708176e+002,-3.078788e+003, 2.805535e+003,-7.872220e+000, 5.733587e+001, 8.082231e+001, 0.000000e+000, 0.000000e+000, 0.000000e+000, 0.000000e+000
 1.461000e-001, 3.345375e+002,-3.105450e+003, 2.768771e+003,-7.009332e+000, 5.838601e+001, 7.904190e+001, 0.000000e+000, 0.000000e+000, 0.000000e+000, 0.000000e+000
 1.461500e-001, 3.980543e+002,-3.131191e+003, 2.731105e+003,-6.136905e+000, 5.942358e+001, 7.723719e+001, 0.000000e+000, 0.000000e+000, 0.000000e+000, 0.000000e+000
 1.462000e-001, 4.615060e+002,-3.155628e+003, 2.692377e+003,-5.254731e+000, 6.044761e+001, 7.540946e+001, 0.000000e+000, 0.000000e+000, 0.000000e+000, 0.000000e+000
 1.462500e-001, 5.247133e+002,-3.179154e+003, 2.652782e+003,-4.362852e+000, 6.145892e+001, 7.355950e+001, 0.000000e+000, 0.000000e+000, 0.000000e+000, 0.000000e+000
 1.463000e-001, 5.878082e+002,-3.201332e+003, 2.612147e+003,-3.461168e+000, 6.245660e+001, 7.168855e+001, 0.000000e+000, 0.000000e+000, 0.000000e+000, 0.000000e+000
 1.463500e-001, 6.506161e+002,-3.222606e+003, 2.570679e+003,-2.549739e+000, 6.344132e+001, 6.979743e+001, 0.000000e+000, 0.000000e+000, 0.000000e+000, 0.000000e+000
 1.464000e-001, 7.132663e+002,-3.242495e+003, 2.528194e+003,-1.628577e+000, 6.441222e+001, 6.788731e+001, 0.000000e+000, 0.000000e+000, 0.000000e+000, 0.000000e+000
 1.464500e-001, 7.755858e+002,-3.261485e+003, 2.484912e+003,-6.977670e-001, 6.536985e+001, 6.595903e+001, 0.000000e+000, 0.000000e+000, 0.000000e+000, 0.000000e+000
 1.465000e-001, 8.377038e+002,-3.279056e+003, 2.440640e+003, 2.425684e-001, 6.631341e+001, 6.401369e+001, 0.000000e+000, 0.000000e+000, 0.000000e+000, 0.000000e+000
 1.465500e-001, 8.994467e+002,-3.295734e+003, 2.395605e+003, 1.192311e+000, 6.724329e+001, 6.205213e+001, 0.000000e+000, 0.000000e+000, 0.000000e+000, 0.000000e+000
 1.466000e-001, 9.609457e+002,-3.310963e+003, 2.349610e+003, 2.151232e+000, 6.815874e+001, 6.007539e+001, 0.000000e+000, 0.000000e+000, 0.000000e+000, 0.000000e+000
 1.466500e-001, 1.022025e+003,-3.325302e+003, 2.302887e+003, 3.119169e+000, 6.906001e+001, 5.808433e+001, 0.000000e+000, 0.000000e+000, 0.000000e+000, 0.000000e+000
 1.467000e-001, 1.082819e+003,-3.338168e+003, 2.255236e+003, 4.095799e+000, 6.994641e+001, 5.607988e+001, 0.000000e+000, 0.000000e+000, 0.000000e+000, 0.000000e+000
 1.467500e-001, 1.143148e+003,-3.350145e+003, 2.206890e+003, 5.080904e+000, 7.081803e+001, 5.406293e+001, 0.000000e+000, 0.000000e+000, 0.000000e+000, 0.000000e+000
 1.468000e-001, 1.203151e+003,-3.360631e+003, 2.157651e+003, 6.074073e+000, 7.167428e+001, 5.203432e+001, 0.000000e+000, 0.000000e+000, 0.000000e+000, 0.000000e+000
 1.468500e-001, 1.262646e+003,-3.370227e+003, 2.107752e+003, 7.075024e+000, 7.251503e+001, 4.999492e+001, 0.000000e+000, 0.000000e+000, 0.000000e+000, 0.000000e+000
 1.469000e-001, 1.321775e+003,-3.378319e+003, 2.056997e+003, 8.083277e+000, 7.333978e+001, 4.794550e+001, 0.000000e+000, 0.000000e+000, 0.000000e+000, 0.000000e+000
 1.469500e-001, 1.380351e+003,-3.385517e+003, 2.005617e+003, 9.098466e+000, 7.414825e+001, 4.588693e+001, 0.000000e+000, 0.000000e+000, 0.000000e+000, 0.000000e+000
 1.470000e-001, 1.438523e+003,-3.391204e+003, 1.953419e+003, 1.012006e+001, 7.494003e+001, 4.381986e+001, 0.000000e+000, 0.000000e+000, 0.000000e+000, 0.000000e+000
 1.470500e-001, 1.496098e+003,-3.395992e+003, 1.900629e+003, 1.114761e+001, 7.571462e+001, 4.174519e+001, 0.000000e+000, 0.000000e+000, 0.000000e+000, 0.000000e+000
 1.471000e-001, 1.553230e+003,-3.399267e+003, 1.847065e+003, 1.218054e+001, 7.647171e+001, 3.966347e+001, 0.000000e+000, 0.000000e+000, 0.000000e+000, 0.000000e+000
 1.471500e-001, 1.609725e+003,-3.401635e+003, 1.792941e+003, 1.321829e+001, 7.721065e+001, 3.757558e+001, 0.000000e+000, 0.000000e+000, 0.000000e+000, 0.000000e+000
 1.472000e-001, 1.665736e+003,-3.402494e+003, 1.738088e+003, 1.426029e+001, 7.793120e+001, 3.548196e+001, 0.000000e+000, 0.000000e+000, 0.000000e+000, 0.000000e+000
 1.472500e-001, 1.721071e+003,-3.402436e+003, 1.682707e+003, 1.530585e+001, 7.863253e+001, 3.338353e+001, 0.000000e+000, 0.000000e+000, 0.000000e+000, 0.000000e+000
 1.473000e-001, 1.775881e+003,-3.400879e+003, 1.626645e+003, 1.635441e+001, 7.931450e+001, 3.128060e+001, 0.000000e+000, 0.000000e+000, 0.000000e+000, 0.000000e+000
 1.473500e-001, 1.829981e+003,-3.398393e+003, 1.570085e+003, 1.740517e+001, 7.997610e+001, 2.917408e+001, 0.000000e+000, 0.000000e+000, 0.000000e+000, 0.000000e+000
 1.474000e-001, 1.883512e+003,-3.394423e+003, 1.512895e+003, 1.845756e+001, 8.061729e+001, 2.706421e+001, 0.000000e+000, 0.000000e+000, 0.000000e+000, 0.000000e+000
 1.474500e-001, 1.936300e+003,-3.389510e+003, 1.455238e+003, 1.951068e+001, 8.123692e+001, 2.495188e+001, 0.000000e+000, 0.000000e+000, 0.000000e+000, 0.000000e+000
 1.475000e-001, 1.988477e+003,-3.383134e+003, 1.397002e+003, 2.056399e+001, 8.183499e+001, 2.283724e+001, 0.000000e+000, 0.000000e+000, 0.000000e+000, 0.000000e+000
 1.475500e-001, 2.039880e+003,-3.375799e+003, 1.338329e+003, 2.161646e+001, 8.241022e+001, 2.072118e+001, 0.000000e+000, 0.000000e+000, 0.000000e+000, 0.000000e+000
 1.476000e-001, 2.090627e+003,-3.367026e+003, 1.279131e+003, 2.266760e+001, 8.296272e+001, 1.860375e+001, 0.000000e+000, 0.000000e+000, 0.000000e+000, 0.000000e+000
 1.476500e-001, 2.140574e+003,-3.357277e+003, 1.219526e+003, 2.371627e+001, 8.349104e+001, 1.648585e+001, 0.000000e+000, 0.000000e+000, 0.000000e+000, 0.000000e+000
 1.477000e-001, 2.189818e+003,-3.346120e+003, 1.159452e+003, 2.476202e+001, 8.399538e+001, 1.436744e+001, 0.000000e+000, 0.000000e+000, 0.000000e+000, 0.000000e+000
 1.477500e-001, 2.238240e+003,-3.333969e+003, 1.099000e+003, 2.580359e+001, 8.447419e+001, 1.224942e+001, 0.000000e+000, 0.000000e+000, 0.000000e+000, 0.000000e+000
 1.478000e-001, 2.285911e+003,-3.320445e+003, 1.038136e+003, 2.684061e+001, 8.492772e+001, 1.013168e+001, 0.000000e+000, 0.000000e+000, 0.000000e+000, 0.000000e+000
 1.478500e-001, 2.332740e+003,-3.305908e+003, 9.769221e+002, 2.787171e+001, 8.535433e+001, 8.015102e+000, 0.000000e+000, 0.000000e+000, 0.000000e+000, 0.000000e+000
 1.479000e-001, 2.378769e+003,-3.290037e+003, 9.153558e+002, 2.889657e+001, 8.575433e+001, 5.899537e+000, 0.000000e+000, 0.000000e+000, 0.000000e+000, 0.000000e+000
 1.479500e-001, 2.423941e+003,-3.273133e+003, 8.534680e+002, 2.991376e+001, 8.612601e+001, 3.785838e+000, 0.000000e+000, 0.000000e+000, 0.000000e+000, 0.000000e+000
 1.480000e-001, 2.468261e+003,-3.254938e+003, 7.912871e+002, 3.092300e+001, 8.646975e+001, 1.673820e+000, 0.000000e+000, 0.000000e+000, 0.000000e+000, 0.000000e+000
 1.480500e-001, 2.511712e+003,-3.235690e+003, 7.288137e+002, 3.192279e+001, 8.678374e+001,-4.356834e-001, 0.000000e+000, 0.000000e+000, 0.000000e+000, 0.000000e+000
 1.481000e-001, 2.554261e+003,-3.215197e+003, 6.661069e+002, 3.291291e+001, 8.706847e+001,-2.542881e+000, 0.000000e+000, 0.000000e+000, 0.000000e+000, 0.000000e+000
 1.481500e-001, 2.595929e+003,-3.193631e+003, 6.031369e+002, 3.389182e+001, 8.732207e+001,-4.646966e+000, 0.000000e+000, 0.000000e+000, 0.000000e+000, 0.000000e+000
 1.482000e-001, 2.636646e+003,-3.170870e+003, 5.399935e+002, 3.485934e+001, 8.754505e+001,-6.748152e+000, 0.000000e+000, 0.000000e+000, 0.000000e+000, 0.000000e+000
 1.482500e-001, 2.676474e+003,-3.147016e+003, 4.766169e+002, 3.581391e+001, 8.773556e+001,-8.845664e+000, 0.000000e+000, 0.000000e+000, 0.000000e+000, 0.000000e+000
 1.483000e-001, 2.715300e+003,-3.122020e+003, 4.131263e+002, 3.675539e+001, 8.789416e+001,-1.093970e+001, 0.000000e+000, 0.000000e+000, 0.000000e+000, 0.000000e+000
 1.483500e-001, 2.753229e+003,-3.095912e+003, 3.494336e+002, 3.768222e+001, 8.801897e+001,-1.302953e+001, 0.000000e+000, 0.000000e+000, 0.000000e+000, 0.000000e+000
 1.484000e-001, 2.790110e+003,-3.068716e+003, 2.856856e+002, 3.859427e+001, 8.811063e+001,-1.511532e+001, 0.000000e+000, 0.000000e+000, 0.000000e+000, 0.000000e+000
 1.484500e-001, 2.826088e+003,-3.040391e+003, 2.217680e+002, 3.949003e+001, 8.816727e+001,-1.719637e+001, 0.000000e+000, 0.000000e+000, 0.000000e+000, 0.000000e+000
 1.485000e-001, 2.860970e+003,-3.011034e+003, 1.578526e+002, 4.036938e+001, 8.818955e+001,-1.927281e+001, 0.000000e+000, 0.000000e+000, 0.000000e+000, 0.000000e+000
 1.485500e-001, 2.894944e+003,-2.980532e+003, 9.380148e+001, 4.123086e+001, 8.817567e+001,-2.134399e+001, 0.000000e+000, 0.000000e+000, 0.000000e+000, 0.000000e+000
 1.486000e-001, 2.927779e+003,-2.949056e+003, 2.980854e+001, 4.207434e+001, 8.812633e+001,-2.340997e+001, 0.000000e+000, 0.000000e+000, 0.000000e+000, 0.000000e+000
 1.486500e-001, 2.959700e+003,-2.916423e+003,-3.428451e+001, 4.289846e+001, 8.803978e+001,-2.547015e+001, 0.000000e+000, 0.000000e+000, 0.000000e+000, 0.000000e+000
 1.487000e-001, 2.990442e+003,-2.882873e+003,-9.826511e+001, 4.370305e+001, 8.791675e+001,-2.752452e+001, 0.000000e+000, 0.000000e+000, 0.000000e+000, 0.000000e+000
 1.487500e-001, 3.020262e+003,-2.848153e+003,-1.623084e+002, 4.448689e+001, 8.775559e+001,-2.957252e+001, 0.000000e+000, 0.000000e+000, 0.000000e+000, 0.000000e+000
 1.488000e-001, 3.048868e+003,-2.812577e+003,-2.261870e+002, 4.524975e+001, 8.755704e+001,-3.161405e+001, 0.000000e+000, 0.000000e+000, 0.000000e+000, 0.000000e+000
 1.488500e-001, 3.076544e+003,-2.775823e+003,-2.900889e+002, 4.599056e+001, 8.731960e+001,-3.364862e+001, 0.000000e+000, 0.000000e+000, 0.000000e+000, 0.000000e+000
 1.489000e-001, 3.102973e+003,-2.738270e+003,-3.537761e+002, 4.670904e+001, 8.704398e+001,-3.567602e+001, 0.000000e+000, 0.000000e+000, 0.000000e+000, 0.000000e+000
 1.489500e-001, 3.128464e+003,-2.699535e+003,-4.174453e+002, 4.740427e+001, 8.672884e+001,-3.769579e+001, 0.000000e+000, 0.000000e+000, 0.000000e+000, 0.000000e+000
 1.490000e-001, 3.152681e+003,-2.660059e+003,-4.808520e+002, 4.807592e+001, 8.637489e+001,-3.970765e+001, 0.000000e+000, 0.000000e+000, 0.000000e+000, 0.000000e+000
 1.490500e-001, 3.175948e+003,-2.619400e+003,-5.441976e+002, 4.872324e+001, 8.598094e+001,-4.171117e+001, 0.000000e+000, 0.000000e+000, 0.000000e+000, 0.000000e+000
 1.491000e-001, 3.197919e+003,-2.578057e+003,-6.072354e+002, 4.934585e+001, 8.554773e+001,-4.370596e+001, 0.000000e+000, 0.000000e+000, 0.000000e+000, 0.000000e+000
 1.491500e-001, 3.218926e+003,-2.535534e+003,-6.701667e+002, 4.994317e+001, 8.507423e+001,-4.569163e+001, 0.000000e+000, 0.000000e+000, 0.000000e+000, 0.000000e+000
 1.492000e-001, 3.238621e+003,-2.492382e+003,-7.327476e+002, 5.051476e+001, 8.456116e+001,-4.766768e+001, 0.000000e+000, 0.000000e+000, 0.000000e+000, 0.000000e+000
 1.492500e-001, 3.257337e+003,-2.448057e+003,-7.951752e+002, 5.106023e+001, 8.400769e+001,-4.963376e+001, 0.000000e+000, 0.000000e+000, 0.000000e+000, 0.000000e+000
 1.493000e-001, 3.274729e+003,-2.403158e+003,-8.572115e+002, 5.157908e+001, 8.341454e+001,-5.158927e+001, 0.000000e+000, 0.000000e+000, 0.000000e+000, 0.000000e+000
 1.493500e-001, 3.291123e+003,-2.357097e+003,-9.190466e+002, 5.207113e+001, 8.278109e+001,-5.353387e+001, 0.000000e+000, 0.000000e+000, 0.000000e+000, 0.000000e+000
 1.494000e-001, 3.306189e+003,-2.310512e+003,-9.804518e+002, 5.253579e+001, 8.210801e+001,-5.546687e+001, 0.000000e+000, 0.000000e+000, 0.000000e+000, 0.000000e+000
 1.494500e-001, 3.320237e+003,-2.262784e+003,-1.041606e+003, 5.297309e+001, 8.139494e+001,-5.738794e+001, 0.000000e+000, 0.000000e+000, 0.000000e+000, 0.000000e+000
 1.495000e-001, 3.332955e+003,-2.214580e+003,-1.102295e+003, 5.338240e+001, 8.064250e+001,-5.929630e+001, 0.000000e+000, 0.000000e+000, 0.000000e+000, 0.000000e+000
 1.495500e-001, 3.344635e+003,-2.165254e+003,-1.162682e+003, 5.376392e+001, 7.985057e+001,-6.119163e+001, 0.000000e+000, 0.000000e+000, 0.000000e+000, 0.000000e+000
 1.496000e-001, 3.354988e+003,-2.115499e+003,-1.222568e+003, 5.411700e+001, 7.901973e+001,-6.307306e+001, 0.000000e+000, 0.000000e+000, 0.000000e+000, 0.000000e+000
 1.496500e-001, 3.364280e+003,-2.064649e+003,-1.282103e+003, 5.444200e+001, 7.815011e+001,-6.494026e+001, 0.000000e+000, 0.000000e+000, 0.000000e+000, 0.000000e+000
 1.497000e-001, 3.372255e+003,-2.013412e+003,-1.341103e+003, 5.473825e+001, 7.724224e+001,-6.679230e+001, 0.000000e+000, 0.000000e+000, 0.000000e+000, 0.000000e+000
 1.497500e-001, 3.379144e+003,-1.961114e+003,-1.399701e+003, 5.500626e+001, 7.629650e+001,-6.862884e+001, 0.000000e+000, 0.000000e+000, 0.000000e+000, 0.000000e+000
 1.498000e-001, 3.384729e+003,-1.908466e+003,-1.457732e+003, 5.524538e+001, 7.531338e+001,-7.044888e+001, 0.000000e+000, 0.000000e+000, 0.000000e+000, 0.000000e+000
 1.498500e-001, 3.389204e+003,-1.854798e+003,-1.515311e+003, 5.545626e+001, 7.429350e+001,-7.225204e+001, 0.000000e+000, 0.000000e+000, 0.000000e+000, 0.000000e+000
 1.499000e-001, 3.392391e+003,-1.800813e+003,-1.572291e+003, 5.563824e+001, 7.323729e+001,-7.403731e+001, 0.000000e+000, 0.000000e+000, 0.000000e+000, 0.000000e+000
 1.499500e-001, 3.394444e+003,-1.745854e+003,-1.628770e+003, 5.579211e+001, 7.214564e+001,-7.580424e+001, 0.000000e+000, 0.000000e+000, 0.000000e+000, 0.000000e+000
 1.500000e-001, 3.395228e+003,-1.690609e+003,-1.684618e+003, 5.591725e+001, 7.101889e+001,-7.755183e+001, 0.000000e+000, 0.000000e+000, 0.000000e+000, 0.000000e+000
 1.500500e-001, 3.394856e+003,-1.634439e+003,-1.739918e+003, 5.601452e+001, 6.985821e+001,-7.927956e+001, 0.000000e+000, 0.000000e+000, 0.000000e+000, 0.000000e+000
 1.501000e-001, 3.393235e+003,-1.578010e+003,-1.794555e+003, 5.608339e+001, 6.866386e+001,-8.098640e+001, 0.000000e+000, 0.000000e+000, 0.000000e+000, 0.000000e+000
 1.501500e-001, 3.390437e+003,-1.520714e+003,-1.848599e+003, 5.612477e+001, 6.743723e+001,-8.267181e+001, 0.000000e+000, 0.000000e+000, 0.000000e+000, 0.000000e+000
 1.502000e-001, 3.386413e+003,-1.463180e+003,-1.901947e+003, 5.613822e+001, 6.617854e+001,-8.433475e+001, 0.000000e+000, 0.000000e+000, 0.000000e+000, 0.000000e+000
 1.502500e-001, 3.381193e+003,-1.404841e+003,-1.954659e+003, 5.612470e+001, 6.488940e+001,-8.597459e+001, 0.000000e+000, 0.000000e+000, 0.000000e+000, 0.000000e+000
 1.503000e-001, 3.374770e+003,-1.346283e+003,-2.006643e+003, 5.608385e+001, 6.356995e+001,-8.759035e+001, 0.000000e+000, 0.000000e+000, 0.000000e+000, 0.000000e+000
 1.503500e-001, 3.367135e+003,-1.286986e+003,-2.057949e+003, 5.601667e+001, 6.222203e+001,-8.918133e+001, 0.000000e+000, 0.000000e+000, 0.000000e+000, 0.000000e+000
 1.504000e-001, 3.358321e+003,-1.227487e+003,-2.108495e+003, 5.592290e+001, 6.084571e+001,-9.074656e+001, 0.000000e+000, 0.000000e+000, 0.000000e+000, 0.000000e+000
 1.504500e-001, 3.348281e+003,-1.167320e+003,-2.158324e+003, 5.580357e+001, 5.944300e+001,-9.228526e+001, 0.000000e+000, 0.000000e+000, 0.000000e+000, 0.000000e+000
 1.505000e-001, 3.337087e+003,-1.106962e+003,-2.207359e+003, 5.565852e+001, 5.801392e+001,-9.379653e+001, 0.000000e+000, 0.000000e+000, 0.000000e+000, 0.000000e+000
 1.505500e-001, 3.324659e+003,-1.046011e+003,-2.255642e+003, 5.548876e+001, 5.656066e+001,-9.527951e+001, 0.000000e+000, 0.000000e+000, 0.000000e+000, 0.000000e+000
 1.506000e-001, 3.311099e+003,-9.848811e+002,-2.303095e+003, 5.529428e+001, 5.508318e+001,-9.673336e+001, 0.000000e+000, 0.000000e+000, 0.000000e+000, 0.000000e+000
 1.506500e-001, 3.296300e+003,-9.232352e+002,-2.349765e+003, 5.507605e+001, 5.358379e+001,-9.815714e+001, 0.000000e+000, 0.000000e+000, 0.000000e+000, 0.000000e+000
 1.507000e-001, 3.280391e+003,-8.614177e+002,-2.395569e+003, 5.483421e+001, 5.206243e+001,-9.955008e+001, 0.000000e+000, 0.000000e+000, 0.000000e+000, 0.000000e+000
 1.507500e-001, 3.263243e+003,-7.991656e+002,-2.440560e+003, 5.456967e+001, 5.052150e+001,-1.009112e+002, 0.000000e+000, 0.000000e+000, 0.000000e+000, 0.000000e+000
 1.508000e-001, 3.245008e+003,-7.367482e+002,-2.484649e+003, 5.428270e+001, 4.896091e+001,-1.022397e+002, 0.000000e+000, 0.000000e+000, 0.000000e+000, 0.000000e+000
 1.508500e-001, 3.225535e+003,-6.739795e+002,-2.527899e+003, 5.397419e+001, 4.738314e+001,-1.035346e+002, 0.000000e+000, 0.000000e+000, 0.000000e+000, 0.000000e+000
 1.509000e-001, 3.204997e+003,-6.110504e+002,-2.570210e+003, 5.364450e+001, 4.578807e+001,-1.047953e+002, 0.000000e+000, 0.000000e+000, 0.000000e+000, 0.000000e+000
 1.509500e-001, 3.183229e+003,-5.478546e+002,-2.611658e+003, 5.329448e+001, 4.417823e+001,-1.060206e+002, 0.000000e+000, 0.000000e+000, 0.000000e+000, 0.000000e+000
 1.510000e-001, 3.160416e+003,-4.845029e+002,-2.652130e+003, 5.292462e+001, 4.255347e+001,-1.072100e+002, 0.000000e+000, 0.000000e+000, 0.000000e+000, 0.000000e+000
 1.510500e-001, 3.136384e+003,-4.209698e+002,-2.691718e+003, 5.253570e+001, 4.091636e+001,-1.083623e+002, 0.000000e+000, 0.000000e+000, 0.000000e+000, 0.000000e+000
 1.511000e-001, 3.111327e+003,-3.572854e+002,-2.730293e+003, 5.212831e+001, 3.926673e+001,-1.094770e+002, 0.000000e+000, 0.000000e+000, 0.000000e+000, 0.000000e+000
 1.511500e-001, 3.085067e+003,-2.935048e+002,-2.767965e+003, 5.170320e+001, 3.760712e+001,-1.105531e+002, 0.000000e+000, 0.000000e+000, 0.000000e+000, 0.000000e+000
 1.512000e-001, 3.057801e+003,-2.295783e+002,-2.804589e+003, 5.126101e+001, 3.593737e+001,-1.115899e+002, 0.000000e+000, 0.000000e+000, 0.000000e+000, 0.000000e+000
 1.512500e-001, 3.029350e+003,-1.656401e+002,-2.840292e+003, 5.080244e+001, 3.425999e+001,-1.125865e+002, 0.000000e+000, 0.000000e+000, 0.000000e+000, 0.000000e+000
 1.513000e-001, 2.999912e+003,-1.015625e+002,-2.874911e+003, 5.032823e+001, 3.257483e+001,-1.135423e+002, 0.000000e+000, 0.000000e+000, 0.000000e+000, 0.000000e+000
 1.513500e-001, 2.969312e+003,-3.755622e+001,-2.908595e+003, 4.983901e+001, 3.088429e+001,-1.144563e+002, 0.000000e+000, 0.000000e+000, 0.000000e+000, 0.000000e+000
 1.514000e-001, 2.937745e+003, 2.658109e+001,-2.941160e+003, 4.933554e+001, 2.918829e+001,-1.153282e+002, 0.000000e+000, 0.000000e+000, 0.000000e+000, 0.000000e+000
 1.514500e-001, 2.905040e+003, 9.056609e+001,-2.972776e+003, 4.881846e+001, 2.748910e+001,-1.161567e+002, 0.000000e+000, 0.000000e+000, 0.000000e+000, 0.000000e+000
 1.515000e-001, 2.871388e+003, 1.546714e+002,-3.003242e+003, 4.828852e+001, 2.578667e+001,-1.169417e+002, 0.000000e+000, 0.000000e+000, 0.000000e+000, 0.000000e+000
 1.515500e-001, 2.836624e+003, 2.185462e+002,-3.032744e+003, 4.774633e+001, 2.408316e+001,-1.176821e+002, 0.000000e+000, 0.000000e+000, 0.000000e+000, 0.000000e+000
 1.516000e-001, 2.800936e+003, 2.825279e+002,-3.061067e+003, 4.719263e+001, 2.237854e+001,-1.183776e+002, 0.000000e+000, 0.000000e+000, 0.000000e+000, 0.000000e+000
 1.516500e-001, 2.764163e+003, 3.462040e+002,-3.088413e+003, 4.662802e+001, 2.067482e+001,-1.190273e+002, 0.000000e+000, 0.000000e+000, 0.000000e+000, 0.000000e+000
 1.517000e-001, 2.726490e+003, 4.099703e+002,-3.114553e+003, 4.605321e+001, 1.897204e+001,-1.196309e+002, 0.000000e+000, 0.000000e+000, 0.000000e+000, 0.000000e+000
 1.517500e-001, 2.687760e+003, 4.733598e+002,-3.139703e+003, 4.546877e+001, 1.727201e+001,-1.201875e+002, 0.000000e+000, 0.000000e+000, 0.000000e+000, 0.000000e+000
 1.518000e-001, 2.648157e+003, 5.368192e+002,-3.163624e+003, 4.487537e+001, 1.557484e+001,-1.206969e+002, 0.000000e+000, 0.000000e+000, 0.000000e+000, 0.000000e+000
 1.518500e-001, 2.607526e+003, 5.998347e+002,-3.186541e+003, 4.427357e+001, 1.388215e+001,-1.211585e+002, 0.000000e+000, 0.000000e+000, 0.000000e+000, 0.000000e+000
 1.519000e-001, 2.566050e+003, 6.628962e+002,-3.208209e+003, 4.366396e+001, 1.219411e+001,-1.215718e+002, 0.000000e+000, 0.000000e+000, 0.000000e+000, 0.000000e+000
 1.519500e-001, 2.523575e+003, 7.254511e+002,-3.228859e+003, 4.304712e+001, 1.051213e+001,-1.219363e+002, 0.000000e+000, 0.000000e+000, 0.000000e+000, 0.000000e+000
 1.520000e-001, 2.480286e+003, 7.880242e+002,-3.248244e+003, 4.242352e+001, 8.836467e+000,-1.222518e+002, 0.000000e+000, 0.000000e+000, 0.000000e+000, 0.000000e+000
 1.520500e-001, 2.436029e+003, 8.500325e+002,-3.266596e+003, 4.179376e+001, 7.168290e+000,-1.225178e+002, 0.000000e+000, 0.000000e+000, 0.000000e+000, 0.000000e+000
 1.521000e-001, 2.390990e+003, 9.120272e+002,-3.283671e+003, 4.115821e+001, 5.507936e+000,-1.227340e+002, 0.000000e+000, 0.000000e+000, 0.000000e+000, 0.000000e+000
 1.521500e-001, 2.345012e+003, 9.734038e+002,-3.299697e+003, 4.051746e+001, 3.856359e+000,-1.229002e+002, 0.000000e+000, 0.000000e+000, 0.000000e+000, 0.000000e+000
 1.522000e-001, 2.298290e+003, 1.034731e+003,-3.314438e+003, 3.987177e+001, 2.213962e+000,-1.230159e+002, 0.000000e+000, 0.000000e+000, 0.000000e+000, 0.000000e+000
 1.522500e-001, 2.250657e+003, 1.095392e+003,-3.328114e+003, 3.922172e+001, 5.814797e-001,-1.230813e+002, 0.000000e+000, 0.000000e+000, 0.000000e+000, 0.000000e+000
 1.523000e-001, 2.202320e+003, 1.155964e+003,-3.340501e+003, 3.856747e+001,-1.040619e+000,-1.230958e+002, 0.000000e+000, 0.000000e+000, 0.000000e+000, 0.000000e+000
 1.523500e-001, 2.153100e+003, 1.215825e+003,-3.351805e+003, 3.790958e+001,-2.651814e+000,-1.230596e+002, 0.000000e+000, 0.000000e+000, 0.000000e+000, 0.000000e+000
 1.524000e-001, 2.103217e+003, 1.275555e+003,-3.361822e+003, 3.724811e+001,-4.251575e+000,-1.229723e+002, 0.000000e+000, 0.000000e+000, 0.000000e+000, 0.000000e+000
 1.524500e-001, 2.052480e+003, 1.334535e+003,-3.370736e+003, 3.658359e+001,-5.839591e+000,-1.228341e+002, 0.000000e+000, 0.000000e+000, 0.000000e+000, 0.000000e+000
 1.525000e-001, 2.001125e+003, 1.393337e+003,-3.378368e+003, 3.591597e+001,-7.415276e+000,-1.226448e+002, 0.000000e+000, 0.000000e+000, 0.000000e+000, 0.000000e+000
 1.525500e-001, 1.948944e+003, 1.451354e+003,-3.384878e+003, 3.524576e+001,-8.978512e+000,-1.224047e+002, 0.000000e+000, 0.000000e+000, 0.000000e+000, 0.000000e+000
 1.526000e-001, 1.896190e+003, 1.509143e+003,-3.390115e+003, 3.457281e+001,-1.052867e+001,-1.221134e+002, 0.000000e+000, 0.000000e+000, 0.000000e+000, 0.000000e+000
 1.526500e-001, 1.842640e+003, 1.566118e+003,-3.394210e+003, 3.389757e+001,-1.206581e+001,-1.217716e+002, 0.000000e+000, 0.000000e+000, 0.000000e+000, 0.000000e+000
 1.527000e-001, 1.788565e+003, 1.622813e+003,-3.397044e+003, 3.321983e+001,-1.358926e+001,-1.213788e+002, 0.000000e+000, 0.000000e+000, 0.000000e+000, 0.000000e+000
 1.527500e-001, 1.733722e+003, 1.678665e+003,-3.398718e+003, 3.253998e+001,-1.509925e+001,-1.209358e+002, 0.000000e+000, 0.000000e+000, 0.000000e+000, 0.000000e+000
 1.528000e-001, 1.678403e+003, 1.734185e+003,-3.399145e+003, 3.185773e+001,-1.659508e+001,-1.204423e+002, 0.000000e+000, 0.000000e+000, 0.000000e+000, 0.000000e+000
 1.528500e-001, 1.622346e+003, 1.788838e+003,-3.398394e+003, 3.117340e+001,-1.807713e+001,-1.198992e+002, 0.000000e+000, 0.000000e+000, 0.000000e+000, 0.000000e+000
 1.529000e-001, 1.565862e+003, 1.843102e+003,-3.396413e+003, 3.048668e+001,-1.954467e+001,-1.193060e+002, 0.000000e+000, 0.000000e+000, 0.000000e+000, 0.000000e+000
 1.529500e-001, 1.508673e+003, 1.896480e+003,-3.393236e+003, 2.979777e+001,-2.099820e+001,-1.186639e+002, 0.000000e+000, 0.000000e+000, 0.000000e+000, 0.000000e+000
 1.530000e-001, 1.451106e+003, 1.949413e+003,-3.388850e+003, 2.910634e+001,-2.243700e+001,-1.179725e+002, 0.000000e+000, 0.000000e+000, 0.000000e+000, 0.000000e+000
 1.530500e-001, 1.392867e+003, 2.001440e+003,-3.383252e+003, 2.841250e+001,-2.386166e+001,-1.172329e+002, 0.000000e+000, 0.000000e+000, 0.000000e+000, 0.000000e+000
 1.531000e-001, 1.334297e+003, 2.052966e+003,-3.376466e+003, 2.771592e+001,-2.527146e+001,-1.164451e+002, 0.000000e+000, 0.000000e+000, 0.000000e+000, 0.000000e+000
 1.531500e-001, 1.275093e+003, 2.103571e+003,-3.368454e+003, 2.701659e+001,-2.666708e+001,-1.156100e+002, 0.000000e+000, 0.000000e+000, 0.000000e+000, 0.000000e+000
 1.532000e-001, 1.215605e+003, 2.153616e+003,-3.359276e+003, 2.631419e+001,-2.804780e+001,-1.147276e+002, 0.000000e+000, 0.000000e+000, 0.000000e+000, 0.000000e+000
 1.532500e-001, 1.155521e+003, 2.202726e+003,-3.348862e+003, 2.560860e+001,-2.941437e+001,-1.137992e+002, 0.000000e+000, 0.000000e+000, 0.000000e+000, 0.000000e+000
 1.533000e-001, 1.095198e+003, 2.251221e+003,-3.337304e+003, 2.489954e+001,-3.076608e+001,-1.128248e+002, 0.000000e+000, 0.000000e+000, 0.000000e+000, 0.000000e+000
 1.533500e-001, 1.034322e+003, 2.298767e+003,-3.324503e+003, 2.418676e+001,-3.210371e+001,-1.118055e+002, 0.000000e+000, 0.000000e+000, 0.000000e+000, 0.000000e+000
 1.534000e-001, 9.732495e+002, 2.345642e+003,-3.310581e+003, 2.347003e+001,-3.342661e+001,-1.107415e+002, 0.000000e+000, 0.000000e+000, 0.000000e+000, 0.000000e+000
 1.534500e-001, 9.116693e+002, 2.391557e+003,-3.295410e+003, 2.274898e+001,-3.473555e+001,-1.096341e+002, 0.000000e+000, 0.000000e+000, 0.000000e+000, 0.000000e+000
 1.535000e-001, 8.499331e+002, 2.436746e+003,-3.279141e+003, 2.202345e+001,-3.602990e+001,-1.084835e+002, 0.000000e+000, 0.000000e+000, 0.000000e+000, 0.000000e+000
 1.535500e-001, 7.877383e+002, 2.480964e+003,-3.261624e+003, 2.129294e+001,-3.731046e+001,-1.072910e+002, 0.000000e+000, 0.000000e+000, 0.000000e+000, 0.000000e+000
 1.536000e-001, 7.254250e+002, 2.524404e+003,-3.243031e+003, 2.055738e+001,-3.857662e+001,-1.060569e+002, 0.000000e+000, 0.000000e+000, 0.000000e+000, 0.000000e+000
 1.536500e-001, 6.627059e+002, 2.566862e+003,-3.223192e+003, 1.981615e+001,-3.982917e+001,-1.047825e+002, 0.000000e+000, 0.000000e+000, 0.000000e+000, 0.000000e+000
 1.537000e-001, 5.999027e+002, 2.608491e+003,-3.202299e+003, 1.906928e+001,-4.106754e+001,-1.034683e+002, 0.000000e+000, 0.000000e+000, 0.000000e+000, 0.000000e+000
 1.537500e-001, 5.367499e+002, 2.649128e+003,-3.180168e+003, 1.831602e+001,-4.229249e+001,-1.021155e+002, 0.000000e+000, 0.000000e+000, 0.000000e+000, 0.000000e+000
 1.538000e-001, 4.735448e+002, 2.688887e+003,-3.157003e+003, 1.755652e+001,-4.350348e+001,-1.007247e+002, 0.000000e+000, 0.000000e+000, 0.000000e+000, 0.000000e+000
 1.538500e-001, 4.100495e+002, 2.727645e+003,-3.132613e+003, 1.678993e+001,-4.470123e+001,-9.929706e+001, 0.000000e+000, 0.000000e+000, 0.000000e+000, 0.000000e+000
 1.539000e-001, 3.465311e+002, 2.765479e+003,-3.107208e+003, 1.601650e+001,-4.588523e+001,-9.783344e+001, 0.000000e+000, 0.000000e+000, 0.000000e+000, 0.000000e+000
 1.539500e-001, 2.827846e+002, 2.802302e+003,-3.080593e+003, 1.523531e+001,-4.705617e+001,-9.633483e+001, 0.000000e+000, 0.000000e+000, 0.000000e+000, 0.000000e+000
 1.540000e-001, 2.190418e+002, 2.838156e+003,-3.052983e+003, 1.444669e+001,-4.821357e+001,-9.480223e+001, 0.000000e+000, 0.000000e+000, 0.000000e+000, 0.000000e+000
 1.540500e-001, 1.551355e+002, 2.872990e+003,-3.024183e+003, 1.364968e+001,-4.935804e+001,-9.323659e+001, 0.000000e+000, 0.000000e+000, 0.000000e+000, 0.000000e+000
 1.541000e-001, 9.125775e+001, 2.906815e+003,-2.994405e+003, 1.284471e+001,-5.048914e+001,-9.163899e+001, 0.000000e+000, 0.000000e+000, 0.000000e+000, 0.000000e+000
 1.541500e-001, 2.728287e+001, 2.939610e+003,-2.963462e+003, 1.203079e+001,-5.160743e+001,-9.001035e+001, 0.000000e+000, 0.000000e+000, 0.000000e+000, 0.000000e+000
 1.542000e-001,-3.664008e+001, 2.971357e+003,-2.931558e+003, 1.120842e+001,-5.271247e+001,-8.835184e+001, 0.000000e+000, 0.000000e+000, 0.000000e+000, 0.000000e+000
 1.542500e-001,-1.005926e+002, 3.002065e+003,-2.898517e+003, 1.037662e+001,-5.380476e+001,-8.666432e+001, 0.000000e+000, 0.000000e+000, 0.000000e+000, 0.000000e+000
 1.543000e-001,-1.644708e+002, 3.031690e+003,-2.864532e+003, 9.535964e+000,-5.488391e+001,-8.494904e+001, 0.000000e+000, 0.000000e+000, 0.000000e+000, 0.000000e+000
 1.543500e-001,-2.283103e+002, 3.060265e+003,-2.829441e+003, 8.685487e+000,-5.595030e+001,-8.320679e+001, 0.000000e+000, 0.000000e+000, 0.000000e+000, 0.000000e+000
 1.544000e-001,-2.920537e+002, 3.087727e+003,-2.793422e+003, 7.825823e+000,-5.700357e+001,-8.143889e+001, 0.000000e+000, 0.000000e+000, 0.000000e+000, 0.000000e+000
 1.544500e-001,-3.556903e+002, 3.114128e+003,-2.756331e+003, 6.956069e+000,-5.804404e+001,-7.964610e+001, 0.000000e+000, 0.000000e+000, 0.000000e+000, 0.000000e+000
 1.545000e-001,-4.192088e+002, 3.139386e+003,-2.718330e+003, 6.076900e+000,-5.907134e+001,-7.782974e+001, 0.000000e+000, 0.000000e+000, 0.000000e+000, 0.000000e+000
 1.545500e-001,-4.825531e+002, 3.163575e+003,-2.679293e+003, 5.187494e+000,-6.008572e+001,-7.599055e+001, 0.000000e+000, 0.000000e+000, 0.000000e+000, 0.000000e+000
 1.546000e-001,-5.457568e+002, 3.186594e+003,-2.639363e+003, 4.288550e+000,-6.108682e+001,-7.412988e+001, 0.000000e+000, 0.000000e+000, 0.000000e+000, 0.000000e+000
 1.546500e-001,-6.087202e+002, 3.208534e+003,-2.598436e+003, 3.379358e+000,-6.207480e+001,-7.224841e+001, 0.000000e+000, 0.000000e+000, 0.000000e+000, 0.000000e+000
 1.547000e-001,-6.715193e+002, 3.229281e+003,-2.556635e+003, 2.460628e+000,-6.304930e+001,-7.034747e+001, 0.000000e+000, 0.000000e+000, 0.000000e+000, 0.000000e+000
 1.547500e-001,-7.340142e+002, 3.248941e+003,-2.513876e+003, 1.531778e+000,-6.401041e+001,-6.842776e+001, 0.000000e+000, 0.000000e+000, 0.000000e+000, 0.000000e+000
 1.548000e-001,-7.963194e+002, 3.267385e+003,-2.470265e+003, 5.935174e-001,-6.495775e+001,-6.649055e+001, 0.000000e+000, 0.000000e+000, 0.000000e+000, 0.000000e+000
 1.548500e-001,-8.582589e+002, 3.284735e+003,-2.425735e+003,-3.545886e-001,-6.589133e+001,-6.453653e+001, 0.000000e+000, 0.000000e+000, 0.000000e+000, 0.000000e+000
 1.549000e-001,-9.199814e+002, 3.300852e+003,-2.380376e+003,-1.311841e+000,-6.681079e+001,-6.256693e+001, 0.000000e+000, 0.000000e+000, 0.000000e+000, 0.000000e+000
 1.549500e-001,-9.812798e+002, 3.315865e+003,-2.334139e+003,-2.278515e+000,-6.771604e+001,-6.058241e+001, 0.000000e+000, 0.000000e+000, 0.000000e+000, 0.000000e+000
 1.550000e-001,-1.042332e+003, 3.329630e+003,-2.287098e+003,-3.253933e+000,-6.860670e+001,-5.858414e+001, 0.000000e+000, 0.000000e+000, 0.000000e+000, 0.000000e+000
 1.550500e-001,-1.102904e+003, 3.342286e+003,-2.239220e+003,-4.238201e+000,-6.948261e+001,-5.657280e+001, 0.000000e+000, 0.000000e+000, 0.000000e+000, 0.000000e+000
 1.551000e-001,-1.163198e+003, 3.353678e+003,-2.190565e+003,-5.230666e+000,-7.034337e+001,-5.454947e+001, 0.000000e+000, 0.000000e+000, 0.000000e+000, 0.000000e+000
 1.551500e-001,-1.222961e+003, 3.363956e+003,-2.141113e+003,-6.231263e+000,-7.118874e+001,-5.251481e+001, 0.000000e+000, 0.000000e+000, 0.000000e+000, 0.000000e+000
 1.552000e-001,-1.282411e+003, 3.372961e+003,-2.090915e+003,-7.239368e+000,-7.201833e+001,-5.046981e+001, 0.000000e+000, 0.000000e+000, 0.000000e+000, 0.000000e+000
 1.552500e-001,-1.341282e+003, 3.380845e+003,-2.039960e+003,-8.254745e+000,-7.283179e+001,-4.841516e+001, 0.000000e+000, 0.000000e+000, 0.000000e+000, 0.000000e+000
 1.553000e-001,-1.399803e+003, 3.387448e+003,-1.988292e+003,-9.276800e+000,-7.362872e+001,-4.635175e+001, 0.000000e+000, 0.000000e+000, 0.000000e+000, 0.000000e+000
 1.553500e-001,-1.457700e+003, 3.392926e+003,-1.935906e+003,-1.030513e+001,-7.440872e+001,-4.428025e+001, 0.000000e+000, 0.000000e+000, 0.000000e+000, 0.000000e+000
 1.554000e-001,-1.515208e+003, 3.397118e+003,-1.882843e+003,-1.133917e+001,-7.517135e+001,-4.220144e+001, 0.000000e+000, 0.000000e+000, 0.000000e+000, 0.000000e+000
 1.554500e-001,-1.572052e+003, 3.400181e+003,-1.829101e+003,-1.237836e+001,-7.591614e+001,-4.011603e+001, 0.000000e+000, 0.000000e+000, 0.000000e+000, 0.000000e+000
 1.555000e-001,-1.628466e+003, 3.401954e+003,-1.774720e+003,-1.342217e+001,-7.664262e+001,-3.802467e+001, 0.000000e+000, 0.000000e+000, 0.000000e+000, 0.000000e+000
 1.555500e-001,-1.684177e+003, 3.402597e+003,-1.719698e+003,-1.446989e+001,-7.735029e+001,-3.592808e+001, 0.000000e+000, 0.000000e+000, 0.000000e+000, 0.000000e+000
 1.556000e-001,-1.739416e+003, 3.401950e+003,-1.664079e+003,-1.552099e+001,-7.803865e+001,-3.382680e+001, 0.000000e+000, 0.000000e+000, 0.000000e+000, 0.000000e+000
 1.556500e-001,-1.793918e+003, 3.400170e+003,-1.607854e+003,-1.657466e+001,-7.870711e+001,-3.172157e+001, 0.000000e+000, 0.000000e+000, 0.000000e+000, 0.000000e+000
 1.557000e-001,-1.847903e+003, 3.397102e+003,-1.551077e+003,-1.763038e+001,-7.935517e+001,-2.961280e+001, 0.000000e+000, 0.000000e+000, 0.000000e+000, 0.000000e+000
 1.557500e-001,-1.901119e+003, 3.392901e+003,-1.493729e+003,-1.868722e+001,-7.998219e+001,-2.750124e+001, 0.000000e+000, 0.000000e+000, 0.000000e+000, 0.000000e+000
 1.558000e-001,-1.953774e+003, 3.387417e+003,-1.435877e+003,-1.974467e+001,-8.058767e+001,-2.538721e+001, 0.000000e+000, 0.000000e+000, 0.000000e+000, 0.000000e+000
 1.558500e-001,-2.005629e+003, 3.380799e+003,-1.377489e+003,-2.080173e+001,-8.117089e+001,-2.327146e+001, 0.000000e+000, 0.000000e+000, 0.000000e+000, 0.000000e+000
 1.559000e-001,-2.056881e+003, 3.372906e+003,-1.318644e+003,-2.185786e+001,-8.173135e+001,-2.115421e+001, 0.000000e+000, 0.000000e+000, 0.000000e+000, 0.000000e+000
 1.559500e-001,-2.107302e+003, 3.363881e+003,-1.259298e+003,-2.291200e+001,-8.226827e+001,-1.903621e+001, 0.000000e+000, 0.000000e+000, 0.000000e+000, 0.000000e+000
 1.560000e-001,-2.157076e+003, 3.353590e+003,-1.199547e+003,-2.396361e+001,-8.278117e+001,-1.691759e+001, 0.000000e+000, 0.000000e+000, 0.000000e+000, 0.000000e+000
 1.560500e-001,-2.205993e+003, 3.342168e+003,-1.139327e+003,-2.501159e+001,-8.326923e+001,-1.479909e+001, 0.000000e+000, 0.000000e+000, 0.000000e+000, 0.000000e+000
 1.561000e-001,-2.254220e+003, 3.329494e+003,-1.078754e+003,-2.605536e+001,-8.373195e+001,-1.268079e+001, 0.000000e+000, 0.000000e+000, 0.000000e+000, 0.000000e+000
 1.561500e-001,-2.301563e+003, 3.315692e+003,-1.017747e+003,-2.709383e+001,-8.416847e+001,-1.056340e+001, 0.000000e+000, 0.000000e+000, 0.000000e+000, 0.000000e+000
 1.562000e-001,-2.348176e+003, 3.300651e+003,-9.564403e+002,-2.812636e+001,-8.457833e+001,-8.446963e+000, 0.000000e+000, 0.000000e+000, 0.000000e+000, 0.000000e+000
 1.562500e-001,-2.393876e+003, 3.284487e+003,-8.947328e+002,-2.915189e+001,-8.496062e+001,-6.332145e+000, 0.000000e+000, 0.000000e+000, 0.000000e+000, 0.000000e+000
 1.563000e-001,-2.438809e+003, 3.267103e+003,-8.327790e+002,-3.016972e+001,-8.531489e+001,-4.218962e+000, 0.000000e+000, 0.000000e+000, 0.000000e+000, 0.000000e+000
 1.563500e-001,-2.482802e+003, 3.248599e+003,-7.704594e+002,-3.117883e+001,-8.564021e+001,-2.108052e+000, 0.000000e+000, 0.000000e+000, 0.000000e+000, 0.000000e+000
 1.564000e-001,-2.525992e+003, 3.228895e+003,-7.079470e+002,-3.217848e+001,-8.593616e+001, 5.815951e-004, 0.000000e+000, 0.000000e+000, 0.000000e+000, 0.000000e+000
 1.564500e-001,-2.568215e+003, 3.208078e+003,-6.451044e+002,-3.316771e+001,-8.620181e+001, 2.106347e+000, 0.000000e+000, 0.000000e+000, 0.000000e+000, 0.000000e+000
 1.565000e-001,-2.609602e+003, 3.186082e+003,-5.821220e+002,-3.414569e+001,-8.643674e+001, 4.209229e+000, 0.000000e+000, 0.000000e+000, 0.000000e+000, 0.000000e+000
 1.565500e-001,-2.649992e+003, 3.162980e+003,-5.188464e+002,-3.511156e+001,-8.664004e+001, 6.308688e+000, 0.000000e+000, 0.000000e+000, 0.000000e+000, 0.000000e+000
 1.566000e-001,-2.689519e+003, 3.138723e+003,-4.554833e+002,-3.606444e+001,-8.681131e+001, 8.404683e+000, 0.000000e+000, 0.000000e+000, 0.000000e+000, 0.000000e+000
 1.566500e-001,-2.728019e+003, 3.113371e+003,-3.918654e+002,-3.700353e+001,-8.694965e+001, 1.049673e+001, 0.000000e+000, 0.000000e+000, 0.000000e+000, 0.000000e+000
 1.567000e-001,-2.765629e+003, 3.086888e+003,-3.282111e+002,-3.792793e+001,-8.705470e+001, 1.258474e+001, 0.000000e+000, 0.000000e+000, 0.000000e+000, 0.000000e+000
 1.567500e-001,-2.802184e+003, 3.059320e+003,-2.643419e+002,-3.883689e+001,-8.712558e+001, 1.466829e+001, 0.000000e+000, 0.000000e+000, 0.000000e+000, 0.000000e+000
 1.568000e-001,-2.837824e+003, 3.030649e+003,-2.004860e+002,-3.972950e+001,-8.716198e+001, 1.674723e+001, 0.000000e+000, 0.000000e+000, 0.000000e+000, 0.000000e+000
 1.568500e-001,-2.872380e+003, 3.000905e+003,-1.364571e+002,-4.060509e+001,-8.716306e+001, 1.882120e+001, 0.000000e+000, 0.000000e+000, 0.000000e+000, 0.000000e+000
 1.569000e-001,-2.906002e+003, 2.970086e+003,-7.248950e+001,-4.146273e+001,-8.712853e+001, 2.088999e+001, 0.000000e+000, 0.000000e+000, 0.000000e+000, 0.000000e+000
 1.569500e-001,-2.938509e+003, 2.938209e+003,-8.392458e+000,-4.230185e+001,-8.705763e+001, 2.295328e+001, 0.000000e+000, 0.000000e+000, 0.000000e+000, 0.000000e+000
 1.570000e-001,-2.970063e+003, 2.905287e+003, 5.559702e+001,-4.312148e+001,-8.695010e+001, 2.501079e+001, 0.000000e+000, 0.000000e+000, 0.000000e+000, 0.000000e+000
 1.570500e-001,-3.000474e+003, 2.871323e+003, 1.196705e+002,-4.392113e+001,-8.680525e+001, 2.706225e+001, 0.000000e+000, 0.000000e+000, 0.000000e+000, 0.000000e+000
 1.571000e-001,-3.029917e+003, 2.836344e+003, 1.835921e+002,-4.469989e+001,-8.662286e+001, 2.910730e+001, 0.000000e+000, 0.000000e+000, 0.000000e+000, 0.000000e+000
 1.571500e-001,-3.058188e+003, 2.800342e+003, 2.475504e+002,-4.545729e+001,-8.640234e+001, 3.114571e+001, 0.000000e+000, 0.000000e+000, 0.000000e+000, 0.000000e+000
 1.572000e-001,-3.085476e+003, 2.763357e+003, 3.113145e+002,-4.619247e+001,-8.614349e+001, 3.317704e+001, 0.000000e+000, 0.000000e+000, 0.000000e+000, 0.000000e+000
 1.572500e-001,-3.111567e+003, 2.725369e+003, 3.750665e+002,-4.690501e+001,-8.584584e+001, 3.520109e+001, 0.000000e+000, 0.000000e+000, 0.000000e+000, 0.000000e+000
 1.573000e-001,-3.136662e+003, 2.686430e+003, 4.385836e+002,-4.759413e+001,-8.550923e+001, 3.721733e+001, 0.000000e+000, 0.000000e+000, 0.000000e+000, 0.000000e+000
 1.573500e-001,-3.160535e+003, 2.646512e+003, 5.020384e+002,-4.825942e+001,-8.513330e+001, 3.922560e+001, 0.000000e+000, 0.000000e+000, 0.000000e+000, 0.000000e+000
 1.574000e-001,-3.183400e+003, 2.605674e+003, 5.652195e+002,-4.890020e+001,-8.471793e+001, 4.122528e+001, 0.000000e+000, 0.000000e+000, 0.000000e+000, 0.000000e+000
 1.574500e-001,-3.205021e+003, 2.563885e+003, 6.282869e+002,-4.951609e+001,-8.426290e+001, 4.321622e+001, 0.000000e+000, 0.000000e+000, 0.000000e+000, 0.000000e+000
 1.575000e-001,-3.225621e+003, 2.521206e+003, 6.910436e+002,-5.010651e+001,-8.376812e+001, 4.519774e+001, 0.000000e+000, 0.000000e+000, 0.000000e+000, 0.000000e+000
 1.575500e-001,-3.244961e+003, 2.477606e+003, 7.536340e+002,-5.067108e+001,-8.323351e+001, 4.716967e+001, 0.000000e+000, 0.000000e+000, 0.000000e+000, 0.000000e+000
 1.576000e-001,-3.263266e+003, 2.433147e+003, 8.158780e+002,-5.120935e+001,-8.265903e+001, 4.913126e+001, 0.000000e+000, 0.000000e+000, 0.000000e+000, 0.000000e+000
 1.576500e-001,-3.280296e+003, 2.387800e+003, 8.779027e+002,-5.172093e+001,-8.204473e+001, 5.108234e+001, 0.000000e+000, 0.000000e+000, 0.000000e+000, 0.000000e+000
 1.577000e-001,-3.296278e+003, 2.341625e+003, 9.395467e+002,-5.220554e+001,-8.139063e+001, 5.302209e+001, 0.000000e+000, 0.000000e+000, 0.000000e+000, 0.000000e+000
 1.577500e-001,-3.310976e+003, 2.294597e+003, 1.000918e+003,-5.266276e+001,-8.069693e+001, 5.495033e+001, 0.000000e+000, 0.000000e+000, 0.000000e+000, 0.000000e+000
 1.578000e-001,-3.324609e+003, 2.246772e+003, 1.061875e+003,-5.309246e+001,-7.996368e+001, 5.686617e+001, 0.000000e+000, 0.000000e+000, 0.000000e+000, 0.000000e+000
 1.578500e-001,-3.336954e+003, 2.198132e+003, 1.122507e+003,-5.349419e+001,-7.919125e+001, 5.876941e+001, 0.000000e+000, 0.000000e+000, 0.000000e+000, 0.000000e+000
 1.579000e-001,-3.348218e+003, 2.148725e+003, 1.182692e+003,-5.386803e+001,-7.837972e+001, 6.065910e+001, 0.000000e+000, 0.000000e+000, 0.000000e+000, 0.000000e+000
 1.579500e-001,-3.358193e+003, 2.098543e+003, 1.242498e+003,-5.421346e+001,-7.752963e+001, 6.253501e+001, 0.000000e+000, 0.000000e+000, 0.000000e+000, 0.000000e+000
 1.580000e-001,-3.367069e+003, 2.047624e+003, 1.301825e+003,-5.453074e+001,-7.664111e+001, 6.439615e+001, 0.000000e+000, 0.000000e+000, 0.000000e+000, 0.000000e+000
 1.580500e-001,-3.374661e+003, 1.995975e+003, 1.360722e+003,-5.481932e+001,-7.571484e+001, 6.624223e+001, 0.000000e+000, 0.000000e+000, 0.000000e+000, 0.000000e+000
 1.581000e-001,-3.381134e+003, 1.943617e+003, 1.419108e+003,-5.507967e+001,-7.475099e+001, 6.807226e+001, 0.000000e+000, 0.000000e+000, 0.000000e+000, 0.000000e+000
 1.581500e-001,-3.386333e+003, 1.890575e+003, 1.477013e+003,-5.531118e+001,-7.375041e+001, 6.988587e+001, 0.000000e+000, 0.000000e+000, 0.000000e+000, 0.000000e+000
 1.582000e-001,-3.390391e+003, 1.836852e+003, 1.534375e+003,-5.551448e+001,-7.271332e+001, 7.168205e+001, 0.000000e+000, 0.000000e+000, 0.000000e+000, 0.000000e+000
 1.582500e-001,-3.393191e+003, 1.782495e+003, 1.591206e+003,-5.568896e+001,-7.164069e+001, 7.346039e+001, 0.000000e+000, 0.000000e+000, 0.000000e+000, 0.000000e+000
 1.583000e-001,-3.394826e+003, 1.727484e+003, 1.647464e+003,-5.583542e+001,-7.053281e+001, 7.521985e+001, 0.000000e+000, 0.000000e+000, 0.000000e+000, 0.000000e+000
 1.583500e-001,-3.395223e+003, 1.671891e+003, 1.703142e+003,-5.595322e+001,-6.939078e+001, 7.695995e+001, 0.000000e+000, 0.000000e+000, 0.000000e+000, 0.000000e+000
 1.584000e-001,-3.394431e+003, 1.615671e+003, 1.758216e+003,-5.604331e+001,-6.821492e+001, 7.867968e+001, 0.000000e+000, 0.000000e+000, 0.000000e+000, 0.000000e+000
 1.584500e-001,-3.392425e+003, 1.558921e+003, 1.812663e+003,-5.610505e+001,-6.700648e+001, 8.037849e+001, 0.000000e+000, 0.000000e+000, 0.000000e+000, 0.000000e+000
 1.585000e-001,-3.389205e+003, 1.501572e+003, 1.866474e+003,-5.613954e+001,-6.576582e+001, 8.205534e+001, 0.000000e+000, 0.000000e+000, 0.000000e+000, 0.000000e+000
 1.585500e-001,-3.384799e+003, 1.443748e+003, 1.919614e+003,-5.614613e+001,-6.449430e+001, 8.370964e+001, 0.000000e+000, 0.000000e+000, 0.000000e+000, 0.000000e+000
 1.586000e-001,-3.379155e+003, 1.385353e+003, 1.972086e+003,-5.612603e+001,-6.319234e+001, 8.534037e+001, 0.000000e+000, 0.000000e+000, 0.000000e+000, 0.000000e+000
 1.586500e-001,-3.372354e+003, 1.326538e+003, 2.023844e+003,-5.607866e+001,-6.186136e+001, 8.694687e+001, 0.000000e+000, 0.000000e+000, 0.000000e+000, 0.000000e+000
 1.587000e-001,-3.364292e+003, 1.267179e+003, 2.074902e+003,-5.600528e+001,-6.050187e+001, 8.852814e+001, 0.000000e+000, 0.000000e+000, 0.000000e+000, 0.000000e+000
 1.587500e-001,-3.355107e+003, 1.207458e+003, 2.125207e+003,-5.590536e+001,-5.911537e+001, 9.008347e+001, 0.000000e+000, 0.000000e+000, 0.000000e+000, 0.000000e+000
 1.588000e-001,-3.344639e+003, 1.147220e+003, 2.174779e+003,-5.578023e+001,-5.770240e+001, 9.161186e+001, 0.000000e+000, 0.000000e+000, 0.000000e+000, 0.000000e+000
 1.588500e-001,-3.333081e+003, 1.086678e+003, 2.223559e+003,-5.562944e+001,-5.626451e+001, 9.311257e+001, 0.000000e+000, 0.000000e+000, 0.000000e+000, 0.000000e+000
 1.589000e-001,-3.320221e+003, 1.025648e+003, 2.271574e+003,-5.545435e+001,-5.480231e+001, 9.458463e+001, 0.000000e+000, 0.000000e+000, 0.000000e+000, 0.000000e+000
 1.589500e-001,-3.306305e+003, 9.643705e+002, 2.318761e+003,-5.525458e+001,-5.331740e+001, 9.602725e+001, 0.000000e+000, 0.000000e+000, 0.000000e+000, 0.000000e+000
 1.590000e-001,-3.291072e+003, 9.026362e+002, 2.365152e+003,-5.503150e+001,-5.181044e+001, 9.743949e+001, 0.000000e+000, 0.000000e+000, 0.000000e+000, 0.000000e+000
 1.590500e-001,-3.274817e+003, 8.407109e+002, 2.410679e+003,-5.478486e+001,-5.028302e+001, 9.882052e+001, 0.000000e+000, 0.000000e+000, 0.000000e+000, 0.000000e+000
 1.591000e-001,-3.257233e+003, 7.783599e+002, 2.455380e+003,-5.451596e+001,-4.873589e+001, 1.001694e+002, 0.000000e+000, 0.000000e+000, 0.000000e+000, 0.000000e+000
 1.591500e-001,-3.238660e+003, 7.158748e+002, 2.499183e+003,-5.422472e+001,-4.717061e+001, 1.014854e+002, 0.000000e+000, 0.000000e+000, 0.000000e+000, 0.000000e+000
 1.592000e-001,-3.218752e+003, 6.529963e+002, 2.542130e+003,-5.391236e+001,-4.558799e+001, 1.027675e+002, 0.000000e+000, 0.000000e+000, 0.000000e+000, 0.000000e+000
 1.592500e-001,-3.197885e+003, 5.900396e+002, 2.584147e+003,-5.357896e+001,-4.398958e+001, 1.040149e+002, 0.000000e+000, 0.000000e+000, 0.000000e+000, 0.000000e+000
 1.593000e-001,-3.175682e+003, 5.267237e+002, 2.625280e+003,-5.322563e+001,-4.237622e+001, 1.052268e+002, 0.000000e+000, 0.000000e+000, 0.000000e+000, 0.000000e+000
 1.593500e-001,-3.152549e+003, 4.633842e+002, 2.665452e+003,-5.285262e+001,-4.074944e+001, 1.064022e+002, 0.000000e+000, 0.000000e+000, 0.000000e+000, 0.000000e+000
 1.594000e-001,-3.128084e+003, 3.997212e+002, 2.704711e+003,-5.246091e+001,-3.911013e+001, 1.075405e+002, 0.000000e+000, 0.000000e+000, 0.000000e+000, 0.000000e+000
 1.594500e-001,-3.102716e+003, 3.360880e+002, 2.742980e+003,-5.205095e+001,-3.745973e+001, 1.086407e+002, 0.000000e+000, 0.000000e+000, 0.000000e+000, 0.000000e+000
 1.595000e-001,-3.076027e+003, 2.721690e+002, 2.780311e+003,-5.162358e+001,-3.579920e+001, 1.097020e+002, 0.000000e+000, 0.000000e+000, 0.000000e+000, 0.000000e+000
 1.595500e-001,-3.048456e+003, 2.083314e+002, 2.816624e+003,-5.117939e+001,-3.412990e+001, 1.107237e+002, 0.000000e+000, 0.000000e+000, 0.000000e+000, 0.000000e+000
 1.596000e-001,-3.019584e+003, 1.442476e+002, 2.851972e+003,-5.071910e+001,-3.245282e+001, 1.117049e+002, 0.000000e+000, 0.000000e+000, 0.000000e+000, 0.000000e+000
 1.596500e-001,-2.989848e+003, 8.029498e+001, 2.886277e+003,-5.024346e+001,-3.076925e+001, 1.126450e+002, 0.000000e+000, 0.000000e+000, 0.000000e+000, 0.000000e+000
 1.597000e-001,-2.958835e+003, 1.613779e+001, 2.919594e+003,-4.975301e+001,-2.908020e+001, 1.135431e+002, 0.000000e+000, 0.000000e+000, 0.000000e+000, 0.000000e+000
 1.597500e-001,-2.926974e+003,-4.784040e+001, 2.951840e+003,-4.924869e+001,-2.738686e+001, 1.143986e+002, 0.000000e+000, 0.000000e+000, 0.000000e+000, 0.000000e+000
 1.598000e-001,-2.893867e+003,-1.119795e+002, 2.983078e+003,-4.873086e+001,-2.569027e+001, 1.152107e+002, 0.000000e+000, 0.000000e+000, 0.000000e+000, 0.000000e+000
 1.598500e-001,-2.859924e+003,-1.758940e+002, 3.013220e+003,-4.820061e+001,-2.399150e+001, 1.159789e+002, 0.000000e+000, 0.000000e+000, 0.000000e+000, 0.000000e+000
 1.599000e-001,-2.824773e+003,-2.399236e+002, 3.042334e+003,-4.765812e+001,-2.229162e+001, 1.167023e+002, 0.000000e+000, 0.000000e+000, 0.000000e+000, 0.000000e+000
 1.599500e-001,-2.788795e+003,-3.036852e+002, 3.070330e+003,-4.710463e+001,-2.059158e+001, 1.173804e+002, 0.000000e+000, 0.000000e+000, 0.000000e+000, 0.000000e+000
 1.600000e-001,-2.751652e+003,-3.675142e+002, 3.097279e+003,-4.654014e+001,-1.889246e+001, 1.180126e+002, 0.000000e+000, 0.000000e+000, 0.000000e+000, 0.000000e+000
 1.600500e-001,-2.713688e+003,-4.310342e+002, 3.123087e+003,-4.596600e+001,-1.719507e+001, 1.185984e+002, 0.000000e+000, 0.000000e+000, 0.000000e+000, 0.000000e+000
 1.601000e-001,-2.674609e+003,-4.945718e+002, 3.147832e+003,-4.538207e+001,-1.550053e+001, 1.191371e+002, 0.000000e+000, 0.000000e+000, 0.000000e+000, 0.000000e+000
 1.601500e-001,-2.634713e+003,-5.577617e+002, 3.171415e+003,-4.478977e+001,-1.380950e+001, 1.196284e+002, 0.000000e+000, 0.000000e+000, 0.000000e+000, 0.000000e+000
 1.602000e-001,-2.593754e+003,-6.209177e+002, 3.193922e+003,-4.418882e+001,-1.212309e+001, 1.200716e+002, 0.000000e+000, 0.000000e+000, 0.000000e+000, 0.000000e+000
 1.602500e-001,-2.551981e+003,-6.836896e+002, 3.215246e+003,-4.358070e+001,-1.044183e+001, 1.204664e+002, 0.000000e+000, 0.000000e+000, 0.000000e+000, 0.000000e+000
 1.603000e-001,-2.509203e+003,-7.463743e+002, 3.235481e+003,-4.296499e+001,-8.766848e+000, 1.208122e+002, 0.000000e+000, 0.000000e+000, 0.000000e+000, 0.000000e+000
 1.603500e-001,-2.465613e+003,-8.086408e+002, 3.254516e+003,-4.234320e+001,-7.098524e+000, 1.211089e+002, 0.000000e+000, 0.000000e+000, 0.000000e+000, 0.000000e+000
 1.604000e-001,-2.421077e+003,-8.707652e+002, 3.272451e+003,-4.171482e+001,-5.437963e+000, 1.213559e+002, 0.000000e+000, 0.000000e+000, 0.000000e+000, 0.000000e+000
 1.604500e-001,-2.375732e+003,-9.324398e+002, 3.289168e+003,-4.108132e+001,-3.785424e+000, 1.215530e+002, 0.000000e+000, 0.000000e+000, 0.000000e+000, 0.000000e+000
 1.605000e-001,-2.329505e+003,-9.939160e+002, 3.304777e+003,-4.044213e+001,-2.141996e+000, 1.217000e+002, 0.000000e+000, 0.000000e+000, 0.000000e+000, 0.000000e+000
 1.605500e-001,-2.282470e+003,-1.054913e+003, 3.319152e+003,-3.979868e+001,-5.078033e-001, 1.217965e+002, 0.000000e+000, 0.000000e+000, 0.000000e+000, 0.000000e+000
 1.606000e-001,-2.234616e+003,-1.115653e+003, 3.332412e+003,-3.915033e+001, 1.116086e+000, 1.218424e+002, 0.000000e+000, 0.000000e+000, 0.000000e+000, 0.000000e+000
 1.606500e-001,-2.185959e+003,-1.175887e+003, 3.344425e+003,-3.849842e+001, 2.729674e+000, 1.218376e+002, 0.000000e+000, 0.000000e+000, 0.000000e+000, 0.000000e+000
 1.607000e-001,-2.136548e+003,-1.235807e+003, 3.355315e+003,-3.784230e+001, 4.331917e+000, 1.217818e+002, 0.000000e+000, 0.000000e+000, 0.000000e+000, 0.000000e+000
 1.607500e-001,-2.086341e+003,-1.295194e+003, 3.364948e+003,-3.718321e+001, 5.922939e+000, 1.216751e+002, 0.000000e+000, 0.000000e+000, 0.000000e+000, 0.000000e+000
 1.608000e-001,-2.035443e+003,-1.354207e+003, 3.373454e+003,-3.652047e+001, 7.501725e+000, 1.215173e+002, 0.000000e+000, 0.000000e+000, 0.000000e+000, 0.000000e+000
 1.608500e-001,-1.983757e+003,-1.412665e+003, 3.380693e+003,-3.585519e+001, 9.068515e+000, 1.213086e+002, 0.000000e+000, 0.000000e+000, 0.000000e+000, 0.000000e+000
 1.609000e-001,-1.931444e+003,-1.470688e+003, 3.386799e+003,-3.518670e+001, 1.062232e+001, 1.210489e+002, 0.000000e+000, 0.000000e+000, 0.000000e+000, 0.000000e+000
 1.609500e-001,-1.878357e+003,-1.528135e+003, 3.391634e+003,-3.451597e+001, 1.216349e+001, 1.207383e+002, 0.000000e+000, 0.000000e+000, 0.000000e+000, 0.000000e+000
 1.610000e-001,-1.824703e+003,-1.585087e+003, 3.395332e+003,-3.384236e+001, 1.369108e+001, 1.203769e+002, 0.000000e+000, 0.000000e+000, 0.000000e+000, 0.000000e+000
 1.610500e-001,-1.770293e+003,-1.641441e+003, 3.397755e+003,-3.316664e+001, 1.520552e+001, 1.199649e+002, 0.000000e+000, 0.000000e+000, 0.000000e+000, 0.000000e+000
 1.611000e-001,-1.715373e+003,-1.697241e+003, 3.399039e+003,-3.248825e+001, 1.670590e+001, 1.195026e+002, 0.000000e+000, 0.000000e+000, 0.000000e+000, 0.000000e+000
 1.611500e-001,-1.659719e+003,-1.752425e+003, 3.399047e+003,-3.180776e+001, 1.819274e+001, 1.189900e+002, 0.000000e+000, 0.000000e+000, 0.000000e+000, 0.000000e+000
 1.612000e-001,-1.603611e+003,-1.806994e+003, 3.397912e+003,-3.112468e+001, 1.966518e+001, 1.184277e+002, 0.000000e+000, 0.000000e+000, 0.000000e+000, 0.000000e+000
 1.612500e-001,-1.546795e+003,-1.860930e+003, 3.395505e+003,-3.043938e+001, 2.112381e+001, 1.178157e+002, 0.000000e+000, 0.000000e+000, 0.000000e+000, 0.000000e+000
 1.613000e-001,-1.489577e+003,-1.914191e+003, 3.391953e+003,-2.975144e+001, 2.256779e+001, 1.171547e+002, 0.000000e+000, 0.000000e+000, 0.000000e+000, 0.000000e+000
 1.613500e-001,-1.431683e+003,-1.966803e+003, 3.387135e+003,-2.906106e+001, 2.399779e+001, 1.164448e+002, 0.000000e+000, 0.000000e+000, 0.000000e+000, 0.000000e+000
 1.614000e-001,-1.373437e+003,-2.018680e+003, 3.381168e+003,-2.836786e+001, 2.541300e+001, 1.156867e+002, 0.000000e+000, 0.000000e+000, 0.000000e+000, 0.000000e+000
 1.614500e-001,-1.314548e+003,-2.069894e+003, 3.373945e+003,-2.767189e+001, 2.681415e+001, 1.148807e+002, 0.000000e+000, 0.000000e+000, 0.000000e+000, 0.000000e+000
 1.615000e-001,-1.255355e+003,-2.120315e+003, 3.365572e+003,-2.697283e+001, 2.820047e+001, 1.140275e+002, 0.000000e+000, 0.000000e+000, 0.000000e+000, 0.000000e+000
 1.615500e-001,-1.195560e+003,-2.170058e+003, 3.355953e+003,-2.627056e+001, 2.957271e+001, 1.131274e+002, 0.000000e+000, 0.000000e+000, 0.000000e+000, 0.000000e+000
 1.616000e-001,-1.135503e+003,-2.218951e+003, 3.345185e+003,-2.556484e+001, 3.093016e+001, 1.121813e+002, 0.000000e+000, 0.000000e+000, 0.000000e+000, 0.000000e+000
 1.616500e-001,-1.074887e+003,-2.267154e+003, 3.333185e+003,-2.485539e+001, 3.227358e+001, 1.111896e+002, 0.000000e+000, 0.000000e+000, 0.000000e+000, 0.000000e+000
 1.617000e-001,-1.014050e+003,-2.314450e+003, 3.320035e+003,-2.414204e+001, 3.360231e+001, 1.101531e+002, 0.000000e+000, 0.000000e+000, 0.000000e+000, 0.000000e+000
 1.617500e-001,-9.527021e+002,-2.361043e+003, 3.305671e+003,-2.342438e+001, 3.491711e+001, 1.090724e+002, 0.000000e+000, 0.000000e+000, 0.000000e+000, 0.000000e+000
 1.618000e-001,-8.911721e+002,-2.406676e+003, 3.290157e+003,-2.270231e+001, 3.621737e+001, 1.079484e+002, 0.000000e+000, 0.000000e+000, 0.000000e+000, 0.000000e+000
 1.618500e-001,-8.291805e+002,-2.451593e+003, 3.273449e+003,-2.197529e+001, 3.750383e+001, 1.067817e+002, 0.000000e+000, 0.000000e+000, 0.000000e+000, 0.000000e+000
 1.619000e-001,-7.670437e+002,-2.495498e+003, 3.255593e+003,-2.124328e+001, 3.877595e+001, 1.055732e+002, 0.000000e+000, 0.000000e+000, 0.000000e+000, 0.000000e+000
 1.619500e-001,-7.044977e+002,-2.538675e+003, 3.236564e+003,-2.050567e+001, 4.003444e+001, 1.043235e+002, 0.000000e+000, 0.000000e+000, 0.000000e+000, 0.000000e+000
 1.620000e-001,-6.418422e+002,-2.580791e+003, 3.216390e+003,-1.976245e+001, 4.127879e+001, 1.030339e+002, 0.000000e+000, 0.000000e+000, 0.000000e+000, 0.000000e+000
 1.620500e-001,-5.788315e+002,-2.622166e+003, 3.195068e+003,-1.901297e+001, 4.250970e+001, 1.017047e+002, 0.000000e+000, 0.000000e+000, 0.000000e+000, 0.000000e+000
 1.621000e-001,-5.157459e+002,-2.662432e+003, 3.172605e+003,-1.825724e+001, 4.372668e+001, 1.003373e+002, 0.000000e+000, 0.000000e+000, 0.000000e+000, 0.000000e+000
 1.621500e-001,-4.523604e+002,-2.701946e+003, 3.149019e+003,-1.749459e+001, 4.493039e+001, 9.893229e+001, 0.000000e+000, 0.000000e+000, 0.000000e+000, 0.000000e+000
 1.622000e-001,-3.889343e+002,-2.740306e+003, 3.124298e+003,-1.672505e+001, 4.612041e+001, 9.749087e+001, 0.000000e+000, 0.000000e+000, 0.000000e+000, 0.000000e+000
 1.622500e-001,-3.252640e+002,-2.777901e+003, 3.098482e+003,-1.594795e+001, 4.729731e+001, 9.601367e+001, 0.000000e+000, 0.000000e+000, 0.000000e+000, 0.000000e+000
 1.623000e-001,-2.615876e+002,-2.814302e+003, 3.071538e+003,-1.516335e+001, 4.846073e+001, 9.450203e+001, 0.000000e+000, 0.000000e+000, 0.000000e+000, 0.000000e+000
 1.623500e-001,-1.977224e+002,-2.849923e+003, 3.043529e+003,-1.437059e+001, 4.961117e+001, 9.295660e+001, 0.000000e+000, 0.000000e+000, 0.000000e+000, 0.000000e+000
 1.624000e-001,-1.338863e+002,-2.884313e+003, 3.014400e+003,-1.356973e+001, 5.074833e+001, 9.137870e+001, 0.000000e+000, 0.000000e+000, 0.000000e+000, 0.000000e+000
 1.624500e-001,-6.991634e+001,-2.917909e+003, 2.984236e+003,-1.276018e+001, 5.187259e+001, 8.976903e+001, 0.000000e+000, 0.000000e+000, 0.000000e+000, 0.000000e+000
 1.625000e-001,-6.011315e+000,-2.950241e+003, 2.952965e+003,-1.194201e+001, 5.298374e+001, 8.812893e+001, 0.000000e+000, 0.000000e+000, 0.000000e+000, 0.000000e+000
 1.625500e-001, 5.797351e+001,-2.981761e+003, 2.920689e+003,-1.111468e+001, 5.408204e+001, 8.645913e+001, 0.000000e+000, 0.000000e+000, 0.000000e+000, 0.000000e+000
 1.626000e-001, 1.218564e+002,-3.011989e+003, 2.887320e+003,-1.027826e+001, 5.516735e+001, 8.476095e+001, 0.000000e+000, 0.000000e+000, 0.000000e+000, 0.000000e+000
 1.626500e-001, 1.857665e+002,-3.041388e+003, 2.852979e+003,-9.432319e+000, 5.623980e+001, 8.303516e+001, 0.000000e+000, 0.000000e+000, 0.000000e+000, 0.000000e+000
 1.627000e-001, 2.495363e+002,-3.069470e+003, 2.817560e+003,-8.576906e+000, 5.729932e+001, 8.128307e+001, 0.000000e+000, 0.000000e+000, 0.000000e+000, 0.000000e+000
 1.627500e-001, 3.132822e+002,-3.096704e+003, 2.781201e+003,-7.711699e+000, 5.834592e+001, 7.950546e+001, 0.000000e+000, 0.000000e+000, 0.000000e+000, 0.000000e+000
 1.628000e-001, 3.768481e+002,-3.122600e+003, 2.743783e+003,-6.836751e+000, 5.937960e+001, 7.770361e+001, 0.000000e+000, 0.000000e+000, 0.000000e+000, 0.000000e+000
 1.628500e-001, 4.403408e+002,-3.147628e+003, 2.705458e+003,-5.951843e+000, 6.040021e+001, 7.587834e+001, 0.000000e+000, 0.000000e+000, 0.000000e+000, 0.000000e+000
 1.629000e-001, 5.036126e+002,-3.171303e+003, 2.666096e+003,-5.057044e+000, 6.140783e+001, 7.403089e+001, 0.000000e+000, 0.000000e+000, 0.000000e+000, 0.000000e+000
 1.629500e-001, 5.667634e+002,-3.194088e+003, 2.625860e+003,-4.152240e+000, 6.240218e+001, 7.216209e+001, 0.000000e+000, 0.000000e+000, 0.000000e+000, 0.000000e+000
 1.630000e-001, 6.296512e+002,-3.215508e+003, 2.584610e+003,-3.237521e+000, 6.338340e+001, 7.027313e+001, 0.000000e+000, 0.000000e+000, 0.000000e+000, 0.000000e+000
 1.630500e-001, 6.923718e+002,-3.236014e+003, 2.542519e+003,-2.312882e+000, 6.435105e+001, 6.836487e+001, 0.000000e+000, 0.000000e+000, 0.000000e+000, 0.000000e+000
 1.631000e-001, 7.547867e+002,-3.255151e+003, 2.499441e+003,-1.378441e+000, 6.530534e+001, 6.643841e+001, 0.000000e+000, 0.000000e+000, 0.000000e+000, 0.000000e+000
 1.631500e-001, 8.169894e+002,-3.273348e+003, 2.455555e+003,-4.342955e-001, 6.624570e+001, 6.449464e+001, 0.000000e+000, 0.000000e+000, 0.000000e+000, 0.000000e+000
 1.632000e-001, 8.788431e+002,-3.290174e+003, 2.410712e+003, 5.193918e-001, 6.717238e+001, 6.253460e+001, 0.000000e+000, 0.000000e+000, 0.000000e+000, 0.000000e+000
 1.632500e-001, 9.404409e+002,-3.306033e+003, 2.365094e+003, 1.482432e+000, 6.808466e+001, 6.055919e+001, 0.000000e+000, 0.000000e+000, 0.000000e+000, 0.000000e+000
 1.633000e-001, 1.001646e+003,-3.320525e+003, 2.318550e+003, 2.454605e+000, 6.898286e+001, 5.856936e+001, 0.000000e+000, 0.000000e+000, 0.000000e+000, 0.000000e+000
 1.633500e-001, 1.062553e+003,-3.334022e+003, 2.271265e+003, 3.435642e+000, 6.986610e+001, 5.656600e+001, 0.000000e+000, 0.000000e+000, 0.000000e+000, 0.000000e+000
 1.634000e-001, 1.123024e+003,-3.346160e+003, 2.223087e+003, 4.425251e+000, 7.073477e+001, 5.455002e+001, 0.000000e+000, 0.000000e+000, 0.000000e+000, 0.000000e+000
 1.634500e-001, 1.183153e+003,-3.357273e+003, 2.174204e+003, 5.423097e+000, 7.158784e+001, 5.252228e+001, 0.000000e+000, 0.000000e+000, 0.000000e+000, 0.000000e+000
 1.635000e-001, 1.242805e+003,-3.367041e+003, 2.124461e+003, 6.428803e+000, 7.242575e+001, 5.048362e+001, 0.000000e+000, 0.000000e+000, 0.000000e+000, 0.000000e+000
 1.635500e-001, 1.302072e+003,-3.375752e+003, 2.074048e+003, 7.441986e+000, 7.324734e+001, 4.843488e+001, 0.000000e+000, 0.000000e+000, 0.000000e+000, 0.000000e+000
 1.636000e-001, 1.360821e+003,-3.383135e+003, 2.022813e+003, 8.462169e+000, 7.405305e+001, 4.637683e+001, 0.000000e+000, 0.000000e+000, 0.000000e+000, 0.000000e+000
 1.636500e-001, 1.419144e+003,-3.389431e+003, 1.970944e+003, 9.488935e+000, 7.484163e+001, 4.431030e+001, 0.000000e+000, 0.000000e+000, 0.000000e+000, 0.000000e+000
 1.637000e-001, 1.476908e+003,-3.394419e+003, 1.918290e+003, 1.052170e+001, 7.561356e+001, 4.223596e+001, 0.000000e+000, 0.000000e+000, 0.000000e+000, 0.000000e+000
 1.637500e-001, 1.534202e+003,-3.398288e+003, 1.865038e+003, 1.156003e+001, 7.636745e+001, 4.015462e+001, 0.000000e+000, 0.000000e+000, 0.000000e+000, 0.000000e+000
 1.638000e-001, 1.590901e+003,-3.400875e+003, 1.811041e+003, 1.260322e+001, 7.710379e+001, 3.806691e+001, 0.000000e+000, 0.000000e+000, 0.000000e+000, 0.000000e+000
 1.638500e-001, 1.647086e+003,-3.402310e+003, 1.756483e+003, 1.365084e+001, 7.782113e+001, 3.597356e+001, 0.000000e+000, 0.000000e+000, 0.000000e+000, 0.000000e+000
 1.639000e-001, 1.702641e+003,-3.402491e+003, 1.701221e+003, 1.470207e+001, 7.851994e+001, 3.387516e+001, 0.000000e+000, 0.000000e+000, 0.000000e+000, 0.000000e+000
 1.639500e-001, 1.757636e+003,-3.401490e+003, 1.645434e+003, 1.575646e+001, 7.919870e+001, 3.177239e+001, 0.000000e+000, 0.000000e+000, 0.000000e+000, 0.000000e+000
 1.640000e-001, 1.811970e+003,-3.399264e+003, 1.588986e+003, 1.681309e+001, 7.985786e+001, 2.966580e+001, 0.000000e+000, 0.000000e+000, 0.000000e+000, 0.000000e+000
 1.640500e-001, 1.865698e+003,-3.395826e+003, 1.532053e+003, 1.787154e+001, 8.049586e+001, 2.755601e+001, 0.000000e+000, 0.000000e+000, 0.000000e+000, 0.000000e+000
 1.641000e-001, 1.918735e+003,-3.391196e+003, 1.474500e+003, 1.893075e+001, 8.111312e+001, 2.544351e+001, 0.000000e+000, 0.000000e+000, 0.000000e+000, 0.000000e+000
 1.641500e-001, 1.971118e+003,-3.385326e+003, 1.416500e+003, 1.999033e+001, 8.170803e+001, 2.332888e+001, 0.000000e+000, 0.000000e+000, 0.000000e+000, 0.000000e+000
 1.642000e-001, 2.022785e+003,-3.378298e+003, 1.357924e+003, 2.104913e+001, 8.228099e+001, 2.121257e+001, 0.000000e+000, 0.000000e+000, 0.000000e+000, 0.000000e+000
 1.642500e-001, 2.073749e+003,-3.370004e+003, 1.298942e+003, 2.210676e+001, 8.283038e+001, 1.909510e+001, 0.000000e+000, 0.000000e+000, 0.000000e+000, 0.000000e+000
 1.643000e-001, 2.123973e+003,-3.360586e+003, 1.239427e+003, 2.316198e+001, 8.335653e+001, 1.697688e+001, 0.000000e+000, 0.000000e+000, 0.000000e+000, 0.000000e+000
 1.643500e-001, 2.173444e+003,-3.349880e+003, 1.179547e+003, 2.421445e+001, 8.385784e+001, 1.485839e+001, 0.000000e+000, 0.000000e+000, 0.000000e+000, 0.000000e+000
 1.644000e-001, 2.222156e+003,-3.338085e+003, 1.119178e+003, 2.526282e+001, 8.433459e+001, 1.274000e+001, 0.000000e+000, 0.000000e+000, 0.000000e+000, 0.000000e+000
 1.644500e-001, 2.270065e+003,-3.324982e+003, 1.058486e+003, 2.630679e+001, 8.478521e+001, 1.062214e+001, 0.000000e+000, 0.000000e+000, 0.000000e+000, 0.000000e+000
 1.645000e-001, 2.317196e+003,-3.310825e+003, 9.973500e+002, 2.734494e+001, 8.520988e+001, 8.505138e+000, 0.000000e+000, 0.000000e+000, 0.000000e+000, 0.000000e+000
 1.645500e-001, 2.363473e+003,-3.295344e+003, 9.359318e+002, 2.837700e+001, 8.560712e+001, 6.389414e+000, 0.000000e+000, 0.000000e+000, 0.000000e+000, 0.000000e+000
 1.646000e-001, 2.408958e+003,-3.278843e+003, 8.741161e+002, 2.940151e+001, 8.597701e+001, 4.275249e+000, 0.000000e+000, 0.000000e+000, 0.000000e+000, 0.000000e+000
 1.646500e-001, 2.453538e+003,-3.261009e+003, 8.120600e+002, 3.041819e+001, 8.631817e+001, 2.163033e+000, 0.000000e+000, 0.000000e+000, 0.000000e+000, 0.000000e+000
 1.647000e-001, 2.497311e+003,-3.242185e+003, 7.496526e+002, 3.142558e+001, 8.663055e+001, 5.301704e-002, 0.000000e+000, 0.000000e+000, 0.000000e+000, 0.000000e+000
 1.647500e-001, 2.540131e+003,-3.222023e+003, 6.870472e+002, 3.242341e+001, 8.691292e+001,-2.054423e+000, 0.000000e+000, 0.000000e+000, 0.000000e+000, 0.000000e+000
 1.648000e-001, 2.582131e+003,-3.200902e+003, 6.241371e+002, 3.341021e+001, 8.716510e+001,-4.159069e+000, 0.000000e+000, 0.000000e+000, 0.000000e+000, 0.000000e+000
 1.648500e-001, 2.623130e+003,-3.178442e+003, 5.610714e+002, 3.438571e+001, 8.738599e+001,-6.260550e+000, 0.000000e+000, 0.000000e+000, 0.000000e+000, 0.000000e+000
 1.649000e-001, 2.663296e+003,-3.155052e+003, 4.977486e+002, 3.534848e+001, 8.757532e+001,-8.358681e+000, 0.000000e+000, 0.000000e+000, 0.000000e+000, 0.000000e+000
 1.649500e-001, 2.702417e+003,-3.130329e+003, 4.343121e+002, 3.629821e+001, 8.773211e+001,-1.045308e+001, 0.000000e+000, 0.000000e+000, 0.000000e+000, 0.000000e+000
 1.650000e-001, 2.740692e+003,-3.104701e+003, 3.706669e+002, 3.723354e+001, 8.785600e+001,-1.254359e+001, 0.000000e+000, 0.000000e+000, 0.000000e+000, 0.000000e+000
 1.650500e-001, 2.777878e+003,-3.077750e+003, 3.069494e+002, 3.815415e+001, 8.794619e+001,-1.462983e+001, 0.000000e+000, 0.000000e+000, 0.000000e+000, 0.000000e+000
 1.651000e-001, 2.814207e+003,-3.049919e+003, 2.430726e+002, 3.905873e+001, 8.800220e+001,-1.671165e+001, 0.000000e+000, 0.000000e+000, 0.000000e+000, 0.000000e+000
 1.651500e-001, 2.849407e+003,-3.020783e+003, 1.791644e+002, 3.994693e+001, 8.802339e+001,-1.878863e+001, 0.000000e+000, 0.000000e+000, 0.000000e+000, 0.000000e+000
 1.652000e-001, 2.883736e+003,-2.990787e+003, 1.151471e+002, 4.081757e+001, 8.800920e+001,-2.086068e+001, 0.000000e+000, 0.000000e+000, 0.000000e+000, 0.000000e+000
 1.652500e-001, 2.916902e+003,-2.959508e+003, 5.113842e+001, 4.167020e+001, 8.795918e+001,-2.292733e+001, 0.000000e+000, 0.000000e+000, 0.000000e+000, 0.000000e+000
 1.653000e-001, 2.949181e+003,-2.927387e+003,-1.292813e+001, 4.250380e+001, 8.787267e+001,-2.498850e+001, 0.000000e+000, 0.000000e+000, 0.000000e+000, 0.000000e+000
 1.653500e-001, 2.980266e+003,-2.894012e+003,-7.694712e+001, 4.331787e+001, 8.774940e+001,-2.704368e+001, 0.000000e+000, 0.000000e+000, 0.000000e+000, 0.000000e+000
 1.654000e-001, 3.010447e+003,-2.859811e+003,-1.409717e+002, 4.411151e+001, 8.758865e+001,-2.909281e+001, 0.000000e+000, 0.000000e+000, 0.000000e+000, 0.000000e+000
 1.654500e-001, 3.039407e+003,-2.824390e+003,-2.049108e+002, 4.488416e+001, 8.739037e+001,-3.113533e+001, 0.000000e+000, 0.000000e+000, 0.000000e+000, 0.000000e+000
 1.655000e-001, 3.067446e+003,-2.788156e+003,-2.688022e+002, 4.563509e+001, 8.715372e+001,-3.317119e+001, 0.000000e+000, 0.000000e+000, 0.000000e+000, 0.000000e+000
 1.655500e-001, 3.094242e+003,-2.750742e+003,-3.325714e+002, 4.636367e+001, 8.687888e+001,-3.519977e+001, 0.000000e+000, 0.000000e+000, 0.000000e+000, 0.000000e+000
 1.656000e-001, 3.120096e+003,-2.712525e+003,-3.962389e+002, 4.706935e+001, 8.656496e+001,-3.722103e+001, 0.000000e+000, 0.000000e+000, 0.000000e+000, 0.000000e+000
 1.656500e-001, 3.144692e+003,-2.673174e+003,-4.597486e+002, 4.775142e+001, 8.621232e+001,-3.923429e+001, 0.000000e+000, 0.000000e+000, 0.000000e+000, 0.000000e+000
 1.657000e-001, 3.168322e+003,-2.633028e+003,-5.231016e+002, 4.840949e+001, 8.582005e+001,-4.123952e+001, 0.000000e+000, 0.000000e+000, 0.000000e+000, 0.000000e+000
 1.657500e-001, 3.190682e+003,-2.591797e+003,-5.862626e+002, 4.904282e+001, 8.538868e+001,-4.323597e+001, 0.000000e+000, 0.000000e+000, 0.000000e+000, 0.000000e+000
 1.658000e-001, 3.212053e+003,-2.549779e+003,-6.492114e+002, 4.965119e+001, 8.491731e+001,-4.522359e+001, 0.000000e+000, 0.000000e+000, 0.000000e+000, 0.000000e+000
 1.658500e-001, 3.232147e+003,-2.506729e+003,-7.119349e+002, 5.023379e+001, 8.440665e+001,-4.720158e+001, 0.000000e+000, 0.000000e+000, 0.000000e+000, 0.000000e+000
 1.659000e-001, 3.251226e+003,-2.462898e+003,-7.743902e+002, 5.079060e+001, 8.385580e+001,-4.916988e+001, 0.000000e+000, 0.000000e+000, 0.000000e+000, 0.000000e+000
 1.659500e-001, 3.269027e+003,-2.418093e+003,-8.365880e+002, 5.132075e+001, 8.326562e+001,-5.112764e+001, 0.000000e+000, 0.000000e+000, 0.000000e+000, 0.000000e+000
 1.660000e-001, 3.285784e+003,-2.372511e+003,-8.984616e+002, 5.182438e+001, 8.263525e+001,-5.307476e+001, 0.000000e+000, 0.000000e+000, 0.000000e+000, 0.000000e+000
 1.660500e-001, 3.301267e+003,-2.326015e+003,-9.600462e+002, 5.230061e+001, 8.196572e+001,-5.501033e+001, 0.000000e+000, 0.000000e+000, 0.000000e+000, 0.000000e+000
 1.661000e-001, 3.315677e+003,-2.278749e+003,-1.021251e+003, 5.274974e+001, 8.125622e+001,-5.693425e+001, 0.000000e+000, 0.000000e+000, 0.000000e+000, 0.000000e+000
 1.661500e-001, 3.328820e+003,-2.230629e+003,-1.082135e+003, 5.317087e+001, 8.050788e+001,-5.884554e+001, 0.000000e+000, 0.000000e+000, 0.000000e+000, 0.000000e+000
 1.662000e-001, 3.340861e+003,-2.181746e+003,-1.142585e+003, 5.356443e+001, 7.971999e+001,-6.074405e+001, 0.000000e+000, 0.000000e+000, 0.000000e+000, 0.000000e+000
 1.662500e-001, 3.351646e+003,-2.132073e+003,-1.202683e+003, 5.392955e+001, 7.889380e+001,-6.262880e+001, 0.000000e+000, 0.000000e+000, 0.000000e+000, 0.000000e+000
 1.663000e-001, 3.361298e+003,-2.081644e+003,-1.262292e+003, 5.426678e+001, 7.802869e+001,-6.449956e+001, 0.000000e+000, 0.000000e+000, 0.000000e+000, 0.000000e+000
 1.663500e-001, 3.369709e+003,-2.030488e+003,-1.321521e+003, 5.457526e+001, 7.712598e+001,-6.635531e+001, 0.000000e+000, 0.000000e+000, 0.000000e+000, 0.000000e+000
 1.664000e-001, 3.376959e+003,-1.978586e+003,-1.380206e+003, 5.485567e+001, 7.618521e+001,-6.819579e+001, 0.000000e+000, 0.000000e+000, 0.000000e+000, 0.000000e+000
 1.664500e-001, 3.382983e+003,-1.926021e+003,-1.438479e+003, 5.510720e+001, 7.520774e+001,-7.001996e+001, 0.000000e+000, 0.000000e+000, 0.000000e+000, 0.000000e+000
 1.665000e-001, 3.387819e+003,-1.872722e+003,-1.496158e+003, 5.533059e+001, 7.419325e+001,-7.182748e+001, 0.000000e+000, 0.000000e+000, 0.000000e+000, 0.000000e+000
 1.665500e-001, 3.391448e+003,-1.818823e+003,-1.553395e+003, 5.552512e+001, 7.314317e+001,-7.361730e+001, 0.000000e+000, 0.000000e+000, 0.000000e+000, 0.000000e+000
 1.666000e-001, 3.393862e+003,-1.764203e+003,-1.609987e+003, 5.569159e+001, 7.205730e+001,-7.538902e+001, 0.000000e+000, 0.000000e+000, 0.000000e+000, 0.000000e+000
 1.666500e-001, 3.395088e+003,-1.709047e+003,-1.666106e+003, 5.582938e+001, 7.093710e+001,-7.714161e+001, 0.000000e+000, 0.000000e+000, 0.000000e+000, 0.000000e+000
 1.667000e-001, 3.395078e+003,-1.653187e+003,-1.721532e+003, 5.593932e+001, 6.978257e+001,-7.887455e+001, 0.000000e+000, 0.000000e+000, 0.000000e+000, 0.000000e+000
 1.667500e-001, 3.393899e+003,-1.596852e+003,-1.776452e+003, 5.602090e+001, 6.859515e+001,-8.058686e+001, 0.000000e+000, 0.000000e+000, 0.000000e+000, 0.000000e+000
 1.668000e-001, 3.391463e+003,-1.539833e+003,-1.830636e+003, 5.607498e+001, 6.737500e+001,-8.227792e+001, 0.000000e+000, 0.000000e+000, 0.000000e+000, 0.000000e+000
 1.668500e-001, 3.387879e+003,-1.482398e+003,-1.884280e+003, 5.610117e+001, 6.612357e+001,-8.394678e+001, 0.000000e+000, 0.000000e+000, 0.000000e+000, 0.000000e+000
 1.669000e-001, 3.383021e+003,-1.424303e+003,-1.937144e+003, 5.610033e+001, 6.484119e+001,-8.559275e+001, 0.000000e+000, 0.000000e+000, 0.000000e+000, 0.000000e+000
 1.669500e-001, 3.377036e+003,-1.365850e+003,-1.989436e+003, 5.607221e+001, 6.352929e+001,-8.721490e+001, 0.000000e+000, 0.000000e+000, 0.000000e+000, 0.000000e+000
 1.670000e-001, 3.369764e+003,-1.306764e+003,-2.040908e+003, 5.601767e+001, 6.218837e+001,-8.881245e+001, 0.000000e+000, 0.000000e+000, 0.000000e+000, 0.000000e+000
 1.670500e-001, 3.361383e+003,-1.247375e+003,-2.091771e+003, 5.593659e+001, 6.081981e+001,-9.038454e+001, 0.000000e+000, 0.000000e+000, 0.000000e+000, 0.000000e+000
 1.671000e-001, 3.351709e+003,-1.187385e+003,-2.141780e+003, 5.582980e+001, 5.942429e+001,-9.193029e+001, 0.000000e+000, 0.000000e+000, 0.000000e+000, 0.000000e+000
 1.671500e-001, 3.340942e+003,-1.127143e+003,-2.191144e+003, 5.569736e+001, 5.800314e+001,-9.344888e+001, 0.000000e+000, 0.000000e+000, 0.000000e+000, 0.000000e+000
 1.672000e-001, 3.328879e+003,-1.066335e+003,-2.239619e+003, 5.554003e+001, 5.655721e+001,-9.493938e+001, 0.000000e+000, 0.000000e+000, 0.000000e+000, 0.000000e+000
 1.672500e-001, 3.315741e+003,-1.005325e+003,-2.287411e+003, 5.535802e+001, 5.508777e+001,-9.640101e+001, 0.000000e+000, 0.000000e+000, 0.000000e+000, 0.000000e+000
 1.673000e-001, 3.301307e+003,-9.437875e+002,-2.334285e+003, 5.515208e+001, 5.359580e+001,-9.783277e+001, 0.000000e+000, 0.000000e+000, 0.000000e+000, 0.000000e+000
 1.673500e-001, 3.285814e+003,-8.820948e+002,-2.380438e+003, 5.492254e+001, 5.208252e+001,-9.923395e+001, 0.000000e+000, 0.000000e+000, 0.000000e+000, 0.000000e+000
 1.674000e-001, 3.269031e+003,-8.199178e+002,-2.425646e+003, 5.467009e+001, 5.054905e+001,-1.006035e+002, 0.000000e+000, 0.000000e+000, 0.000000e+000, 0.000000e+000
 1.674500e-001, 3.251203e+003,-7.576290e+002,-2.470093e+003, 5.439523e+001, 4.899652e+001,-1.019407e+002, 0.000000e+000, 0.000000e+000, 0.000000e+000, 0.000000e+000
 1.675000e-001, 3.232095e+003,-6.949021e+002,-2.513571e+003, 5.409857e+001, 4.742620e+001,-1.032445e+002, 0.000000e+000, 0.000000e+000, 0.000000e+000, 0.000000e+000
 1.675500e-001, 3.211956e+003,-6.321044e+002,-2.556250e+003, 5.378075e+001, 4.583912e+001,-1.045143e+002, 0.000000e+000, 0.000000e+000, 0.000000e+000, 0.000000e+000
 1.676000e-001, 3.190552e+003,-5.689179e+002,-2.597936e+003, 5.344234e+001, 4.423666e+001,-1.057489e+002, 0.000000e+000, 0.000000e+000, 0.000000e+000, 0.000000e+000
 1.676500e-001, 3.168129e+003,-5.056994e+002,-2.638785e+003, 5.308408e+001, 4.261977e+001,-1.069479e+002, 0.000000e+000, 0.000000e+000, 0.000000e+000, 0.000000e+000
 1.677000e-001, 3.144460e+003,-4.421442e+002,-2.678622e+003, 5.270648e+001, 4.098991e+001,-1.081099e+002, 0.000000e+000, 0.000000e+000, 0.000000e+000, 0.000000e+000
 1.677500e-001, 3.119784e+003,-3.785934e+002,-2.717583e+003, 5.231038e+001, 3.934797e+001,-1.092346e+002, 0.000000e+000, 0.000000e+000, 0.000000e+000, 0.000000e+000
 1.678000e-001, 3.093885e+003,-3.147606e+002,-2.755514e+003, 5.189627e+001, 3.769545e+001,-1.103208e+002, 0.000000e+000, 0.000000e+000, 0.000000e+000, 0.000000e+000
 1.678500e-001, 3.066989e+003,-2.509667e+002,-2.792532e+003, 5.146503e+001, 3.603316e+001,-1.113680e+002, 0.000000e+000, 0.000000e+000, 0.000000e+000, 0.000000e+000
 1.679000e-001, 3.038896e+003,-1.869474e+002,-2.828503e+003, 5.101713e+001, 3.436266e+001,-1.123751e+002, 0.000000e+000, 0.000000e+000, 0.000000e+000, 0.000000e+000
 1.679500e-001, 3.009819e+003,-1.229999e+002,-2.863524e+003, 5.055351e+001, 3.268468e+001,-1.133417e+002, 0.000000e+000, 0.000000e+000, 0.000000e+000, 0.000000e+000
 1.680000e-001, 2.979574e+003,-5.888522e+001,-2.897484e+003, 5.007458e+001, 3.100079e+001,-1.142667e+002, 0.000000e+000, 0.000000e+000, 0.000000e+000, 0.000000e+000
 1.680500e-001, 2.948357e+003, 5.125996e+000,-2.930460e+003, 4.958134e+001, 2.931165e+001,-1.151496e+002, 0.000000e+000, 0.000000e+000, 0.000000e+000, 0.000000e+000
 1.681000e-001, 2.916002e+003, 6.924515e+001,-2.962360e+003, 4.907415e+001, 2.761883e+001,-1.159894e+002, 0.000000e+000, 0.000000e+000, 0.000000e+000, 0.000000e+000
 1.681500e-001, 2.882690e+003, 1.332301e+002,-2.993243e+003, 4.855402e+001, 2.592290e+001,-1.167859e+002, 0.000000e+000, 0.000000e+000, 0.000000e+000, 0.000000e+000
 1.682000e-001, 2.848272e+003, 1.972630e+002,-3.023037e+003, 4.802132e+001, 2.422544e+001,-1.175379e+002, 0.000000e+000, 0.000000e+000, 0.000000e+000, 0.000000e+000
 1.682500e-001, 2.812911e+003, 2.611318e+002,-3.051785e+003, 4.747701e+001, 2.252695e+001,-1.182451e+002, 0.000000e+000, 0.000000e+000, 0.000000e+000, 0.000000e+000
 1.683000e-001, 2.776479e+003, 3.249881e+002,-3.079428e+003, 4.692146e+001, 2.082894e+001,-1.189067e+002, 0.000000e+000, 0.000000e+000, 0.000000e+000, 0.000000e+000
 1.683500e-001, 2.739122e+003, 3.886508e+002,-3.106001e+003, 4.635560e+001, 1.913187e+001,-1.195223e+002, 0.000000e+000, 0.000000e+000, 0.000000e+000, 0.000000e+000
 1.684000e-001, 2.700728e+003, 4.522406e+002,-3.131454e+003, 4.577977e+001, 1.743719e+001,-1.200912e+002, 0.000000e+000, 0.000000e+000, 0.000000e+000, 0.000000e+000
 1.684500e-001, 2.661428e+003, 5.156074e+002,-3.155814e+003, 4.519487e+001, 1.574530e+001,-1.206129e+002, 0.000000e+000, 0.000000e+000, 0.000000e+000, 0.000000e+000
 1.685000e-001, 2.621127e+003, 5.788416e+002,-3.179040e+003, 4.460124e+001, 1.405759e+001,-1.210869e+002, 0.000000e+000, 0.000000e+000, 0.000000e+000, 0.000000e+000
 1.685500e-001, 2.579940e+003, 6.418232e+002,-3.201152e+003, 4.399968e+001, 1.237439e+001,-1.215127e+002, 0.000000e+000, 0.000000e+000, 0.000000e+000, 0.000000e+000
 1.686000e-001, 2.537789e+003, 7.046130e+002,-3.222115e+003, 4.339054e+001, 1.069700e+001,-1.218899e+002, 0.000000e+000, 0.000000e+000, 0.000000e+000, 0.000000e+000
 1.686500e-001, 2.494777e+003, 7.671206e+002,-3.241951e+003, 4.277454e+001, 9.025718e+000,-1.222181e+002, 0.000000e+000, 0.000000e+000, 0.000000e+000, 0.000000e+000
 1.687000e-001, 2.450836e+003, 8.293784e+002,-3.260620e+003, 4.215200e+001, 7.361738e+000,-1.224970e+002, 0.000000e+000, 0.000000e+000, 0.000000e+000, 0.000000e+000
 1.687500e-001, 2.406060e+003, 8.913235e+002,-3.278150e+003, 4.152359e+001, 5.705313e+000,-1.227261e+002, 0.000000e+000, 0.000000e+000, 0.000000e+000, 0.000000e+000
 1.688000e-001, 2.360392e+003, 9.529622e+002,-3.294497e+003, 4.088959e+001, 4.057535e+000,-1.229052e+002, 0.000000e+000, 0.000000e+000, 0.000000e+000, 0.000000e+000
 1.688500e-001, 2.313917e+003, 1.014257e+003,-3.309698e+003, 4.025057e+001, 2.418614e+000,-1.230340e+002, 0.000000e+000, 0.000000e+000, 0.000000e+000, 0.000000e+000
 1.689000e-001, 2.266588e+003, 1.075191e+003,-3.323697e+003, 3.960681e+001, 7.895336e-001,-1.231125e+002, 0.000000e+000, 0.000000e+000, 0.000000e+000, 0.000000e+000
 1.689500e-001, 2.218481e+003, 1.135750e+003,-3.336548e+003, 3.895878e+001,-8.295336e-001,-1.231401e+002, 0.000000e+000, 0.000000e+000, 0.000000e+000, 0.000000e+000
 1.690000e-001, 2.169558e+003, 1.195893e+003,-3.348179e+003, 3.830672e+001,-2.437721e+000,-1.231171e+002, 0.000000e+000, 0.000000e+000, 0.000000e+000, 0.000000e+000
 1.690500e-001, 2.119890e+003, 1.255630e+003,-3.358662e+003, 3.765101e+001,-4.034885e+000,-1.230430e+002, 0.000000e+000, 0.000000e+000, 0.000000e+000, 0.000000e+000
 1.691000e-001, 2.069444e+003, 1.314899e+003,-3.367905e+003, 3.699186e+001,-5.620277e+000,-1.229182e+002, 0.000000e+000, 0.000000e+000, 0.000000e+000, 0.000000e+000
 1.691500e-001, 2.018286e+003, 1.373729e+003,-3.376005e+003, 3.632957e+001,-7.193785e+000,-1.227421e+002, 0.000000e+000, 0.000000e+000, 0.000000e+000, 0.000000e+000
 1.692000e-001, 1.966388e+003, 1.432042e+003,-3.382847e+003, 3.566428e+001,-8.754772e+000,-1.225152e+002, 0.000000e+000, 0.000000e+000, 0.000000e+000, 0.000000e+000
 1.692500e-001, 1.913814e+003, 1.489881e+003,-3.388553e+003, 3.499623e+001,-1.030315e+001,-1.222371e+002, 0.000000e+000, 0.000000e+000, 0.000000e+000, 0.000000e+000
 1.693000e-001, 1.860540e+003, 1.547157e+003,-3.392983e+003, 3.432548e+001,-1.183840e+001,-1.219085e+002, 0.000000e+000, 0.000000e+000, 0.000000e+000, 0.000000e+000
 1.693500e-001, 1.806626e+003, 1.603924e+003,-3.396286e+003, 3.365223e+001,-1.336046e+001,-1.215289e+002, 0.000000e+000, 0.000000e+000, 0.000000e+000, 0.000000e+000
 1.694000e-001, 1.752053e+003, 1.660081e+003,-3.398296e+003, 3.297645e+001,-1.486891e+001,-1.210991e+002, 0.000000e+000, 0.000000e+000, 0.000000e+000, 0.000000e+000
 1.694500e-001, 1.696875e+003, 1.715696e+003,-3.399191e+003, 3.229829e+001,-1.636371e+001,-1.206187e+002, 0.000000e+000, 0.000000e+000, 0.000000e+000, 0.000000e+000
 1.695000e-001, 1.641082e+003, 1.770657e+003,-3.398777e+003, 3.161764e+001,-1.784454e+001,-1.200885e+002, 0.000000e+000, 0.000000e+000, 0.000000e+000, 0.000000e+000
 1.695500e-001, 1.584720e+003, 1.825041e+003,-3.397263e+003, 3.093462e+001,-1.931138e+001,-1.195083e+002, 0.000000e+000, 0.000000e+000, 0.000000e+000, 0.000000e+000
 1.696000e-001, 1.527787e+003, 1.878728e+003,-3.394425e+003, 3.024901e+001,-2.076402e+001,-1.188790e+002, 0.000000e+000, 0.000000e+000, 0.000000e+000, 0.000000e+000
 1.696500e-001, 1.470322e+003, 1.931803e+003,-3.390503e+003, 2.956091e+001,-2.220243e+001,-1.182004e+002, 0.000000e+000, 0.000000e+000, 0.000000e+000, 0.000000e+000
 1.697000e-001, 1.412331e+003, 1.984142e+003,-3.385245e+003, 2.887002e+001,-2.362648e+001,-1.174735e+002, 0.000000e+000, 0.000000e+000, 0.000000e+000, 0.000000e+000
 1.697500e-001, 1.353844e+003, 2.035833e+003,-3.378920e+003, 2.817643e+001,-2.503618e+001,-1.166982e+002, 0.000000e+000, 0.000000e+000, 0.000000e+000, 0.000000e+000
 1.698000e-001, 1.294880e+003, 2.086751e+003,-3.371249e+003, 2.747971e+001,-2.643147e+001,-1.158755e+002, 0.000000e+000, 0.000000e+000, 0.000000e+000, 0.000000e+000
 1.698500e-001, 1.235453e+003, 2.136984e+003,-3.362528e+003, 2.677997e+001,-2.781235e+001,-1.150055e+002, 0.000000e+000, 0.000000e+000, 0.000000e+000, 0.000000e+000
 1.699000e-001, 1.175602e+003, 2.186409e+003,-3.352455e+003, 2.607669e+001,-2.917884e+001,-1.140892e+002, 0.000000e+000, 0.000000e+000, 0.000000e+000, 0.000000e+000
 1.699500e-001, 1.115321e+003, 2.235114e+003,-3.341349e+003, 2.536998e+001,-3.053095e+001,-1.131268e+002, 0.000000e+000, 0.000000e+000, 0.000000e+000, 0.000000e+000
 1.700000e-001, 1.054668e+003, 2.282975e+003,-3.328888e+003, 2.465923e+001,-3.186875e+001,-1.121192e+002, 0.000000e+000, 0.000000e+000, 0.000000e+000, 0.000000e+000
 1.700500e-001, 9.936179e+002, 2.330082e+003,-3.315412e+003, 2.394456e+001,-3.319225e+001,-1.110670e+002, 0.000000e+000, 0.000000e+000, 0.000000e+000, 0.000000e+000
 1.701000e-001, 9.322518e+002, 2.376313e+003,-3.300583e+003, 2.322527e+001,-3.450158e+001,-1.099710e+002, 0.000000e+000, 0.000000e+000, 0.000000e+000, 0.000000e+000
 1.701500e-001, 8.705182e+002, 2.421754e+003,-3.284753e+003, 2.250154e+001,-3.579674e+001,-1.088318e+002, 0.000000e+000, 0.000000e+000, 0.000000e+000, 0.000000e+000
 1.702000e-001, 8.085272e+002, 2.466290e+003,-3.267577e+003, 2.177256e+001,-3.707789e+001,-1.076503e+002, 0.000000e+000, 0.000000e+000, 0.000000e+000, 0.000000e+000
 1.702500e-001, 7.461977e+002, 2.510001e+003,-3.249415e+003, 2.103855e+001,-3.834504e+001,-1.064272e+002, 0.000000e+000, 0.000000e+000, 0.000000e+000, 0.000000e+000
 1.703000e-001, 6.836710e+002, 2.552779e+003,-3.229917e+003, 2.029864e+001,-3.959837e+001,-1.051634e+002, 0.000000e+000, 0.000000e+000, 0.000000e+000, 0.000000e+000
 1.703500e-001, 6.208337e+002, 2.594698e+003,-3.209447e+003, 1.955308e+001,-4.083789e+001,-1.038597e+002, 0.000000e+000, 0.000000e+000, 0.000000e+000, 0.000000e+000
 1.704000e-001, 5.578610e+002, 2.635656e+003,-3.187655e+003, 1.880095e+001,-4.206379e+001,-1.025170e+002, 0.000000e+000, 0.000000e+000, 0.000000e+000, 0.000000e+000
 1.704500e-001, 4.946047e+002, 2.675723e+003,-3.164904e+003, 1.804254e+001,-4.327607e+001,-1.011363e+002, 0.000000e+000, 0.000000e+000, 0.000000e+000, 0.000000e+000
 1.705000e-001, 4.312760e+002, 2.714804e+003,-3.140852e+003, 1.727692e+001,-4.447494e+001,-9.971835e+001, 0.000000e+000, 0.000000e+000, 0.000000e+000, 0.000000e+000
 1.705500e-001, 3.676902e+002, 2.752961e+003,-3.115850e+003, 1.650438e+001,-4.566037e+001,-9.826433e+001, 0.000000e+000, 0.000000e+000, 0.000000e+000, 0.000000e+000
 1.706000e-001, 3.040956e+002, 2.790110e+003,-3.089573e+003, 1.572399e+001,-4.683258e+001,-9.677489e+001, 0.000000e+000, 0.000000e+000, 0.000000e+000, 0.000000e+000
 1.706500e-001, 2.402705e+002, 2.826302e+003,-3.062354e+003, 1.493608e+001,-4.799152e+001,-9.525140e+001, 0.000000e+000, 0.000000e+000, 0.000000e+000, 0.000000e+000
 1.707000e-001, 1.765002e+002, 2.861465e+003,-3.033891e+003, 1.413974e+001,-4.913741e+001,-9.369440e+001, 0.000000e+000, 0.000000e+000, 0.000000e+000, 0.000000e+000
 1.707500e-001, 1.125262e+002, 2.895642e+003,-3.004493e+003, 1.333531e+001,-5.027017e+001,-9.210539e+001, 0.000000e+000, 0.000000e+000, 0.000000e+000, 0.000000e+000
 1.708000e-001, 4.867042e+001, 2.928768e+003,-2.973884e+003, 1.252192e+001,-5.139002e+001,-9.048488e+001, 0.000000e+000, 0.000000e+000, 0.000000e+000, 0.000000e+000
 1.708500e-001,-1.536174e+001, 2.960880e+003,-2.942348e+003, 1.169993e+001,-5.249683e+001,-8.883443e+001, 0.000000e+000, 0.000000e+000, 0.000000e+000, 0.000000e+000
 1.709000e-001,-7.921316e+001, 2.991923e+003,-2.909639e+003, 1.086854e+001,-5.359082e+001,-8.715450e+001, 0.000000e+000, 0.000000e+000, 0.000000e+000, 0.000000e+000
 1.709500e-001,-1.432123e+002, 3.021923e+003,-2.876008e+003, 1.002810e+001,-5.467184e+001,-8.544673e+001, 0.000000e+000, 0.000000e+000, 0.000000e+000, 0.000000e+000
 1.710000e-001,-2.069699e+002, 3.050838e+003,-2.841247e+003, 9.177918e+000,-5.574007e+001,-8.371152e+001, 0.000000e+000, 0.000000e+000, 0.000000e+000, 0.000000e+000
 1.710500e-001,-2.708449e+002, 3.078684e+003,-2.805567e+003, 8.318324e+000,-5.679532e+001,-8.195061e+001, 0.000000e+000, 0.000000e+000, 0.000000e+000, 0.000000e+000
 1.711000e-001,-3.344197e+002, 3.105429e+003,-2.768804e+003, 7.448752e+000,-5.783776e+001,-8.016430e+001, 0.000000e+000, 0.000000e+000, 0.000000e+000, 0.000000e+000
 1.711500e-001,-3.980794e+002, 3.131080e+003,-2.731127e+003, 6.569505e+000,-5.886715e+001,-7.835439e+001, 0.000000e+000, 0.000000e+000, 0.000000e+000, 0.000000e+000
 1.712000e-001,-4.613830e+002, 3.155617e+003,-2.692415e+003, 5.680163e+000,-5.988363e+001,-7.652115e+001, 0.000000e+000, 0.000000e+000, 0.000000e+000, 0.000000e+000
 1.712500e-001,-5.247365e+002, 3.179035e+003,-2.652793e+003, 4.780995e+000,-6.088694e+001,-7.466638e+001, 0.000000e+000, 0.000000e+000, 0.000000e+000, 0.000000e+000
 1.713000e-001,-5.876809e+002, 3.201328e+003,-2.612189e+003, 3.871745e+000,-6.187716e+001,-7.279031e+001, 0.000000e+000, 0.000000e+000, 0.000000e+000, 0.000000e+000
 1.713500e-001,-6.506376e+002, 3.222481e+003,-2.570680e+003, 2.952641e+000,-6.285400e+001,-7.089477e+001, 0.000000e+000, 0.000000e+000, 0.000000e+000, 0.000000e+000
 1.714000e-001,-7.131358e+002, 3.242498e+003,-2.528241e+003, 2.023601e+000,-6.381749e+001,-6.897992e+001, 0.000000e+000, 0.000000e+000, 0.000000e+000, 0.000000e+000
 1.714500e-001,-7.756057e+002, 3.261354e+003,-2.484903e+003, 1.084812e+000,-6.476731e+001,-6.704759e+001, 0.000000e+000, 0.000000e+000, 0.000000e+000, 0.000000e+000
 1.715000e-001,-8.375713e+002, 3.279064e+003,-2.440692e+003, 1.363751e-001,-6.570343e+001,-6.509792e+001, 0.000000e+000, 0.000000e+000, 0.000000e+000, 0.000000e+000
 1.715500e-001,-8.994648e+002, 3.295597e+003,-2.395587e+003,-8.215699e-001,-6.662552e+001,-6.313269e+001, 0.000000e+000, 0.000000e+000, 0.000000e+000, 0.000000e+000
 1.716000e-001,-9.608124e+002, 3.310975e+003,-2.349666e+003,-1.788731e+000,-6.753346e+001,-6.115204e+001, 0.000000e+000, 0.000000e+000, 0.000000e+000, 0.000000e+000
 1.716500e-001,-1.022041e+003, 3.325161e+003,-2.302860e+003,-2.765016e+000,-6.842692e+001,-5.915767e+001, 0.000000e+000, 0.000000e+000, 0.000000e+000, 0.000000e+000
 1.717000e-001,-1.082686e+003, 3.338183e+003,-2.255294e+003,-3.749943e+000,-6.930569e+001,-5.714970e+001, 0.000000e+000, 0.000000e+000, 0.000000e+000, 0.000000e+000
 1.717500e-001,-1.143162e+003, 3.350000e+003,-2.206854e+003,-4.743462e+000,-7.016943e+001,-5.512980e+001, 0.000000e+000, 0.000000e+000, 0.000000e+000, 0.000000e+000
 1.718000e-001,-1.203021e+003, 3.360647e+003,-2.157712e+003,-5.744908e+000,-7.101787e+001,-5.309806e+001, 0.000000e+000, 0.000000e+000, 0.000000e+000, 0.000000e+000
 1.718500e-001,-1.262658e+003, 3.370079e+003,-2.107709e+003,-6.754270e+000,-7.185062e+001,-5.105605e+001, 0.000000e+000, 0.000000e+000, 0.000000e+000, 0.000000e+000
 1.719000e-001,-1.321648e+003, 3.378334e+003,-2.057060e+003,-7.770708e+000,-7.266735e+001,-4.900391e+001, 0.000000e+000, 0.000000e+000, 0.000000e+000, 0.000000e+000
 1.719500e-001,-1.380361e+003, 3.385367e+003,-2.005567e+003,-8.794238e+000,-7.346767e+001,-4.694305e+001, 0.000000e+000, 0.000000e+000, 0.000000e+000, 0.000000e+000
 1.720000e-001,-1.438400e+003, 3.391218e+003,-1.953482e+003,-9.823862e+000,-7.425115e+001,-4.487365e+001, 0.000000e+000, 0.000000e+000, 0.000000e+000, 0.000000e+000
 1.720500e-001,-1.496105e+003, 3.395840e+003,-1.900575e+003,-1.085962e+001,-7.501740e+001,-4.279700e+001, 0.000000e+000, 0.000000e+000, 0.000000e+000, 0.000000e+000
 1.721000e-001,-1.553113e+003, 3.399277e+003,-1.847128e+003,-1.190036e+001,-7.576592e+001,-4.071331e+001, 0.000000e+000, 0.000000e+000, 0.000000e+000, 0.000000e+000
 1.721500e-001,-1.609729e+003, 3.401483e+003,-1.792883e+003,-1.294613e+001,-7.649629e+001,-3.862374e+001, 0.000000e+000, 0.000000e+000, 0.000000e+000, 0.000000e+000
 1.722000e-001,-1.665625e+003, 3.402499e+003,-1.738150e+003,-1.399568e+001,-7.720795e+001,-3.652853e+001, 0.000000e+000, 0.000000e+000, 0.000000e+000, 0.000000e+000
 1.722500e-001,-1.721071e+003, 3.402285e+003,-1.682646e+003,-1.504903e+001,-7.790047e+001,-3.442870e+001, 0.000000e+000, 0.000000e+000, 0.000000e+000, 0.000000e+000
 1.723000e-001,-1.775779e+003, 3.400878e+003,-1.626704e+003,-1.610483e+001,-7.857321e+001,-3.232452e+001, 0.000000e+000, 0.000000e+000, 0.000000e+000, 0.000000e+000
 1.723500e-001,-1.829977e+003, 3.398244e+003,-1.570022e+003,-1.716309e+001,-7.922574e+001,-3.021686e+001, 0.000000e+000, 0.000000e+000, 0.000000e+000, 0.000000e+000
 1.724000e-001,-1.883419e+003, 3.394415e+003,-1.512951e+003,-1.822239e+001,-7.985735e+001,-2.810607e+001, 0.000000e+000, 0.000000e+000, 0.000000e+000, 0.000000e+000
 1.724500e-001,-1.936292e+003, 3.389365e+003,-1.455174e+003,-1.928270e+001,-8.046761e+001,-2.599285e+001, 0.000000e+000, 0.000000e+000, 0.000000e+000, 0.000000e+000
 1.725000e-001,-1.988393e+003, 3.383117e+003,-1.397053e+003,-2.034255e+001,-8.105575e+001,-2.387759e+001, 0.000000e+000, 0.000000e+000, 0.000000e+000, 0.000000e+000
 1.725500e-001,-2.039866e+003, 3.375657e+003,-1.338266e+003,-2.140189e+001,-8.162133e+001,-2.176087e+001, 0.000000e+000, 0.000000e+000, 0.000000e+000, 0.000000e+000
 1.726000e-001,-2.090553e+003, 3.366999e+003,-1.279178e+003,-2.245919e+001,-8.216353e+001,-1.964311e+001, 0.000000e+000, 0.000000e+000, 0.000000e+000, 0.000000e+000
 1.726500e-001,-2.140555e+003, 3.357140e+003,-1.219465e+003,-2.351436e+001,-8.268192e+001,-1.752476e+001, 0.000000e+000, 0.000000e+000, 0.000000e+000, 0.000000e+000
 1.727000e-001,-2.189756e+003, 3.346082e+003,-1.159493e+003,-2.456589e+001,-8.317561e+001,-1.540629e+001, 0.000000e+000, 0.000000e+000, 0.000000e+000, 0.000000e+000
 1.727500e-001,-2.238216e+003, 3.333838e+003,-1.098942e+003,-2.561360e+001,-8.364420e+001,-1.328800e+001, 0.000000e+000, 0.000000e+000, 0.000000e+000, 0.000000e+000
 1.728000e-001,-2.285859e+003, 3.320396e+003,-1.038170e+003,-2.665601e+001,-8.408676e+001,-1.117044e+001, 0.000000e+000, 0.000000e+000, 0.000000e+000, 0.000000e+000
 1.728500e-001,-2.332710e+003, 3.305784e+003,-9.768680e+002,-2.769287e+001,-8.450288e+001,-9.053774e+000, 0.000000e+000, 0.000000e+000, 0.000000e+000, 0.000000e+000
 1.729000e-001,-2.378729e+003, 3.289976e+003,-9.153834e+002,-2.872275e+001,-8.489162e+001,-6.938592e+000, 0.000000e+000, 0.000000e+000, 0.000000e+000, 0.000000e+000
 1.729500e-001,-2.423904e+003, 3.273017e+003,-8.534186e+002,-2.974533e+001,-8.525256e+001,-4.824966e+000, 0.000000e+000, 0.000000e+000, 0.000000e+000, 0.000000e+000
 1.730000e-001,-2.468232e+003, 3.254865e+003,-7.913073e+002,-3.075922e+001,-8.558475e+001,-2.713516e+000, 0.000000e+000, 0.000000e+000, 0.000000e+000, 0.000000e+000
 1.730500e-001,-2.511670e+003, 3.235582e+003,-7.287695e+002,-3.176404e+001,-8.588781e+001,-6.042266e-001, 0.000000e+000, 0.000000e+000, 0.000000e+000, 0.000000e+000
 1.731000e-001,-2.554242e+003, 3.215111e+003,-6.661194e+002,-3.275847e+001,-8.616076e+001, 1.502243e+000, 0.000000e+000, 0.000000e+000, 0.000000e+000, 0.000000e+000
 1.731500e-001,-2.595882e+003, 3.193533e+003,-6.030985e+002,-3.374206e+001,-8.640323e+001, 3.605988e+000, 0.000000e+000, 0.000000e+000, 0.000000e+000, 0.000000e+000
 1.732000e-001,-2.636637e+003, 3.170772e+003,-5.399982e+002,-3.471357e+001,-8.661427e+001, 5.706313e+000, 0.000000e+000, 0.000000e+000, 0.000000e+000, 0.000000e+000
 1.732500e-001,-2.676421e+003, 3.146928e+003,-4.765845e+002,-3.567248e+001,-8.679351e+001, 7.803372e+000, 0.000000e+000, 0.000000e+000, 0.000000e+000, 0.000000e+000
 1.733000e-001,-2.715301e+003, 3.121910e+003,-4.131233e+002,-3.661766e+001,-8.694004e+001, 9.896441e+000, 0.000000e+000, 0.000000e+000, 0.000000e+000, 0.000000e+000
 1.733500e-001,-2.753172e+003, 3.095834e+003,-3.494075e+002,-3.754852e+001,-8.705350e+001, 1.198572e+001, 0.000000e+000, 0.000000e+000, 0.000000e+000, 0.000000e+000
 1.734000e-001,-2.790119e+003, 3.068594e+003,-2.856752e+002,-3.846402e+001,-8.713303e+001, 1.407045e+001, 0.000000e+000, 0.000000e+000, 0.000000e+000, 0.000000e+000
 1.734500e-001,-2.826026e+003, 3.040323e+003,-2.217481e+002,-3.936352e+001,-8.717828e+001, 1.615086e+001, 0.000000e+000, 0.000000e+000, 0.000000e+000, 0.000000e+000
 1.735000e-001,-2.860987e+003, 3.010901e+003,-1.578351e+002,-4.024609e+001,-8.718845e+001, 1.822619e+001, 0.000000e+000, 0.000000e+000, 0.000000e+000, 0.000000e+000
 1.735500e-001,-2.894878e+003, 2.980476e+003,-9.378745e+001,-4.111105e+001,-8.716320e+001, 2.029665e+001, 0.000000e+000, 0.000000e+000, 0.000000e+000, 0.000000e+000
 1.736000e-001,-2.927802e+003, 2.948914e+003,-2.978435e+001,-4.195757e+001,-8.710181e+001, 2.236147e+001, 0.000000e+000, 0.000000e+000, 0.000000e+000, 0.000000e+000
 1.736500e-001,-2.959631e+003, 2.916377e+003, 3.429293e+001,-4.278495e+001,-8.700398e+001, 2.442087e+001, 0.000000e+000, 0.000000e+000, 0.000000e+000, 0.000000e+000
 1.737000e-001,-2.990470e+003, 2.882721e+003, 9.829535e+001,-4.359243e+001,-8.686906e+001, 2.647404e+001, 0.000000e+000, 0.000000e+000, 0.000000e+000, 0.000000e+000
 1.737500e-001,-3.020191e+003, 2.848118e+003, 1.623117e+002,-4.437933e+001,-8.669678e+001, 2.852120e+001, 0.000000e+000, 0.000000e+000, 0.000000e+000, 0.000000e+000
 1.738000e-001,-3.048900e+003, 2.812417e+003, 2.262226e+002,-4.514497e+001,-8.648656e+001, 3.056153e+001, 0.000000e+000, 0.000000e+000, 0.000000e+000, 0.000000e+000
 1.738500e-001,-3.076470e+003, 2.775799e+003, 2.900877e+002,-4.588868e+001,-8.623820e+001, 3.259520e+001, 0.000000e+000, 0.000000e+000, 0.000000e+000, 0.000000e+000
 1.739000e-001,-3.103009e+003, 2.738104e+003, 3.538162e+002,-4.660985e+001,-8.595123e+001, 3.462139e+001, 0.000000e+000, 0.000000e+000, 0.000000e+000, 0.000000e+000
 1.739500e-001,-3.128389e+003, 2.699521e+003, 4.174403e+002,-4.730786e+001,-8.562545e+001, 3.664022e+001, 0.000000e+000, 0.000000e+000, 0.000000e+000, 0.000000e+000
 1.740000e-001,-3.152719e+003, 2.659888e+003, 4.808960e+002,-4.798216e+001,-8.526053e+001, 3.865088e+001, 0.000000e+000, 0.000000e+000, 0.000000e+000, 0.000000e+000
 1.740500e-001,-3.175873e+003, 2.619396e+003, 5.441896e+002,-4.863218e+001,-8.485630e+001, 4.065340e+001, 0.000000e+000, 0.000000e+000, 0.000000e+000, 0.000000e+000
 1.741000e-001,-3.197957e+003, 2.577882e+003, 6.072822e+002,-4.925742e+001,-8.441257e+001, 4.264700e+001, 0.000000e+000, 0.000000e+000, 0.000000e+000, 0.000000e+000
 1.741500e-001,-3.218851e+003, 2.535540e+003, 6.701566e+002,-4.985738e+001,-8.392921e+001, 4.463163e+001, 0.000000e+000, 0.000000e+000, 0.000000e+000, 0.000000e+000
 1.742000e-001,-3.238659e+003, 2.492205e+003, 7.327964e+002,-5.043162e+001,-8.340614e+001, 4.660650e+001, 0.000000e+000, 0.000000e+000, 0.000000e+000, 0.000000e+000
 1.742500e-001,-3.257261e+003, 2.448072e+003, 7.951638e+002,-5.097972e+001,-8.284330e+001, 4.857149e+001, 0.000000e+000, 0.000000e+000, 0.000000e+000, 0.000000e+000
 1.743000e-001,-3.274765e+003, 2.402980e+003, 8.572617e+002,-5.150127e+001,-8.224075e+001, 5.052583e+001, 0.000000e+000, 0.000000e+000, 0.000000e+000, 0.000000e+000
 1.743500e-001,-3.291049e+003, 2.357120e+003, 9.190347e+002,-5.199595e+001,-8.159846e+001, 5.246929e+001, 0.000000e+000, 0.000000e+000, 0.000000e+000, 0.000000e+000
 1.744000e-001,-3.306223e+003, 2.310336e+003, 9.805024e+002,-5.246338e+001,-8.091666e+001, 5.440113e+001, 0.000000e+000, 0.000000e+000, 0.000000e+000, 0.000000e+000
 1.744500e-001,-3.320164e+003, 2.262814e+003, 1.041595e+003,-5.290337e+001,-8.019534e+001, 5.632101e+001, 0.000000e+000, 0.000000e+000, 0.000000e+000, 0.000000e+000
 1.745000e-001,-3.332987e+003, 2.214406e+003, 1.102345e+003,-5.331555e+001,-7.943489e+001, 5.822820e+001, 0.000000e+000, 0.000000e+000, 0.000000e+000, 0.000000e+000
 1.745500e-001,-3.344563e+003, 2.165291e+003, 1.162672e+003,-5.369984e+001,-7.863538e+001, 6.012228e+001, 0.000000e+000, 0.000000e+000, 0.000000e+000, 0.000000e+000
 1.746000e-001,-3.355017e+003, 2.115330e+003, 1.222617e+003,-5.405589e+001,-7.779728e+001, 6.200253e+001, 0.000000e+000, 0.000000e+000, 0.000000e+000, 0.000000e+000
 1.746500e-001,-3.364210e+003, 2.064691e+003, 1.282094e+003,-5.438376e+001,-7.692077e+001, 6.386842e+001, 0.000000e+000, 0.000000e+000, 0.000000e+000, 0.000000e+000
 1.747000e-001,-3.372280e+003, 2.013249e+003, 1.341151e+003,-5.468312e+001,-7.600645e+001, 6.571926e+001, 0.000000e+000, 0.000000e+000, 0.000000e+000, 0.000000e+000
 1.747500e-001,-3.379075e+003, 1.961161e+003, 1.399695e+003,-5.495414e+001,-7.505457e+001, 6.755442e+001, 0.000000e+000, 0.000000e+000, 0.000000e+000, 0.000000e+000
 1.748000e-001,-3.384750e+003, 1.908312e+003, 1.457778e+003,-5.519652e+001,-7.406583e+001, 6.937322e+001, 0.000000e+000, 0.000000e+000, 0.000000e+000, 0.000000e+000
 1.748500e-001,-3.389137e+003, 1.854848e+003, 1.515308e+003,-5.541055e+001,-7.304057e+001, 7.117494e+001, 0.000000e+000, 0.000000e+000, 0.000000e+000, 0.000000e+000
 1.749000e-001,-3.392408e+003, 1.800668e+003, 1.572334e+003,-5.559596e+001,-7.197962e+001, 7.295892e+001, 0.000000e+000, 0.000000e+000, 0.000000e+000, 0.000000e+000
 1.749500e-001,-3.394378e+003, 1.745906e+003, 1.628770e+003,-5.575315e+001,-7.088338e+001, 7.472433e+001, 0.000000e+000, 0.000000e+000, 0.000000e+000, 0.000000e+000
 1.750000e-001,-3.395241e+003, 1.690474e+003, 1.684659e+003,-5.588188e+001,-6.975278e+001, 7.647057e+001, 0.000000e+000, 0.000000e+000, 0.000000e+000, 0.000000e+000
 1.750500e-001,-3.394791e+003, 1.634492e+003, 1.739922e+003,-5.598267e+001,-6.858831e+001, 7.819669e+001, 0.000000e+000, 0.000000e+000, 0.000000e+000, 0.000000e+000
 1.751000e-001,-3.393245e+003, 1.577888e+003, 1.794594e+003,-5.605530e+001,-6.739098e+001, 7.990209e+001, 0.000000e+000, 0.000000e+000, 0.000000e+000, 0.000000e+000
 1.751500e-001,-3.390373e+003, 1.520767e+003, 1.848607e+003,-5.610040e+001,-6.616140e+001, 8.158579e+001, 0.000000e+000, 0.000000e+000, 0.000000e+000, 0.000000e+000
 1.752000e-001,-3.386419e+003, 1.463071e+003, 1.901984e+003,-5.611780e+001,-6.490063e+001, 8.324721e+001, 0.000000e+000, 0.000000e+000, 0.000000e+000, 0.000000e+000
 1.752500e-001,-3.381129e+003, 1.404893e+003, 1.954671e+003,-5.610820e+001,-6.360934e+001, 8.488525e+001, 0.000000e+000, 0.000000e+000, 0.000000e+000, 0.000000e+000
 1.753000e-001,-3.374772e+003, 1.346188e+003, 2.006677e+003,-5.607150e+001,-6.228868e+001, 8.649938e+001, 0.000000e+000, 0.000000e+000, 0.000000e+000, 0.000000e+000
 1.753500e-001,-3.367071e+003, 1.287036e+003, 2.057965e+003,-5.600845e+001,-6.093943e+001, 8.808845e+001, 0.000000e+000, 0.000000e+000, 0.000000e+000, 0.000000e+000
 1.754000e-001,-3.358319e+003, 1.227406e+003, 2.108527e+003,-5.591903e+001,-5.956275e+001, 8.965193e+001, 0.000000e+000, 0.000000e+000, 0.000000e+000, 0.000000e+000
 1.754500e-001,-3.348218e+003, 1.167367e+003, 2.158344e+003,-5.580402e+001,-5.815950e+001, 9.118862e+001, 0.000000e+000, 0.000000e+000, 0.000000e+000, 0.000000e+000
 1.755000e-001,-3.337083e+003, 1.106896e+003, 2.207389e+003,-5.566351e+001,-5.673090e+001, 9.269801e+001, 0.000000e+000, 0.000000e+000, 0.000000e+000, 0.000000e+000
 1.755500e-001,-3.324595e+003, 1.046055e+003, 2.255666e+003,-5.549830e+001,-5.527787e+001, 9.417887e+001, 0.000000e+000, 0.000000e+000, 0.000000e+000, 0.000000e+000
 1.756000e-001,-3.311092e+003, 9.848306e+002, 2.303124e+003,-5.530854e+001,-5.380165e+001, 9.563071e+001, 0.000000e+000, 0.000000e+000, 0.000000e+000, 0.000000e+000
 1.756500e-001,-3.296236e+003, 9.232745e+002, 2.349792e+003,-5.509506e+001,-5.230323e+001, 9.705225e+001, 0.000000e+000, 0.000000e+000, 0.000000e+000, 0.000000e+000
 1.757000e-001,-3.280382e+003, 8.613826e+002, 2.395596e+003,-5.485812e+001,-5.078388e+001, 9.844304e+001, 0.000000e+000, 0.000000e+000, 0.000000e+000, 0.000000e+000
 1.757500e-001,-3.263179e+003, 7.992000e+002, 2.440590e+003,-5.459852e+001,-4.924463e+001, 9.980177e+001, 0.000000e+000, 0.000000e+000, 0.000000e+000, 0.000000e+000
 1.758000e-001,-3.244996e+003, 7.367286e+002, 2.484675e+003,-5.431664e+001,-4.768674e+001, 1.011280e+002, 0.000000e+000, 0.000000e+000, 0.000000e+000, 0.000000e+000
 1.758500e-001,-3.225470e+003, 6.740084e+002, 2.527932e+003,-5.401323e+001,-4.611132e+001, 1.024205e+002, 0.000000e+000, 0.000000e+000, 0.000000e+000, 0.000000e+000
 1.759000e-001,-3.204983e+003, 6.110459e+002, 2.570236e+003,-5.368880e+001,-4.451960e+001, 1.036787e+002, 0.000000e+000, 0.000000e+000, 0.000000e+000, 0.000000e+000
 1.759500e-001,-3.183164e+003, 5.478776e+002, 2.611693e+003,-5.334404e+001,-4.291272e+001, 1.049014e+002, 0.000000e+000, 0.000000e+000, 0.000000e+000, 0.000000e+000
 1.760000e-001,-3.160399e+003, 4.845131e+002, 2.652156e+003,-5.297959e+001,-4.129190e+001, 1.060882e+002, 0.000000e+000, 0.000000e+000, 0.000000e+000, 0.000000e+000
 1.760500e-001,-3.136319e+003, 4.209867e+002, 2.691755e+003,-5.259608e+001,-3.965831e+001, 1.072378e+002, 0.000000e+000, 0.000000e+000, 0.000000e+000, 0.000000e+000
 1.761000e-001,-3.111308e+003, 3.573096e+002, 2.730319e+003,-5.219423e+001,-3.801314e+001, 1.083499e+002, 0.000000e+000, 0.000000e+000, 0.000000e+000, 0.000000e+000
 1.761500e-001,-3.085002e+003, 2.935155e+002, 2.768004e+003,-5.177463e+001,-3.635757e+001, 1.094231e+002, 0.000000e+000, 0.000000e+000, 0.000000e+000, 0.000000e+000
 1.762000e-001,-3.057780e+003, 2.296158e+002, 2.804615e+003,-5.133810e+001,-3.469275e+001, 1.104571e+002, 0.000000e+000, 0.000000e+000, 0.000000e+000, 0.000000e+000
 1.762500e-001,-3.029286e+003, 1.656445e+002, 2.840332e+003,-5.088514e+001,-3.301985e+001, 1.114508e+002, 0.000000e+000, 0.000000e+000, 0.000000e+000, 0.000000e+000
 1.763000e-001,-2.999889e+003, 1.016123e+002, 2.874938e+003,-5.041668e+001,-3.134001e+001, 1.124036e+002, 0.000000e+000, 0.000000e+000, 0.000000e+000, 0.000000e+000
 1.763500e-001,-2.969250e+003, 3.755437e+001, 2.908636e+003,-4.993312e+001,-2.965436e+001, 1.133147e+002, 0.000000e+000, 0.000000e+000, 0.000000e+000, 0.000000e+000
 1.764000e-001,-2.937719e+003,-2.651995e+001, 2.941187e+003,-4.943549e+001,-2.796400e+001, 1.141834e+002, 0.000000e+000, 0.000000e+000, 0.000000e+000, 0.000000e+000
 1.764500e-001,-2.904979e+003,-9.057399e+001, 2.972818e+003,-4.892408e+001,-2.627004e+001, 1.150089e+002, 0.000000e+000, 0.000000e+000, 0.000000e+000, 0.000000e+000
 1.765000e-001,-2.871359e+003,-1.546001e+002, 3.003270e+003,-4.840002e+001,-2.457352e+001, 1.157907e+002, 0.000000e+000, 0.000000e+000, 0.000000e+000, 0.000000e+000
 1.765500e-001,-2.836567e+003,-2.185599e+002, 3.032786e+003,-4.786349e+001,-2.287551e+001, 1.165280e+002, 0.000000e+000, 0.000000e+000, 0.000000e+000, 0.000000e+000
 1.766000e-001,-2.800904e+003,-2.824477e+002, 3.061096e+003,-4.731569e+001,-2.117700e+001, 1.172203e+002, 0.000000e+000, 0.000000e+000, 0.000000e+000, 0.000000e+000
 1.766500e-001,-2.764110e+003,-3.462231e+002, 3.088455e+003,-4.675670e+001,-1.947901e+001, 1.178667e+002, 0.000000e+000, 0.000000e+000, 0.000000e+000, 0.000000e+000
 1.767000e-001,-2.726454e+003,-4.098824e+002, 3.114583e+003,-4.618775e+001,-1.778247e+001, 1.184670e+002, 0.000000e+000, 0.000000e+000, 0.000000e+000, 0.000000e+000
 1.767500e-001,-2.687712e+003,-4.733838e+002, 3.139746e+003,-4.560886e+001,-1.608833e+001, 1.190204e+002, 0.000000e+000, 0.000000e+000, 0.000000e+000, 0.000000e+000
 1.768000e-001,-2.648117e+003,-5.367250e+002, 3.163655e+003,-4.502127e+001,-1.439748e+001, 1.195265e+002, 0.000000e+000, 0.000000e+000, 0.000000e+000, 0.000000e+000
 1.768500e-001,-2.607483e+003,-5.998632e+002, 3.186583e+003,-4.442490e+001,-1.271079e+001, 1.199847e+002, 0.000000e+000, 0.000000e+000, 0.000000e+000, 0.000000e+000
 1.769000e-001,-2.566005e+003,-6.627971e+002, 3.208240e+003,-4.382101e+001,-1.102909e+001, 1.203946e+002, 0.000000e+000, 0.000000e+000, 0.000000e+000, 0.000000e+000
 1.769500e-001,-2.523538e+003,-7.254834e+002, 3.228901e+003,-4.320945e+001,-9.353168e+000, 1.207559e+002, 0.000000e+000, 0.000000e+000, 0.000000e+000, 0.000000e+000
 1.770000e-001,-2.480238e+003,-7.879214e+002, 3.248275e+003,-4.259143e+001,-7.683800e+000, 1.210680e+002, 0.000000e+000, 0.000000e+000, 0.000000e+000, 0.000000e+000
 1.770500e-001,-2.435998e+003,-8.500680e+002, 3.266638e+003,-4.196677e+001,-6.021695e+000, 1.213307e+002, 0.000000e+000, 0.000000e+000, 0.000000e+000, 0.000000e+000
 1.771000e-001,-2.390937e+003,-9.119222e+002, 3.283702e+003,-4.133662e+001,-4.367558e+000, 1.215435e+002, 0.000000e+000, 0.000000e+000, 0.000000e+000, 0.000000e+000
 1.771500e-001,-2.344989e+003,-9.734419e+002, 3.299739e+003,-4.070074e+001,-2.722016e+000, 1.217064e+002, 0.000000e+000, 0.000000e+000, 0.000000e+000, 0.000000e+000
 1.772000e-001,-2.298232e+003,-1.034625e+003, 3.314469e+003,-4.006023e+001,-1.085713e+000, 1.218188e+002, 0.000000e+000, 0.000000e+000, 0.000000e+000, 0.000000e+000
 1.772500e-001,-2.250642e+003,-1.095432e+003, 3.328155e+003,-3.941481e+001, 5.408135e-001, 1.218809e+002, 0.000000e+000, 0.000000e+000, 0.000000e+000, 0.000000e+000
 1.773000e-001,-2.202257e+003,-1.155858e+003, 3.340532e+003,-3.876548e+001, 2.156980e+000, 1.218921e+002, 0.000000e+000, 0.000000e+000, 0.000000e+000, 0.000000e+000
 1.773500e-001,-2.153093e+003,-1.215867e+003, 3.351847e+003,-3.811193e+001, 3.762337e+000, 1.218526e+002, 0.000000e+000, 0.000000e+000, 0.000000e+000, 0.000000e+000
 1.774000e-001,-2.103150e+003,-1.275451e+003, 3.361852e+003,-3.745509e+001, 5.356361e+000, 1.217621e+002, 0.000000e+000, 0.000000e+000, 0.000000e+000, 0.000000e+000
 1.774500e-001,-2.052483e+003,-1.334577e+003, 3.370777e+003,-3.679459e+001, 6.938690e+000, 1.216208e+002, 0.000000e+000, 0.000000e+000, 0.000000e+000, 0.000000e+000
 1.775000e-001,-2.001054e+003,-1.393235e+003, 3.378397e+003,-3.613126e+001, 8.508862e+000, 1.214283e+002, 0.000000e+000, 0.000000e+000, 0.000000e+000, 0.000000e+000
 1.775500e-001,-1.948955e+003,-1.451396e+003, 3.384920e+003,-3.546473e+001, 1.006659e+001, 1.211851e+002, 0.000000e+000, 0.000000e+000, 0.000000e+000, 0.000000e+000
 1.776000e-001,-1.896117e+003,-1.509045e+003, 3.390143e+003,-3.479568e+001, 1.161148e+001, 1.208908e+002, 0.000000e+000, 0.000000e+000, 0.000000e+000, 0.000000e+000
 1.776500e-001,-1.842660e+003,-1.566159e+003, 3.394252e+003,-3.412376e+001, 1.314332e+001, 1.205460e+002, 0.000000e+000, 0.000000e+000, 0.000000e+000, 0.000000e+000
 1.777000e-001,-1.788488e+003,-1.622719e+003, 3.397071e+003,-3.344952e+001, 1.466177e+001, 1.201503e+002, 0.000000e+000, 0.000000e+000, 0.000000e+000, 0.000000e+000
 1.777500e-001,-1.733750e+003,-1.678705e+003, 3.398760e+003,-3.277260e+001, 1.616668e+001, 1.197044e+002, 0.000000e+000, 0.000000e+000, 0.000000e+000, 0.000000e+000
 1.778000e-001,-1.678324e+003,-1.734095e+003, 3.399170e+003,-3.209342e+001, 1.765779e+001, 1.192081e+002, 0.000000e+000, 0.000000e+000, 0.000000e+000, 0.000000e+000
 1.778500e-001,-1.622383e+003,-1.788876e+003, 3.398435e+003,-3.141161e+001, 1.913501e+001, 1.186621e+002, 0.000000e+000, 0.000000e+000, 0.000000e+000, 0.000000e+000
 1.779000e-001,-1.565782e+003,-1.843019e+003, 3.396437e+003,-3.072749e+001, 2.059811e+001, 1.180663e+002, 0.000000e+000, 0.000000e+000, 0.000000e+000, 0.000000e+000
 1.779500e-001,-1.508717e+003,-1.896516e+003, 3.393277e+003,-3.004069e+001, 2.204707e+001, 1.174214e+002, 0.000000e+000, 0.000000e+000, 0.000000e+000, 0.000000e+000
 1.780000e-001,-1.451025e+003,-1.949336e+003, 3.388872e+003,-2.935138e+001, 2.348172e+001, 1.167275e+002, 0.000000e+000, 0.000000e+000, 0.000000e+000, 0.000000e+000
 1.780500e-001,-1.392918e+003,-2.001474e+003, 3.383292e+003,-2.865921e+001, 2.490207e+001, 1.159854e+002, 0.000000e+000, 0.000000e+000, 0.000000e+000, 0.000000e+000
 1.781000e-001,-1.334217e+003,-2.052896e+003, 3.376486e+003,-2.796426e+001, 2.630801e+001, 1.151951e+002, 0.000000e+000, 0.000000e+000, 0.000000e+000, 0.000000e+000
 1.781500e-001,-1.275150e+003,-2.103601e+003, 3.368494e+003,-2.726616e+001, 2.769959e+001, 1.143577e+002, 0.000000e+000, 0.000000e+000, 0.000000e+000, 0.000000e+000
 1.782000e-001,-1.215526e+003,-2.153553e+003, 3.359295e+003,-2.656489e+001, 2.907675e+001, 1.134731e+002, 0.000000e+000, 0.000000e+000, 0.000000e+000, 0.000000e+000
 1.782500e-001,-1.155583e+003,-2.202754e+003, 3.348901e+003,-2.586010e+001, 3.043954e+001, 1.125424e+002, 0.000000e+000, 0.000000e+000, 0.000000e+000, 0.000000e+000
 1.783000e-001,-1.095122e+003,-2.251165e+003, 3.337322e+003,-2.515166e+001, 3.178797e+001, 1.115658e+002, 0.000000e+000, 0.000000e+000, 0.000000e+000, 0.000000e+000
 1.783500e-001,-1.034387e+003,-2.298791e+003, 3.324541e+003,-2.443924e+001, 3.312210e+001, 1.105445e+002, 0.000000e+000, 0.000000e+000, 0.000000e+000, 0.000000e+000
 1.784000e-001,-9.731773e+002,-2.345594e+003, 3.310597e+003,-2.372262e+001, 3.444199e+001, 1.094785e+002, 0.000000e+000, 0.000000e+000, 0.000000e+000, 0.000000e+000
 1.784500e-001,-9.117373e+002,-2.391577e+003, 3.295447e+003,-2.300151e+001, 3.574769e+001, 1.083692e+002, 0.000000e+000, 0.000000e+000, 0.000000e+000, 0.000000e+000
 1.785000e-001,-8.498656e+002,-2.436705e+003, 3.279156e+003,-2.227560e+001, 3.703930e+001, 1.072168e+002, 0.000000e+000, 0.000000e+000, 0.000000e+000, 0.000000e+000
 1.785500e-001,-7.878079e+002,-2.480981e+003, 3.261660e+003,-2.154461e+001, 3.831688e+001, 1.060226e+002, 0.000000e+000, 0.000000e+000, 0.000000e+000, 0.000000e+000
 1.786000e-001,-7.253632e+002,-2.524370e+003, 3.243045e+003,-2.080820e+001, 3.958056e+001, 1.047869e+002, 0.000000e+000, 0.000000e+000, 0.000000e+000, 0.000000e+000
 1.786500e-001,-6.627758e+002,-2.566875e+003, 3.223226e+003,-2.006608e+001, 4.083038e+001, 1.035109e+002, 0.000000e+000, 0.000000e+000, 0.000000e+000, 0.000000e+000
 1.787000e-001,-5.998473e+002,-2.608464e+003, 3.202312e+003,-1.931790e+001, 4.206650e+001, 1.021952e+002, 0.000000e+000, 0.000000e+000, 0.000000e+000, 0.000000e+000
 1.787500e-001,-5.368192e+002,-2.649138e+003, 3.180201e+003,-1.856338e+001, 4.328895e+001, 1.008410e+002, 0.000000e+000, 0.000000e+000, 0.000000e+000, 0.000000e+000
 1.788000e-001,-4.734966e+002,-2.688868e+003, 3.157016e+003,-1.780213e+001, 4.449790e+001, 9.944884e+001, 0.000000e+000, 0.000000e+000, 0.000000e+000, 0.000000e+000
 1.788500e-001,-4.101170e+002,-2.727651e+003, 3.132644e+003,-1.703391e+001, 4.569338e+001, 9.801998e+001, 0.000000e+000, 0.000000e+000, 0.000000e+000, 0.000000e+000
 1.789000e-001,-3.464906e+002,-2.765466e+003, 3.107220e+003,-1.625834e+001, 4.687555e+001, 9.655518e+001, 0.000000e+000, 0.000000e+000, 0.000000e+000, 0.000000e+000
 1.789500e-001,-2.828494e+002,-2.802304e+003, 3.080622e+003,-1.547518e+001, 4.804443e+001, 9.505550e+001, 0.000000e+000, 0.000000e+000, 0.000000e+000, 0.000000e+000
 1.790000e-001,-2.190095e+002,-2.838149e+003, 3.052995e+003,-1.468406e+001, 4.920018e+001, 9.352187e+001, 0.000000e+000, 0.000000e+000, 0.000000e+000, 0.000000e+000
 1.790500e-001,-1.551968e+002,-2.872989e+003, 3.024210e+003,-1.388478e+001, 5.034278e+001, 9.195531e+001, 0.000000e+000, 0.000000e+000, 0.000000e+000, 0.000000e+000
 1.791000e-001,-9.123386e+001,-2.906813e+003, 2.994417e+003,-1.307698e+001, 5.147239e+001, 9.035684e+001, 0.000000e+000, 0.000000e+000, 0.000000e+000, 0.000000e+000
 1.791500e-001,-2.733989e+001,-2.939606e+003, 2.963487e+003,-1.226052e+001, 5.258899e+001, 8.872744e+001, 0.000000e+000, 0.000000e+000, 0.000000e+000, 0.000000e+000
 1.792000e-001, 3.665539e+001,-2.971361e+003, 2.931570e+003,-1.143504e+001, 5.369270e+001, 8.706819e+001, 0.000000e+000, 0.000000e+000, 0.000000e+000, 0.000000e+000
 1.792500e-001, 1.005404e+002,-3.002059e+003, 2.898541e+003,-1.060045e+001, 5.478347e+001, 8.538005e+001, 0.000000e+000, 0.000000e+000, 0.000000e+000, 0.000000e+000
 1.793000e-001, 1.644775e+002,-3.031698e+003, 2.864543e+003,-9.756439e+000, 5.586139e+001, 8.366417e+001, 0.000000e+000, 0.000000e+000, 0.000000e+000, 0.000000e+000
 1.793500e-001, 2.282635e+002,-3.060257e+003, 2.829462e+003,-8.902971e+000, 5.692641e+001, 8.192145e+001, 0.000000e+000, 0.000000e+000, 0.000000e+000, 0.000000e+000
 1.794000e-001, 2.920521e+002,-3.087738e+003, 2.793433e+003,-8.039758e+000, 5.797857e+001, 8.015308e+001, 0.000000e+000, 0.000000e+000, 0.000000e+000, 0.000000e+000
 1.794500e-001, 3.556491e+002,-3.114118e+003, 2.756351e+003,-7.166842e+000, 5.901780e+001, 7.835994e+001, 0.000000e+000, 0.000000e+000, 0.000000e+000, 0.000000e+000
 1.795000e-001, 4.191992e+002,-3.139400e+003, 2.718341e+003,-6.283974e+000, 6.004407e+001, 7.654326e+001, 0.000000e+000, 0.000000e+000, 0.000000e+000, 0.000000e+000
 1.795500e-001, 4.825178e+002,-3.163564e+003, 2.679311e+003,-5.391270e+000, 6.105733e+001, 7.470383e+001, 0.000000e+000, 0.000000e+000, 0.000000e+000, 0.000000e+000
 1.796000e-001, 5.457395e+002,-3.186610e+003, 2.639374e+003,-4.488522e+000, 6.205746e+001, 7.284295e+001, 0.000000e+000, 0.000000e+000, 0.000000e+000, 0.000000e+000
 1.796500e-001, 6.086909e+002,-3.208522e+003, 2.598453e+003,-3.575933e+000, 6.304442e+001, 7.096135e+001, 0.000000e+000, 0.000000e+000, 0.000000e+000, 0.000000e+000
 1.797000e-001, 6.714950e+002,-3.229299e+003, 2.556646e+003,-2.653336e+000, 6.401801e+001, 6.906033e+001, 0.000000e+000, 0.000000e+000, 0.000000e+000, 0.000000e+000
 1.797500e-001, 7.339909e+002,-3.248928e+003, 2.513893e+003,-1.721025e+000, 6.497817e+001, 6.714058e+001, 0.000000e+000, 0.000000e+000, 0.000000e+000, 0.000000e+000
 1.798000e-001, 7.962886e+002,-3.267404e+003, 2.470274e+003,-7.788772e-001, 6.592464e+001, 6.520339e+001, 0.000000e+000, 0.000000e+000, 0.000000e+000, 0.000000e+000
 1.798500e-001, 8.582415e+002,-3.284723e+003, 2.425751e+003, 1.727168e-001, 6.685737e+001, 6.324942e+001, 0.000000e+000, 0.000000e+000, 0.000000e+000, 0.000000e+000
 1.799000e-001, 9.199449e+002,-3.300870e+003, 2.380385e+003, 1.133840e+000, 6.777597e+001, 6.127993e+001, 0.000000e+000, 0.000000e+000, 0.000000e+000, 0.000000e+000
 1.799500e-001, 9.812681e+002,-3.315854e+003, 2.334155e+003, 2.103997e+000, 6.868041e+001, 5.929555e+001, 0.000000e+000, 0.000000e+000, 0.000000e+000, 0.000000e+000
 1.800000e-001, 1.042290e+003,-3.329648e+003, 2.287106e+003, 3.083234e+000, 6.957022e+001, 5.729749e+001, 0.000000e+000, 0.000000e+000, 0.000000e+000, 0.000000e+000
 1.800500e-001, 1.102898e+003,-3.342275e+003, 2.239235e+003, 4.070947e+000, 7.044538e+001, 5.528635e+001, 0.000000e+000, 0.000000e+000, 0.000000e+000, 0.000000e+000
 1.801000e-001, 1.163152e+003,-3.353695e+003, 2.190572e+003, 5.067147e+000, 7.130529e+001, 5.326329e+001, 0.000000e+000, 0.000000e+000, 0.000000e+000, 0.000000e+000
 1.801500e-001, 1.222960e+003,-3.363948e+003, 2.141128e+003, 6.071123e+000, 7.214995e+001, 5.122889e+001, 0.000000e+000, 0.000000e+000, 0.000000e+000, 0.000000e+000
 1.802000e-001, 1.282361e+003,-3.372976e+003, 2.090920e+003, 7.082852e+000, 7.297867e+001, 4.918423e+001, 0.000000e+000, 0.000000e+000, 0.000000e+000, 0.000000e+000
 1.802500e-001, 1.341286e+003,-3.380839e+003, 2.039976e+003, 8.101515e+000, 7.379145e+001, 4.712990e+001, 0.000000e+000, 0.000000e+000, 0.000000e+000, 0.000000e+000
 1.803000e-001, 1.399750e+003,-3.387460e+003, 1.988296e+003, 9.127058e+000, 7.458751e+001, 4.506687e+001, 0.000000e+000, 0.000000e+000, 0.000000e+000, 0.000000e+000
 1.803500e-001, 1.457708e+003,-3.392923e+003, 1.935923e+003, 1.015856e+001, 7.536684e+001, 4.299572e+001, 0.000000e+000, 0.000000e+000, 0.000000e+000, 0.000000e+000
 1.804000e-001, 1.515153e+003,-3.397127e+003, 1.882846e+003, 1.119593e+001, 7.612857e+001, 4.091734e+001, 0.000000e+000, 0.000000e+000, 0.000000e+000, 0.000000e+000
 1.804500e-001, 1.572065e+003,-3.400181e+003, 1.829118e+003, 1.223816e+001, 7.687270e+001, 3.883231e+001, 0.000000e+000, 0.000000e+000, 0.000000e+000, 0.000000e+000
 1.805000e-001, 1.628409e+003,-3.401960e+003, 1.774722e+003, 1.328513e+001, 7.759829e+001, 3.674140e+001, 0.000000e+000, 0.000000e+000, 0.000000e+000, 0.000000e+000
 1.805500e-001, 1.684194e+003,-3.402601e+003, 1.719716e+003, 1.433573e+001, 7.830530e+001, 3.464521e+001, 0.000000e+000, 0.000000e+000, 0.000000e+000, 0.000000e+000
 1.806000e-001, 1.739358e+003,-3.401951e+003, 1.664079e+003, 1.538981e+001, 7.899274e+001, 3.254441e+001, 0.000000e+000, 0.000000e+000, 0.000000e+000, 0.000000e+000
 1.806500e-001, 1.793939e+003,-3.400178e+003, 1.607873e+003, 1.644620e+001, 7.966055e+001, 3.043958e+001, 0.000000e+000, 0.000000e+000, 0.000000e+000, 0.000000e+000
 1.807000e-001, 1.847844e+003,-3.397099e+003, 1.551076e+003, 1.750471e+001, 8.030769e+001, 2.833129e+001, 0.000000e+000, 0.000000e+000, 0.000000e+000, 0.000000e+000
 1.807500e-001, 1.901143e+003,-3.392913e+003, 1.493750e+003, 1.856410e+001, 8.093407e+001, 2.622014e+001, 0.000000e+000, 0.000000e+000, 0.000000e+000, 0.000000e+000
 1.808000e-001, 1.953714e+003,-3.387409e+003, 1.435875e+003, 1.962415e+001, 8.153860e+001, 2.410658e+001, 0.000000e+000, 0.000000e+000, 0.000000e+000, 0.000000e+000
 1.808500e-001, 2.005657e+003,-3.380816e+003, 1.377510e+003, 2.068357e+001, 8.212119e+001, 2.199123e+001, 0.000000e+000, 0.000000e+000, 0.000000e+000, 0.000000e+000
 1.809000e-001, 2.056819e+003,-3.372895e+003, 1.318642e+003, 2.174210e+001, 8.268070e+001, 1.987444e+001, 0.000000e+000, 0.000000e+000, 0.000000e+000, 0.000000e+000
 1.809500e-001, 2.107333e+003,-3.363902e+003, 1.259320e+003, 2.279843e+001, 8.321701e+001, 1.775682e+001, 0.000000e+000, 0.000000e+000, 0.000000e+000, 0.000000e+000
 1.810000e-001, 2.157014e+003,-3.353573e+003, 1.199544e+003, 2.385226e+001, 8.372898e+001, 1.563862e+001, 0.000000e+000, 0.000000e+000, 0.000000e+000, 0.000000e+000
 1.810500e-001, 2.206028e+003,-3.342195e+003, 1.139350e+003, 2.490224e+001, 8.421643e+001, 1.352050e+001, 0.000000e+000, 0.000000e+000, 0.000000e+000, 0.000000e+000
 1.811000e-001, 2.254157e+003,-3.329473e+003, 1.078752e+003, 2.594805e+001, 8.467825e+001, 1.140258e+001, 0.000000e+000, 0.000000e+000, 0.000000e+000, 0.000000e+000
 1.811500e-001, 2.301601e+003,-3.315723e+003, 1.017771e+003, 2.698834e+001, 8.511419e+001, 9.285542e+000, 0.000000e+000, 0.000000e+000, 0.000000e+000, 0.000000e+000
 1.812000e-001, 2.348112e+003,-3.300626e+003, 9.564376e+002, 2.802274e+001, 8.552317e+001, 7.169437e+000, 0.000000e+000, 0.000000e+000, 0.000000e+000, 0.000000e+000
 1.812500e-001, 2.393917e+003,-3.284523e+003, 8.947563e+002, 2.904992e+001, 8.590491e+001, 5.054939e+000, 0.000000e+000, 0.000000e+000, 0.000000e+000, 0.000000e+000
 1.813000e-001, 2.438745e+003,-3.267074e+003, 8.327769e+002, 3.006945e+001, 8.625835e+001, 2.942039e+000, 0.000000e+000, 0.000000e+000, 0.000000e+000, 0.000000e+000
 1.813500e-001, 2.482846e+003,-3.248639e+003, 7.704828e+002, 3.108007e+001, 8.658317e+001, 8.314159e-001, 0.000000e+000, 0.000000e+000, 0.000000e+000, 0.000000e+000
 1.814000e-001, 2.525927e+003,-3.228863e+003, 7.079458e+002, 3.208127e+001, 8.687837e+001,-1.276994e+000, 0.000000e+000, 0.000000e+000, 0.000000e+000, 0.000000e+000
 1.814500e-001, 2.568261e+003,-3.208122e+003, 6.451273e+002, 3.307185e+001, 8.714355e+001,-3.382506e+000, 0.000000e+000, 0.000000e+000, 0.000000e+000, 0.000000e+000
 1.815000e-001, 2.609536e+003,-3.186046e+003, 5.821222e+002, 3.405125e+001, 8.737782e+001,-5.485226e+000, 0.000000e+000, 0.000000e+000, 0.000000e+000, 0.000000e+000
 1.815500e-001, 2.650042e+003,-3.163028e+003, 5.188686e+002, 3.501834e+001, 8.758070e+001,-7.584469e+000, 0.000000e+000, 0.000000e+000, 0.000000e+000, 0.000000e+000
 1.816000e-001, 2.689452e+003,-3.138686e+003, 4.554853e+002, 3.597251e+001, 8.775141e+001,-9.680365e+000, 0.000000e+000, 0.000000e+000, 0.000000e+000, 0.000000e+000
 1.816500e-001, 2.728071e+003,-3.113422e+003, 3.918864e+002, 3.691272e+001, 8.788940e+001,-1.177223e+001, 0.000000e+000, 0.000000e+000, 0.000000e+000, 0.000000e+000
 1.817000e-001, 2.765561e+003,-3.086849e+003, 3.282151e+002, 3.783828e+001, 8.799402e+001,-1.386020e+001, 0.000000e+000, 0.000000e+000, 0.000000e+000, 0.000000e+000
 1.817500e-001, 2.802238e+003,-3.059373e+003, 2.643614e+002, 3.874828e+001, 8.806464e+001,-1.594361e+001, 0.000000e+000, 0.000000e+000, 0.000000e+000, 0.000000e+000
 1.818000e-001, 2.837756e+003,-3.030609e+003, 2.004924e+002, 3.964195e+001, 8.810073e+001,-1.802258e+001, 0.000000e+000, 0.000000e+000, 0.000000e+000, 0.000000e+000
 1.818500e-001, 2.872436e+003,-3.000960e+003, 1.364747e+002, 4.051851e+001, 8.810165e+001,-2.009645e+001, 0.000000e+000, 0.000000e+000, 0.000000e+000, 0.000000e+000
 1.819000e-001, 2.905933e+003,-2.970047e+003, 7.249852e+001, 4.137713e+001, 8.806696e+001,-2.216532e+001, 0.000000e+000, 0.000000e+000, 0.000000e+000, 0.000000e+000
 1.819500e-001, 2.938565e+003,-2.938266e+003, 8.407969e+000, 4.221714e+001, 8.799600e+001,-2.422854e+001, 0.000000e+000, 0.000000e+000, 0.000000e+000, 0.000000e+000
 1.820000e-001, 2.969994e+003,-2.905249e+003,-5.558516e+001, 4.303769e+001, 8.788848e+001,-2.628618e+001, 0.000000e+000, 0.000000e+000, 0.000000e+000, 0.000000e+000
 1.820500e-001, 3.000531e+003,-2.871381e+003,-1.196573e+002, 4.383821e+001, 8.774368e+001,-2.833760e+001, 0.000000e+000, 0.000000e+000, 0.000000e+000, 0.000000e+000
 1.821000e-001, 3.029848e+003,-2.836308e+003,-1.835772e+002, 4.461781e+001, 8.756148e+001,-3.038282e+001, 0.000000e+000, 0.000000e+000, 0.000000e+000, 0.000000e+000
 1.821500e-001, 3.058245e+003,-2.800400e+003,-2.475398e+002, 4.537606e+001, 8.734113e+001,-3.242122e+001, 0.000000e+000, 0.000000e+000, 0.000000e+000, 0.000000e+000
 1.822000e-001, 3.085408e+003,-2.763324e+003,-3.112966e+002, 4.611205e+001, 8.708266e+001,-3.445275e+001, 0.000000e+000, 0.000000e+000, 0.000000e+000, 0.000000e+000
 1.822500e-001, 3.111624e+003,-2.725426e+003,-3.750585e+002, 4.682545e+001, 8.678532e+001,-3.647681e+001, 0.000000e+000, 0.000000e+000, 0.000000e+000, 0.000000e+000
 1.823000e-001, 3.136595e+003,-2.686401e+003,-4.385628e+002, 4.751533e+001, 8.644928e+001,-3.849328e+001, 0.000000e+000, 0.000000e+000, 0.000000e+000, 0.000000e+000
 1.823500e-001, 3.160590e+003,-2.646567e+003,-5.020332e+002, 4.818150e+001, 8.607380e+001,-4.050158e+001, 0.000000e+000, 0.000000e+000, 0.000000e+000, 0.000000e+000
 1.824000e-001, 3.183335e+003,-2.605649e+003,-5.651959e+002, 4.882302e+001, 8.565920e+001,-4.250150e+001, 0.000000e+000, 0.000000e+000, 0.000000e+000, 0.000000e+000
 1.824500e-001, 3.205073e+003,-2.563937e+003,-6.282844e+002, 4.943983e+001, 8.520477e+001,-4.449249e+001, 0.000000e+000, 0.000000e+000, 0.000000e+000, 0.000000e+000
 1.825000e-001, 3.225560e+003,-2.521187e+003,-6.910172e+002, 5.003097e+001, 8.471095e+001,-4.647423e+001, 0.000000e+000, 0.000000e+000, 0.000000e+000, 0.000000e+000
 1.825500e-001, 3.245010e+003,-2.477655e+003,-7.536341e+002, 5.059650e+001, 8.417709e+001,-4.844621e+001, 0.000000e+000, 0.000000e+000, 0.000000e+000, 0.000000e+000
 1.826000e-001, 3.263208e+003,-2.433134e+003,-8.158491e+002, 5.113549e+001, 8.360377e+001,-5.040802e+001, 0.000000e+000, 0.000000e+000, 0.000000e+000, 0.000000e+000
 1.826500e-001, 3.280340e+003,-2.387845e+003,-8.779053e+002, 5.164810e+001, 8.299036e+001,-5.235914e+001, 0.000000e+000, 0.000000e+000, 0.000000e+000, 0.000000e+000
 1.827000e-001, 3.296224e+003,-2.341619e+003,-9.395157e+002, 5.213343e+001, 8.233762e+001,-5.429908e+001, 0.000000e+000, 0.000000e+000, 0.000000e+000, 0.000000e+000
 1.827500e-001, 3.311014e+003,-2.294638e+003,-1.000923e+003, 5.259174e+001, 8.164497e+001,-5.622736e+001, 0.000000e+000, 0.000000e+000, 0.000000e+000, 0.000000e+000
 1.828000e-001, 3.324561e+003,-2.246773e+003,-1.061843e+003, 5.302219e+001, 8.091325e+001,-5.814335e+001, 0.000000e+000, 0.000000e+000, 0.000000e+000, 0.000000e+000
 1.828500e-001, 3.336987e+003,-2.198167e+003,-1.122514e+003, 5.342509e+001, 8.014201e+001,-6.004660e+001, 0.000000e+000, 0.000000e+000, 0.000000e+000, 0.000000e+000
 1.829000e-001, 3.348176e+003,-2.148733e+003,-1.182658e+003, 5.379968e+001, 7.933220e+001,-6.193640e+001, 0.000000e+000, 0.000000e+000, 0.000000e+000, 0.000000e+000
 1.829500e-001, 3.358218e+003,-2.098573e+003,-1.242506e+003, 5.414636e+001, 7.848344e+001,-6.381229e+001, 0.000000e+000, 0.000000e+000, 0.000000e+000, 0.000000e+000
 1.830000e-001, 3.367033e+003,-2.047641e+003,-1.301790e+003, 5.446444e+001, 7.759679e+001,-6.567348e+001, 0.000000e+000, 0.000000e+000, 0.000000e+000, 0.000000e+000
 1.830500e-001, 3.374678e+003,-1.995999e+003,-1.360732e+003, 5.475436e+001, 7.667198e+001,-6.751951e+001, 0.000000e+000, 0.000000e+000, 0.000000e+000, 0.000000e+000
 1.831000e-001, 3.381105e+003,-1.943642e+003,-1.419073e+003, 5.501554e+001, 7.571015e+001,-6.934950e+001, 0.000000e+000, 0.000000e+000, 0.000000e+000, 0.000000e+000
 1.831500e-001, 3.386342e+003,-1.890592e+003,-1.477024e+003, 5.524847e+001, 7.471115e+001,-7.116302e+001, 0.000000e+000, 0.000000e+000, 0.000000e+000, 0.000000e+000
 1.832000e-001, 3.390371e+003,-1.836886e+003,-1.534340e+003, 5.545266e+001, 7.367620e+001,-7.295910e+001, 0.000000e+000, 0.000000e+000, 0.000000e+000, 0.000000e+000
 1.832500e-001, 3.393190e+003,-1.782505e+003,-1.591218e+003, 5.562864e+001, 7.260526e+001,-7.473729e+001, 0.000000e+000, 0.000000e+000, 0.000000e+000, 0.000000e+000
 1.833000e-001, 3.394814e+003,-1.727527e+003,-1.647430e+003, 5.577604e+001, 7.149963e+001,-7.649657e+001, 0.000000e+000, 0.000000e+000, 0.000000e+000, 0.000000e+000
 1.833500e-001, 3.395213e+003,-1.671894e+003,-1.703154e+003, 5.589541e+001, 7.035937e+001,-7.823647e+001, 0.000000e+000, 0.000000e+000, 0.000000e+000, 0.000000e+000
 1.834000e-001, 3.394427e+003,-1.615721e+003,-1.758182e+003, 5.598649e+001, 6.918584e+001,-7.995592e+001, 0.000000e+000, 0.000000e+000, 0.000000e+000, 0.000000e+000
 1.834500e-001, 3.392405e+003,-1.558917e+003,-1.812675e+003, 5.604988e+001, 6.797924e+001,-8.165446e+001, 0.000000e+000, 0.000000e+000, 0.000000e+000, 0.000000e+000
 1.835000e-001, 3.389210e+003,-1.501631e+003,-1.866442e+003, 5.608542e+001, 6.674097e+001,-8.333096e+001, 0.000000e+000, 0.000000e+000, 0.000000e+000, 0.000000e+000
 1.835500e-001, 3.384769e+003,-1.443738e+003,-1.919625e+003, 5.609372e+001, 6.547134e+001,-8.498492e+001, 0.000000e+000, 0.000000e+000, 0.000000e+000, 0.000000e+000
 1.836000e-001, 3.379169e+003,-1.385419e+003,-1.972055e+003, 5.607475e+001, 6.417179e+001,-8.661520e+001, 0.000000e+000, 0.000000e+000, 0.000000e+000, 0.000000e+000
 1.836500e-001, 3.372315e+003,-1.326520e+003,-2.023855e+003, 5.602913e+001, 6.284275e+001,-8.822131e+001, 0.000000e+000, 0.000000e+000, 0.000000e+000, 0.000000e+000
 1.837000e-001, 3.364315e+003,-1.267252e+003,-2.074874e+003, 5.595694e+001, 6.148568e+001,-8.980204e+001, 0.000000e+000, 0.000000e+000, 0.000000e+000, 0.000000e+000
 1.837500e-001, 3.355059e+003,-1.207433e+003,-2.125216e+003, 5.585883e+001, 6.010112e+001,-9.135690e+001, 0.000000e+000, 0.000000e+000, 0.000000e+000, 0.000000e+000
 1.838000e-001, 3.344670e+003,-1.147300e+003,-2.174753e+003, 5.573495e+001, 5.869054e+001,-9.288467e+001, 0.000000e+000, 0.000000e+000, 0.000000e+000, 0.000000e+000
 1.838500e-001, 3.333024e+003,-1.086646e+003,-2.223567e+003, 5.558600e+001, 5.725459e+001,-9.438484e+001, 0.000000e+000, 0.000000e+000, 0.000000e+000, 0.000000e+000
 1.839000e-001, 3.320259e+003,-1.025734e+003,-2.271551e+003, 5.541223e+001, 5.579473e+001,-9.585621e+001, 0.000000e+000, 0.000000e+000, 0.000000e+000, 0.000000e+000
 1.839500e-001, 3.306240e+003,-9.643333e+002,-2.318768e+003, 5.521432e+001, 5.431174e+001,-9.729822e+001, 0.000000e+000, 0.000000e+000, 0.000000e+000, 0.000000e+000
 1.840000e-001, 3.291117e+003,-9.027269e+002,-2.365131e+003, 5.499262e+001, 5.280703e+001,-9.870969e+001, 0.000000e+000, 0.000000e+000, 0.000000e+000, 0.000000e+000
 1.840500e-001, 3.274745e+003,-8.406679e+002,-2.410685e+003, 5.474784e+001, 5.128148e+001,-1.000900e+002, 0.000000e+000, 0.000000e+000, 0.000000e+000, 0.000000e+000
 1.841000e-001, 3.257284e+003,-7.784549e+002,-2.455361e+003, 5.448040e+001, 4.973649e+001,-1.014381e+002, 0.000000e+000, 0.000000e+000, 0.000000e+000, 0.000000e+000
 1.841500e-001, 3.238582e+003,-7.158265e+002,-2.499188e+003, 5.419100e+001, 4.817301e+001,-1.027533e+002, 0.000000e+000, 0.000000e+000, 0.000000e+000, 0.000000e+000
 1.842000e-001, 3.218808e+003,-6.530947e+002,-2.542113e+003, 5.388015e+001, 4.659241e+001,-1.040346e+002, 0.000000e+000, 0.000000e+000, 0.000000e+000, 0.000000e+000
 1.842500e-001, 3.197802e+003,-5.899866e+002,-2.584151e+003, 5.354856e+001, 4.499570e+001,-1.052812e+002, 0.000000e+000, 0.000000e+000, 0.000000e+000, 0.000000e+000
 1.843000e-001, 3.175742e+003,-5.268246e+002,-2.625265e+003, 5.319679e+001, 4.338422e+001,-1.064921e+002, 0.000000e+000, 0.000000e+000, 0.000000e+000, 0.000000e+000
 1.843500e-001, 3.152463e+003,-4.633271e+002,-2.665454e+003, 5.282556e+001, 4.175903e+001,-1.076668e+002, 0.000000e+000, 0.000000e+000, 0.000000e+000, 0.000000e+000
 1.844000e-001, 3.128147e+003,-3.998239e+002,-2.704698e+003, 5.243545e+001, 4.012142e+001,-1.088041e+002, 0.000000e+000, 0.000000e+000, 0.000000e+000, 0.000000e+000
 1.844500e-001, 3.102628e+003,-3.360274e+002,-2.742981e+003, 5.202722e+001, 3.847249e+001,-1.099034e+002, 0.000000e+000, 0.000000e+000, 0.000000e+000, 0.000000e+000
 1.845000e-001, 3.076091e+003,-2.722724e+002,-2.780299e+003, 5.160146e+001, 3.681347e+001,-1.109638e+002, 0.000000e+000, 0.000000e+000, 0.000000e+000, 0.000000e+000
 1.845500e-001, 3.048368e+003,-2.082680e+002,-2.816624e+003, 5.115894e+001, 3.514550e+001,-1.119846e+002, 0.000000e+000, 0.000000e+000, 0.000000e+000, 0.000000e+000
 1.846000e-001, 3.019649e+003,-1.443508e+002,-2.851962e+003, 5.070028e+001, 3.346973e+001,-1.129649e+002, 0.000000e+000, 0.000000e+000, 0.000000e+000, 0.000000e+000
 1.846500e-001, 2.989760e+003,-8.022940e+001,-2.886275e+003, 5.022623e+001, 3.178732e+001,-1.139041e+002, 0.000000e+000, 0.000000e+000, 0.000000e+000, 0.000000e+000
 1.847000e-001, 2.958899e+003,-1.623995e+001,-2.919583e+003, 4.973741e+001, 3.009937e+001,-1.148013e+002, 0.000000e+000, 0.000000e+000, 0.000000e+000, 0.000000e+000
 1.847500e-001, 2.926888e+003, 4.790740e+001,-2.951838e+003, 4.923459e+001, 2.840701e+001,-1.156559e+002, 0.000000e+000, 0.000000e+000, 0.000000e+000, 0.000000e+000
 1.848000e-001, 2.893930e+003, 1.118792e+002,-2.983068e+003, 4.871836e+001, 2.671129e+001,-1.164671e+002, 0.000000e+000, 0.000000e+000, 0.000000e+000, 0.000000e+000
 1.848500e-001, 2.859841e+003, 1.759617e+002,-3.013218e+003, 4.818951e+001, 2.501333e+001,-1.172344e+002, 0.000000e+000, 0.000000e+000, 0.000000e+000, 0.000000e+000
 1.849000e-001, 2.824833e+003, 2.398261e+002,-3.042324e+003, 4.764860e+001, 2.331408e+001,-1.179569e+002, 0.000000e+000, 0.000000e+000, 0.000000e+000, 0.000000e+000
 1.849500e-001, 2.788717e+003, 3.037529e+002,-3.070327e+003, 4.709640e+001, 2.161466e+001,-1.186342e+002, 0.000000e+000, 0.000000e+000, 0.000000e+000, 0.000000e+000
 1.850000e-001, 2.751708e+003, 3.674202e+002,-3.097269e+003, 4.653344e+001, 1.991593e+001,-1.192656e+002, 0.000000e+000, 0.000000e+000, 0.000000e+000, 0.000000e+000
 1.850500e-001, 2.713615e+003, 4.311012e+002,-3.123083e+003, 4.596047e+001, 1.821898e+001,-1.198506e+002, 0.000000e+000, 0.000000e+000, 0.000000e+000, 0.000000e+000
 1.851000e-001, 2.674661e+003, 4.944821e+002,-3.147821e+003, 4.537800e+001, 1.652458e+001,-1.203886e+002, 0.000000e+000, 0.000000e+000, 0.000000e+000, 0.000000e+000
 1.851500e-001, 2.634646e+003, 5.578274e+002,-3.171412e+003, 4.478674e+001, 1.483378e+001,-1.208791e+002, 0.000000e+000, 0.000000e+000, 0.000000e+000, 0.000000e+000
 1.852000e-001, 2.593801e+003, 6.208329e+002,-3.193910e+003, 4.418716e+001, 1.314727e+001,-1.213217e+002, 0.000000e+000, 0.000000e+000, 0.000000e+000, 0.000000e+000
 1.852500e-001, 2.551921e+003, 6.837533e+002,-3.215243e+003, 4.357994e+001, 1.146605e+001,-1.217158e+002, 0.000000e+000, 0.000000e+000, 0.000000e+000, 0.000000e+000
 1.853000e-001, 2.509244e+003, 7.462952e+002,-3.235468e+003, 4.296551e+001, 9.790728e+000,-1.220611e+002, 0.000000e+000, 0.000000e+000, 0.000000e+000, 0.000000e+000
 1.853500e-001, 2.465560e+003, 8.087018e+002,-3.254513e+003, 4.234448e+001, 8.122242e+000,-1.223572e+002, 0.000000e+000, 0.000000e+000, 0.000000e+000, 0.000000e+000
 1.854000e-001, 2.421113e+003, 8.706923e+002,-3.272437e+003, 4.171725e+001, 6.461104e+000,-1.226037e+002, 0.000000e+000, 0.000000e+000, 0.000000e+000, 0.000000e+000
 1.854500e-001, 2.375688e+003, 9.324976e+002,-3.289165e+003, 4.108438e+001, 4.808208e+000,-1.228004e+002, 0.000000e+000, 0.000000e+000, 0.000000e+000, 0.000000e+000
 1.855000e-001, 2.329534e+003, 9.938497e+002,-3.304761e+003, 4.044621e+001, 3.163973e+000,-1.229469e+002, 0.000000e+000, 0.000000e+000, 0.000000e+000, 0.000000e+000
 1.855500e-001, 2.282433e+003, 1.054967e+003,-3.319149e+003, 3.980323e+001, 1.529231e+000,-1.230431e+002, 0.000000e+000, 0.000000e+000, 0.000000e+000, 0.000000e+000
 1.856000e-001, 2.234640e+003, 1.115594e+003,-3.332394e+003, 3.915575e+001,-9.568559e-002,-1.230888e+002, 0.000000e+000, 0.000000e+000, 0.000000e+000, 0.000000e+000
 1.856500e-001, 2.185931e+003, 1.175937e+003,-3.344421e+003, 3.850417e+001,-1.710009e+000,-1.230837e+002, 0.000000e+000, 0.000000e+000, 0.000000e+000, 0.000000e+000
 1.857000e-001, 2.136566e+003, 1.235755e+003,-3.355296e+003, 3.784877e+001,-3.313491e+000,-1.230278e+002, 0.000000e+000, 0.000000e+000, 0.000000e+000, 0.000000e+000
 1.857500e-001, 2.086321e+003, 1.295239e+003,-3.364945e+003, 3.718985e+001,-4.905429e+000,-1.229210e+002, 0.000000e+000, 0.000000e+000, 0.000000e+000, 0.000000e+000
 1.858000e-001, 2.035454e+003, 1.354163e+003,-3.373433e+003, 3.652766e+001,-6.485654e+000,-1.227632e+002, 0.000000e+000, 0.000000e+000, 0.000000e+000, 0.000000e+000
 1.858500e-001, 1.983745e+003, 1.412704e+003,-3.380688e+003, 3.586240e+001,-8.053531e+000,-1.225545e+002, 0.000000e+000, 0.000000e+000, 0.000000e+000, 0.000000e+000
 1.859000e-001, 1.931451e+003, 1.470653e+003,-3.386777e+003, 3.519430e+001,-9.608966e+000,-1.222948e+002, 0.000000e+000, 0.000000e+000, 0.000000e+000, 0.000000e+000
 1.859500e-001, 1.878353e+003, 1.528169e+003,-3.391629e+003, 3.452344e+001,-1.115139e+001,-1.219844e+002, 0.000000e+000, 0.000000e+000, 0.000000e+000, 0.000000e+000
 1.860000e-001, 1.824704e+003, 1.585059e+003,-3.395309e+003, 3.385004e+001,-1.268078e+001,-1.216232e+002, 0.000000e+000, 0.000000e+000, 0.000000e+000, 0.000000e+000
 1.860500e-001, 1.770295e+003, 1.641470e+003,-3.397749e+003, 3.317406e+001,-1.419662e+001,-1.212116e+002, 0.000000e+000, 0.000000e+000, 0.000000e+000, 0.000000e+000
 1.861000e-001, 1.715370e+003, 1.697222e+003,-3.399015e+003, 3.249570e+001,-1.569896e+001,-1.207495e+002, 0.000000e+000, 0.000000e+000, 0.000000e+000, 0.000000e+000
 1.861500e-001, 1.659728e+003, 1.752447e+003,-3.399039e+003, 3.181481e+001,-1.718736e+001,-1.202375e+002, 0.000000e+000, 0.000000e+000, 0.000000e+000, 0.000000e+000
 1.862000e-001, 1.603604e+003, 1.806983e+003,-3.397888e+003, 3.113159e+001,-1.866191e+001,-1.196756e+002, 0.000000e+000, 0.000000e+000, 0.000000e+000, 0.000000e+000
 1.862500e-001, 1.546810e+003, 1.860946e+003,-3.395496e+003, 3.044576e+001,-2.012222e+001,-1.190642e+002, 0.000000e+000, 0.000000e+000, 0.000000e+000, 0.000000e+000
 1.863000e-001, 1.489567e+003, 1.914188e+003,-3.391929e+003, 2.975752e+001,-2.156845e+001,-1.184037e+002, 0.000000e+000, 0.000000e+000, 0.000000e+000, 0.000000e+000
 1.863500e-001, 1.431703e+003, 1.966812e+003,-3.387123e+003, 2.906647e+001,-2.300027e+001,-1.176946e+002, 0.000000e+000, 0.000000e+000, 0.000000e+000, 0.000000e+000
 1.864000e-001, 1.373423e+003, 2.018686e+003,-3.381145e+003, 2.837282e+001,-2.441785e+001,-1.169372e+002, 0.000000e+000, 0.000000e+000, 0.000000e+000, 0.000000e+000
 1.864500e-001, 1.314574e+003, 2.069897e+003,-3.373931e+003, 2.767607e+001,-2.582093e+001,-1.161320e+002, 0.000000e+000, 0.000000e+000, 0.000000e+000, 0.000000e+000
 1.865000e-001, 1.255339e+003, 2.120329e+003,-3.365549e+003, 2.697641e+001,-2.720972e+001,-1.152796e+002, 0.000000e+000, 0.000000e+000, 0.000000e+000, 0.000000e+000
 1.865500e-001, 1.195589e+003, 2.170055e+003,-3.355937e+003, 2.627326e+001,-2.858401e+001,-1.143805e+002, 0.000000e+000, 0.000000e+000, 0.000000e+000, 0.000000e+000
 1.866000e-001, 1.135484e+003, 2.218973e+003,-3.345163e+003, 2.556680e+001,-2.994402e+001,-1.134354e+002, 0.000000e+000, 0.000000e+000, 0.000000e+000, 0.000000e+000
 1.866500e-001, 1.074919e+003, 2.267145e+003,-3.333166e+003, 2.485638e+001,-3.128959e+001,-1.124448e+002, 0.000000e+000, 0.000000e+000, 0.000000e+000, 0.000000e+000
 1.867000e-001, 1.014030e+003, 2.314479e+003,-3.320015e+003, 2.414218e+001,-3.262097e+001,-1.114093e+002, 0.000000e+000, 0.000000e+000, 0.000000e+000, 0.000000e+000
 1.867500e-001, 9.527378e+002, 2.361028e+003,-3.305648e+003, 2.342347e+001,-3.393802e+001,-1.103299e+002, 0.000000e+000, 0.000000e+000, 0.000000e+000, 0.000000e+000
 1.868000e-001, 8.911508e+002, 2.406712e+003,-3.290139e+003, 2.270043e+001,-3.524100e+001,-1.092070e+002, 0.000000e+000, 0.000000e+000, 0.000000e+000, 0.000000e+000
 1.868500e-001, 8.292184e+002, 2.451573e+003,-3.273423e+003, 2.197229e+001,-3.652981e+001,-1.080415e+002, 0.000000e+000, 0.000000e+000, 0.000000e+000, 0.000000e+000
 1.869000e-001, 7.670214e+002, 2.495541e+003,-3.255576e+003, 2.123923e+001,-3.780471e+001,-1.068343e+002, 0.000000e+000, 0.000000e+000, 0.000000e+000, 0.000000e+000
 1.869500e-001, 7.045375e+002, 2.538649e+003,-3.236535e+003, 2.050046e+001,-3.906562e+001,-1.055861e+002, 0.000000e+000, 0.000000e+000, 0.000000e+000, 0.000000e+000
 1.870000e-001, 6.418192e+002, 2.580839e+003,-3.216376e+003, 1.975613e+001,-4.031281e+001,-1.042977e+002, 0.000000e+000, 0.000000e+000, 0.000000e+000, 0.000000e+000
 1.870500e-001, 5.788725e+002, 2.622135e+003,-3.195035e+003, 1.900544e+001,-4.154622e+001,-1.029700e+002, 0.000000e+000, 0.000000e+000, 0.000000e+000, 0.000000e+000
 1.871000e-001, 5.157224e+002, 2.662486e+003,-3.172593e+003, 1.824855e+001,-4.276609e+001,-1.016040e+002, 0.000000e+000, 0.000000e+000, 0.000000e+000, 0.000000e+000
 1.871500e-001, 4.524023e+002, 2.701911e+003,-3.148982e+003, 1.748468e+001,-4.397239e+001,-1.002005e+002, 0.000000e+000, 0.000000e+000, 0.000000e+000, 0.000000e+000
 1.872000e-001, 3.889104e+002, 2.740365e+003,-3.124289e+003, 1.671395e+001,-4.516533e+001,-9.876051e+001, 0.000000e+000, 0.000000e+000, 0.000000e+000, 0.000000e+000
 1.872500e-001, 3.253063e+002, 2.777862e+003,-3.098442e+003, 1.593563e+001,-4.634490e+001,-9.728495e+001, 0.000000e+000, 0.000000e+000, 0.000000e+000, 0.000000e+000
 1.873000e-001, 2.615633e+002, 2.814365e+003,-3.071531e+003, 1.514982e+001,-4.751128e+001,-9.577478e+001, 0.000000e+000, 0.000000e+000, 0.000000e+000, 0.000000e+000
 1.873500e-001, 1.977649e+002, 2.849881e+003,-3.043484e+003, 1.435584e+001,-4.866447e+001,-9.423103e+001, 0.000000e+000, 0.000000e+000, 0.000000e+000, 0.000000e+000
 1.874000e-001, 1.338618e+002, 2.884381e+003,-3.014396e+003, 1.355379e+001,-4.980462e+001,-9.265465e+001, 0.000000e+000, 0.000000e+000, 0.000000e+000, 0.000000e+000
 1.874500e-001, 6.995869e+001, 2.917865e+003,-2.984189e+003, 1.274306e+001,-5.093171e+001,-9.104670e+001, 0.000000e+000, 0.000000e+000, 0.000000e+000, 0.000000e+000
 1.875000e-001, 5.986719e+000, 2.950311e+003,-2.952963e+003, 1.192371e+001,-5.204588e+001,-8.940815e+001, 0.000000e+000, 0.000000e+000, 0.000000e+000, 0.000000e+000
 1.875500e-001,-5.793162e+001, 2.981716e+003,-2.920639e+003, 1.109525e+001,-5.314710e+001,-8.774008e+001, 0.000000e+000, 0.000000e+000, 0.000000e+000, 0.000000e+000
 1.876000e-001,-1.218811e+002, 3.012061e+003,-2.887321e+003, 1.025770e+001,-5.423545e+001,-8.604348e+001, 0.000000e+000, 0.000000e+000, 0.000000e+000, 0.000000e+000
 1.876500e-001,-1.857253e+002, 3.041342e+003,-2.852926e+003, 9.410675e+000,-5.531091e+001,-8.431944e+001, 0.000000e+000, 0.000000e+000, 0.000000e+000, 0.000000e+000
 1.877000e-001,-2.495610e+002, 3.069543e+003,-2.817563e+003, 8.554187e+000,-5.637352e+001,-8.256893e+001, 0.000000e+000, 0.000000e+000, 0.000000e+000, 0.000000e+000
 1.877500e-001,-3.132420e+002, 3.096658e+003,-2.781146e+003, 7.687970e+000,-5.742321e+001,-8.079306e+001, 0.000000e+000, 0.000000e+000, 0.000000e+000, 0.000000e+000
 1.878000e-001,-3.768728e+002, 3.122674e+003,-2.743788e+003, 6.812012e+000,-5.846001e+001,-7.899281e+001, 0.000000e+000, 0.000000e+000, 0.000000e+000, 0.000000e+000
 1.878500e-001,-4.403019e+002, 3.147583e+003,-2.705402e+003, 5.926181e+000,-5.948380e+001,-7.716927e+001, 0.000000e+000, 0.000000e+000, 0.000000e+000, 0.000000e+000
 1.879000e-001,-5.036371e+002, 3.171377e+003,-2.666103e+003, 5.030447e+000,-6.049460e+001,-7.532341e+001, 0.000000e+000, 0.000000e+000, 0.000000e+000, 0.000000e+000
 1.879500e-001,-5.667260e+002, 3.194044e+003,-2.625802e+003, 4.124817e+000,-6.149223e+001,-7.345630e+001, 0.000000e+000, 0.000000e+000, 0.000000e+000, 0.000000e+000
 1.880000e-001,-6.296754e+002, 3.215582e+003,-2.584618e+003, 3.209249e+000,-6.247667e+001,-7.156892e+001, 0.000000e+000, 0.000000e+000, 0.000000e+000, 0.000000e+000
 1.880500e-001,-6.923364e+002, 3.235973e+003,-2.542460e+003, 2.283888e+000,-6.344771e+001,-6.966229e+001, 0.000000e+000, 0.000000e+000, 0.000000e+000, 0.000000e+000
 1.881000e-001,-7.548103e+002, 3.255224e+003,-2.499450e+003, 1.348690e+000,-6.440529e+001,-6.773740e+001, 0.000000e+000, 0.000000e+000, 0.000000e+000, 0.000000e+000
 1.881500e-001,-8.169562e+002, 3.273309e+003,-2.455497e+003, 4.039354e-001,-6.534914e+001,-6.579520e+001, 0.000000e+000, 0.000000e+000, 0.000000e+000, 0.000000e+000
 1.882000e-001,-8.788659e+002, 3.290245e+003,-2.410722e+003,-5.504133e-001,-6.627918e+001,-6.383670e+001, 0.000000e+000, 0.000000e+000, 0.000000e+000, 0.000000e+000
 1.882500e-001,-9.404102e+002, 3.305998e+003,-2.365036e+003,-1.513944e+000,-6.719507e+001,-6.186279e+001, 0.000000e+000, 0.000000e+000, 0.000000e+000, 0.000000e+000
 1.883000e-001,-1.001668e+003, 3.320594e+003,-2.318560e+003,-2.486680e+000,-6.809672e+001,-5.987444e+001, 0.000000e+000, 0.000000e+000, 0.000000e+000, 0.000000e+000
 1.883500e-001,-1.062525e+003, 3.333991e+003,-2.271207e+003,-3.468084e+000,-6.898370e+001,-5.787252e+001, 0.000000e+000, 0.000000e+000, 0.000000e+000, 0.000000e+000
 1.884000e-001,-1.123044e+003, 3.346226e+003,-2.223098e+003,-4.458157e+000,-6.985592e+001,-5.585796e+001, 0.000000e+000, 0.000000e+000, 0.000000e+000, 0.000000e+000
 1.884500e-001,-1.183128e+003, 3.357247e+003,-2.174147e+003,-5.456246e+000,-7.071286e+001,-5.383157e+001, 0.000000e+000, 0.000000e+000, 0.000000e+000, 0.000000e+000
 1.885000e-001,-1.242823e+003, 3.367103e+003,-2.124472e+003,-6.462318e+000,-7.155442e+001,-5.179427e+001, 0.000000e+000, 0.000000e+000, 0.000000e+000, 0.000000e+000
 1.885500e-001,-1.302052e+003, 3.375731e+003,-2.073993e+003,-7.475620e+000,-7.238001e+001,-4.974678e+001, 0.000000e+000, 0.000000e+000, 0.000000e+000, 0.000000e+000
 1.886000e-001,-1.360838e+003, 3.383195e+003,-2.022823e+003,-8.496075e+000,-7.318951e+001,-4.769001e+001, 0.000000e+000, 0.000000e+000, 0.000000e+000, 0.000000e+000
 1.886500e-001,-1.419127e+003, 3.389416e+003,-1.970890e+003,-9.522838e+000,-7.398225e+001,-4.562462e+001, 0.000000e+000, 0.000000e+000, 0.000000e+000, 0.000000e+000
 1.887000e-001,-1.476921e+003, 3.394475e+003,-1.918299e+003,-1.055578e+001,-7.475809e+001,-4.355149e+001, 0.000000e+000, 0.000000e+000, 0.000000e+000, 0.000000e+000
 1.887500e-001,-1.534190e+003, 3.398279e+003,-1.864986e+003,-1.159399e+001,-7.551629e+001,-4.147118e+001, 0.000000e+000, 0.000000e+000, 0.000000e+000, 0.000000e+000
 1.888000e-001,-1.590912e+003, 3.400927e+003,-1.811050e+003,-1.263728e+001,-7.625671e+001,-3.938457e+001, 0.000000e+000, 0.000000e+000, 0.000000e+000, 0.000000e+000
 1.888500e-001,-1.647078e+003, 3.402307e+003,-1.756434e+003,-1.368467e+001,-7.697852e+001,-3.729214e+001, 0.000000e+000, 0.000000e+000, 0.000000e+000, 0.000000e+000
 1.889000e-001,-1.702648e+003, 3.402540e+003,-1.701228e+003,-1.473590e+001,-7.768157e+001,-3.519474e+001, 0.000000e+000, 0.000000e+000, 0.000000e+000, 0.000000e+000
 1.889500e-001,-1.757634e+003, 3.401493e+003,-1.645388e+003,-1.578996e+001,-7.836497e+001,-3.309278e+001, 0.000000e+000, 0.000000e+000, 0.000000e+000, 0.000000e+000
 1.890000e-001,-1.811973e+003, 3.399310e+003,-1.588993e+003,-1.684653e+001,-7.902856e+001,-3.098707e+001, 0.000000e+000, 0.000000e+000, 0.000000e+000, 0.000000e+000
 1.890500e-001,-1.865701e+003, 3.395836e+003,-1.532010e+003,-1.790455e+001,-7.967138e+001,-2.887796e+001, 0.000000e+000, 0.000000e+000, 0.000000e+000, 0.000000e+000
 1.891000e-001,-1.918734e+003, 3.391239e+003,-1.474505e+003,-1.896363e+001,-8.029325e+001,-2.676623e+001, 0.000000e+000, 0.000000e+000, 0.000000e+000, 0.000000e+000
 1.891500e-001,-1.971127e+003, 3.385342e+003,-1.416460e+003,-2.002271e+001,-8.089317e+001,-2.465216e+001, 0.000000e+000, 0.000000e+000, 0.000000e+000, 0.000000e+000
 1.892000e-001,-2.022779e+003, 3.378338e+003,-1.357928e+003,-2.108130e+001,-8.147094e+001,-2.253650e+001, 0.000000e+000, 0.000000e+000, 0.000000e+000, 0.000000e+000
 1.892500e-001,-2.073763e+003, 3.370026e+003,-1.298905e+003,-2.213836e+001,-8.202552e+001,-2.041945e+001, 0.000000e+000, 0.000000e+000, 0.000000e+000, 0.000000e+000
 1.893000e-001,-2.123962e+003, 3.360624e+003,-1.239429e+003,-2.319333e+001,-8.255669e+001,-1.830176e+001, 0.000000e+000, 0.000000e+000, 0.000000e+000, 0.000000e+000
 1.893500e-001,-2.173465e+003, 3.349907e+003,-1.179514e+003,-2.424516e+001,-8.306339e+001,-1.618357e+001, 0.000000e+000, 0.000000e+000, 0.000000e+000, 0.000000e+000
 1.894000e-001,-2.222140e+003, 3.338120e+003,-1.119179e+003,-2.529323e+001,-8.354537e+001,-1.406557e+001, 0.000000e+000, 0.000000e+000, 0.000000e+000, 0.000000e+000
 1.894500e-001,-2.270091e+003, 3.325014e+003,-1.058456e+003,-2.633651e+001,-8.400156e+001,-1.194788e+001, 0.000000e+000, 0.000000e+000, 0.000000e+000, 0.000000e+000
 1.895000e-001,-2.317175e+003, 3.310858e+003,-9.973492e+002,-2.737432e+001,-8.443170e+001,-9.831156e+000, 0.000000e+000, 0.000000e+000, 0.000000e+000, 0.000000e+000
 1.895500e-001,-2.363505e+003, 3.295381e+003,-9.359053e+002,-2.840566e+001,-8.483471e+001,-7.715477e+000, 0.000000e+000, 0.000000e+000, 0.000000e+000, 0.000000e+000
 1.896000e-001,-2.408931e+003, 3.278875e+003,-8.741138e+002,-2.942979e+001,-8.521028e+001,-5.601460e+000, 0.000000e+000, 0.000000e+000, 0.000000e+000, 0.000000e+000
 1.896500e-001,-2.453575e+003, 3.261049e+003,-8.120369e+002,-3.044574e+001,-8.555740e+001,-3.489168e+000, 0.000000e+000, 0.000000e+000, 0.000000e+000, 0.000000e+000
 1.897000e-001,-2.497280e+003, 3.242217e+003,-7.496488e+002,-3.145271e+001,-8.587569e+001,-1.379179e+000, 0.000000e+000, 0.000000e+000, 0.000000e+000, 0.000000e+000
 1.897500e-001,-2.540173e+003, 3.222067e+003,-6.870273e+002,-3.244980e+001,-8.616418e+001, 7.284543e-001, 0.000000e+000, 0.000000e+000, 0.000000e+000, 0.000000e+000
 1.898000e-001,-2.582095e+003, 3.200934e+003,-6.241318e+002,-3.343616e+001,-8.642249e+001, 2.833191e+000, 0.000000e+000, 0.000000e+000, 0.000000e+000, 0.000000e+000
 1.898500e-001,-2.623176e+003, 3.178490e+003,-5.610548e+002,-3.441092e+001,-8.664969e+001, 4.934978e+000, 0.000000e+000, 0.000000e+000, 0.000000e+000, 0.000000e+000
 1.899000e-001,-2.663257e+003, 3.155084e+003,-4.977417e+002,-3.537323e+001,-8.684535e+001, 7.033310e+000, 0.000000e+000, 0.000000e+000, 0.000000e+000, 0.000000e+000
 1.899500e-001,-2.702466e+003, 3.130378e+003,-4.342986e+002,-3.632224e+001,-8.700862e+001, 9.128120e+000, 0.000000e+000, 0.000000e+000, 0.000000e+000, 0.000000e+000
 1.900000e-001,-2.740649e+003, 3.104734e+003,-3.706584e+002,-3.725709e+001,-8.713905e+001, 1.121894e+001, 0.000000e+000, 0.000000e+000, 0.000000e+000, 0.000000e+000
 1.900500e-001,-2.777931e+003, 3.077802e+003,-3.069389e+002,-3.817700e+001,-8.723587e+001, 1.330568e+001, 0.000000e+000, 0.000000e+000, 0.000000e+000, 0.000000e+000
 1.901000e-001,-2.814161e+003, 3.049954e+003,-2.430626e+002,-3.908109e+001,-8.729858e+001, 1.538790e+001, 0.000000e+000, 0.000000e+000, 0.000000e+000, 0.000000e+000
 1.901500e-001,-2.849463e+003, 3.020836e+003,-1.791569e+002,-3.996862e+001,-8.732655e+001, 1.746548e+001, 0.000000e+000, 0.000000e+000, 0.000000e+000, 0.000000e+000
 1.902000e-001,-2.883688e+003, 2.990822e+003,-1.151355e+002,-4.083875e+001,-8.731922e+001, 1.953802e+001, 0.000000e+000, 0.000000e+000, 0.000000e+000, 0.000000e+000
 1.902500e-001,-2.916959e+003, 2.959561e+003,-5.113364e+001,-4.169076e+001,-8.727610e+001, 2.160534e+001, 0.000000e+000, 0.000000e+000, 0.000000e+000, 0.000000e+000
 1.903000e-001,-2.949132e+003, 2.927424e+003, 1.294142e+001,-4.252384e+001,-8.719659e+001, 2.366708e+001, 0.000000e+000, 0.000000e+000, 0.000000e+000, 0.000000e+000
 1.903500e-001,-2.980323e+003, 2.894065e+003, 7.694921e+001,-4.333733e+001,-8.708033e+001, 2.572300e+001, 0.000000e+000, 0.000000e+000, 0.000000e+000, 0.000000e+000
 1.904000e-001,-3.010397e+003, 2.859850e+003, 1.409866e+002,-4.413044e+001,-8.692670e+001, 2.777276e+001, 0.000000e+000, 0.000000e+000, 0.000000e+000, 0.000000e+000
 1.904500e-001,-3.039465e+003, 2.824443e+003, 2.049103e+002,-4.490257e+001,-8.673548e+001, 2.981608e+001, 0.000000e+000, 0.000000e+000, 0.000000e+000, 0.000000e+000
 1.905000e-001,-3.067396e+003, 2.788197e+003, 2.688189e+002,-4.565297e+001,-8.650603e+001, 3.185262e+001, 0.000000e+000, 0.000000e+000, 0.000000e+000, 0.000000e+000
 1.905500e-001,-3.094299e+003, 2.750794e+003, 3.325685e+002,-4.638108e+001,-8.623831e+001, 3.388205e+001, 0.000000e+000, 0.000000e+000, 0.000000e+000, 0.000000e+000
 1.906000e-001,-3.120047e+003, 2.712569e+003, 3.962573e+002,-4.708621e+001,-8.593163e+001, 3.590404e+001, 0.000000e+000, 0.000000e+000, 0.000000e+000, 0.000000e+000
 1.906500e-001,-3.144746e+003, 2.673224e+003, 4.597434e+002,-4.776786e+001,-8.558614e+001, 3.791818e+001, 0.000000e+000, 0.000000e+000, 0.000000e+000, 0.000000e+000
 1.907000e-001,-3.168275e+003, 2.633073e+003, 5.231219e+002,-4.842539e+001,-8.520113e+001, 3.992417e+001, 0.000000e+000, 0.000000e+000, 0.000000e+000, 0.000000e+000
 1.907500e-001,-3.190734e+003, 2.591846e+003, 5.862552e+002,-4.905835e+001,-8.477689e+001, 4.192152e+001, 0.000000e+000, 0.000000e+000, 0.000000e+000, 0.000000e+000
 1.908000e-001,-3.212009e+003, 2.549826e+003, 6.492335e+002,-4.966617e+001,-8.431276e+001, 4.390992e+001, 0.000000e+000, 0.000000e+000, 0.000000e+000, 0.000000e+000
 1.908500e-001,-3.232196e+003, 2.506776e+003, 7.119254e+002,-5.024845e+001,-8.380919e+001, 4.588882e+001, 0.000000e+000, 0.000000e+000, 0.000000e+000, 0.000000e+000
 1.909000e-001,-3.251185e+003, 2.462946e+003, 7.744142e+002,-5.080471e+001,-8.326550e+001, 4.785791e+001, 0.000000e+000, 0.000000e+000, 0.000000e+000, 0.000000e+000
 1.909500e-001,-3.269072e+003, 2.418137e+003, 8.365767e+002,-5.133458e+001,-8.268233e+001, 4.981658e+001, 0.000000e+000, 0.000000e+000, 0.000000e+000, 0.000000e+000
 1.910000e-001,-3.285747e+003, 2.372560e+003, 8.984875e+002,-5.183766e+001,-8.205903e+001, 5.176450e+001, 0.000000e+000, 0.000000e+000, 0.000000e+000, 0.000000e+000
 1.910500e-001,-3.301307e+003, 2.326057e+003, 9.600331e+002,-5.231366e+001,-8.139639e+001, 5.370097e+001, 0.000000e+000, 0.000000e+000, 0.000000e+000, 0.000000e+000
 1.911000e-001,-3.315645e+003, 2.278798e+003, 1.021278e+003,-5.276223e+001,-8.069379e+001, 5.562567e+001, 0.000000e+000, 0.000000e+000, 0.000000e+000, 0.000000e+000
 1.911500e-001,-3.328855e+003, 2.230669e+003, 1.082121e+003,-5.318315e+001,-7.995219e+001, 5.753785e+001, 0.000000e+000, 0.000000e+000, 0.000000e+000, 0.000000e+000
 1.912000e-001,-3.340834e+003, 2.181795e+003, 1.142614e+003,-5.357616e+001,-7.917103e+001, 5.943714e+001, 0.000000e+000, 0.000000e+000, 0.000000e+000, 0.000000e+000
 1.912500e-001,-3.351675e+003, 2.132110e+003, 1.202667e+003,-5.394109e+001,-7.835138e+001, 6.132274e+001, 0.000000e+000, 0.000000e+000, 0.000000e+000, 0.000000e+000
 1.913000e-001,-3.361277e+003, 2.081692e+003, 1.262324e+003,-5.427776e+001,-7.749275e+001, 6.319425e+001, 0.000000e+000, 0.000000e+000, 0.000000e+000, 0.000000e+000
 1.913500e-001,-3.369733e+003, 2.030523e+003, 1.321503e+003,-5.458608e+001,-7.659637e+001, 6.505083e+001, 0.000000e+000, 0.000000e+000, 0.000000e+000, 0.000000e+000
 1.914000e-001,-3.376943e+003, 1.978633e+003, 1.380238e+003,-5.486593e+001,-7.566180e+001, 6.689204e+001, 0.000000e+000, 0.000000e+000, 0.000000e+000, 0.000000e+000
 1.914500e-001,-3.383001e+003, 1.926054e+003, 1.438461e+003,-5.511729e+001,-7.469038e+001, 6.871700e+001, 0.000000e+000, 0.000000e+000, 0.000000e+000, 0.000000e+000
 1.915000e-001,-3.387810e+003, 1.872766e+003, 1.496192e+003,-5.534012e+001,-7.368179e+001, 7.052522e+001, 0.000000e+000, 0.000000e+000, 0.000000e+000, 0.000000e+000
 1.915500e-001,-3.391459e+003, 1.818854e+003, 1.553376e+003,-5.553448e+001,-7.263743e+001, 7.231580e+001, 0.000000e+000, 0.000000e+000, 0.000000e+000, 0.000000e+000
 1.916000e-001,-3.393859e+003, 1.764245e+003, 1.610022e+003,-5.570038e+001,-7.155711e+001, 7.408819e+001, 0.000000e+000, 0.000000e+000, 0.000000e+000, 0.000000e+000
 1.916500e-001,-3.395094e+003, 1.709075e+003, 1.666086e+003,-5.583799e+001,-7.044231e+001, 7.584148e+001, 0.000000e+000, 0.000000e+000, 0.000000e+000, 0.000000e+000
 1.917000e-001,-3.395080e+003, 1.653225e+003, 1.721568e+003,-5.594735e+001,-6.929292e+001, 7.757508e+001, 0.000000e+000, 0.000000e+000, 0.000000e+000, 0.000000e+000
 1.917500e-001,-3.393899e+003, 1.596878e+003, 1.776432e+003,-5.602872e+001,-6.811051e+001, 7.928806e+001, 0.000000e+000, 0.000000e+000, 0.000000e+000, 0.000000e+000
 1.918000e-001,-3.391471e+003, 1.539867e+003, 1.830672e+003,-5.608221e+001,-6.689510e+001, 8.097974e+001, 0.000000e+000, 0.000000e+000, 0.000000e+000, 0.000000e+000
 1.918500e-001,-3.387874e+003, 1.482422e+003, 1.884259e+003,-5.610816e+001,-6.564827e+001, 8.264924e+001, 0.000000e+000, 0.000000e+000, 0.000000e+000, 0.000000e+000
 1.919000e-001,-3.383036e+003, 1.424333e+003, 1.937182e+003,-5.610670e+001,-6.437017e+001, 8.429581e+001, 0.000000e+000, 0.000000e+000, 0.000000e+000, 0.000000e+000
 1.919500e-001,-3.377025e+003, 1.365873e+003, 1.989415e+003,-5.607832e+001,-6.306243e+001, 8.591856e+001, 0.000000e+000, 0.000000e+000, 0.000000e+000, 0.000000e+000
 1.920000e-001,-3.369784e+003, 1.306789e+003, 2.040945e+003,-5.602312e+001,-6.172532e+001, 8.751670e+001, 0.000000e+000, 0.000000e+000, 0.000000e+000, 0.000000e+000
 1.920500e-001,-3.361368e+003, 1.247396e+003, 2.091752e+003,-5.594173e+001,-6.036045e+001, 8.908936e+001, 0.000000e+000, 0.000000e+000, 0.000000e+000, 0.000000e+000
 1.921000e-001,-3.351734e+003, 1.187403e+003, 2.141817e+003,-5.583426e+001,-5.896825e+001, 9.063570e+001, 0.000000e+000, 0.000000e+000, 0.000000e+000, 0.000000e+000
 1.921500e-001,-3.340923e+003, 1.127162e+003, 2.191124e+003,-5.570143e+001,-5.755032e+001, 9.215485e+001, 0.000000e+000, 0.000000e+000, 0.000000e+000, 0.000000e+000
 1.922000e-001,-3.328909e+003, 1.066348e+003, 2.239656e+003,-5.554339e+001,-5.610719e+001, 9.364593e+001, 0.000000e+000, 0.000000e+000, 0.000000e+000, 0.000000e+000
 1.922500e-001,-3.315718e+003, 1.005343e+003, 2.287392e+003,-5.536094e+001,-5.464045e+001, 9.510811e+001, 0.000000e+000, 0.000000e+000, 0.000000e+000, 0.000000e+000
 1.923000e-001,-3.301342e+003, 9.437942e+002, 2.334321e+003,-5.515423e+001,-5.315076e+001, 9.654047e+001, 0.000000e+000, 0.000000e+000, 0.000000e+000, 0.000000e+000
 1.923500e-001,-3.285787e+003, 8.821116e+002, 2.380420e+003,-5.492416e+001,-5.163966e+001, 9.794219e+001, 0.000000e+000, 0.000000e+000, 0.000000e+000, 0.000000e+000
 1.924000e-001,-3.269069e+003, 8.199181e+002, 2.425680e+003,-5.467091e+001,-5.010794e+001, 9.931234e+001, 0.000000e+000, 0.000000e+000, 0.000000e+000, 0.000000e+000
 1.924500e-001,-3.251173e+003, 7.576445e+002, 2.470076e+003,-5.439544e+001,-4.855707e+001, 1.006501e+002, 0.000000e+000, 0.000000e+000, 0.000000e+000, 0.000000e+000
 1.925000e-001,-3.232138e+003, 6.948958e+002, 2.513604e+003,-5.409792e+001,-4.698796e+001, 1.019546e+002, 0.000000e+000, 0.000000e+000, 0.000000e+000, 0.000000e+000
 1.925500e-001,-3.211924e+003, 6.321185e+002, 2.556233e+003,-5.377940e+001,-4.540200e+001, 1.032250e+002, 0.000000e+000, 0.000000e+000, 0.000000e+000, 0.000000e+000
 1.926000e-001,-3.190598e+003, 5.689052e+002, 2.597969e+003,-5.344007e+001,-4.380022e+001, 1.044603e+002, 0.000000e+000, 0.000000e+000, 0.000000e+000, 0.000000e+000
 1.926500e-001,-3.168095e+003, 5.057122e+002, 2.638769e+003,-5.308101e+001,-4.218392e+001, 1.056599e+002, 0.000000e+000, 0.000000e+000, 0.000000e+000, 0.000000e+000
 1.927000e-001,-3.144509e+003, 4.421250e+002, 2.678653e+003,-5.270242e+001,-4.055422e+001, 1.068227e+002, 0.000000e+000, 0.000000e+000, 0.000000e+000, 0.000000e+000
 1.927500e-001,-3.119749e+003, 3.786048e+002, 2.717568e+003,-5.230543e+001,-3.891233e+001, 1.079481e+002, 0.000000e+000, 0.000000e+000, 0.000000e+000, 0.000000e+000
 1.928000e-001,-3.093936e+003, 3.147352e+002, 2.755543e+003,-5.189024e+001,-3.725946e+001, 1.090352e+002, 0.000000e+000, 0.000000e+000, 0.000000e+000, 0.000000e+000
 1.928500e-001,-3.066952e+003, 2.509766e+002, 2.792517e+003,-5.145802e+001,-3.559671e+001, 1.100832e+002, 0.000000e+000, 0.000000e+000, 0.000000e+000, 0.000000e+000
 1.929000e-001,-3.038950e+003, 1.869161e+002, 2.828530e+003,-5.100896e+001,-3.392536e+001, 1.110912e+002, 0.000000e+000, 0.000000e+000, 0.000000e+000, 0.000000e+000
 1.929500e-001,-3.009782e+003, 1.230081e+002, 2.863510e+003,-5.054424e+001,-3.224641e+001, 1.120586e+002, 0.000000e+000, 0.000000e+000, 0.000000e+000, 0.000000e+000
 1.930000e-001,-2.979630e+003, 5.884838e+001, 2.897509e+003,-5.006407e+001,-3.056118e+001, 1.129846e+002, 0.000000e+000, 0.000000e+000, 0.000000e+000, 0.000000e+000
 1.930500e-001,-2.948319e+003,-5.119605e+000, 2.930447e+003,-4.956962e+001,-2.887058e+001, 1.138685e+002, 0.000000e+000, 0.000000e+000, 0.000000e+000, 0.000000e+000
 1.931000e-001,-2.916060e+003,-6.928708e+001, 2.962382e+003,-4.906110e+001,-2.717596e+001, 1.147094e+002, 0.000000e+000, 0.000000e+000, 0.000000e+000, 0.000000e+000
 1.931500e-001,-2.882652e+003,-1.332257e+002, 2.993230e+003,-4.853967e+001,-2.547811e+001, 1.155070e+002, 0.000000e+000, 0.000000e+000, 0.000000e+000, 0.000000e+000
 1.932000e-001,-2.848332e+003,-1.973096e+002, 3.023057e+003,-4.800554e+001,-2.377842e+001, 1.162602e+002, 0.000000e+000, 0.000000e+000, 0.000000e+000, 0.000000e+000
 1.932500e-001,-2.812873e+003,-2.611295e+002, 3.051772e+003,-4.745982e+001,-2.207755e+001, 1.169687e+002, 0.000000e+000, 0.000000e+000, 0.000000e+000, 0.000000e+000
 1.933000e-001,-2.776541e+003,-3.250387e+002, 3.079447e+003,-4.690275e+001,-2.037691e+001, 1.176316e+002, 0.000000e+000, 0.000000e+000, 0.000000e+000, 0.000000e+000
 1.933500e-001,-2.739083e+003,-3.886507e+002, 3.105988e+003,-4.633538e+001,-1.867705e+001, 1.182486e+002, 0.000000e+000, 0.000000e+000, 0.000000e+000, 0.000000e+000
 1.934000e-001,-2.700791e+003,-4.522946e+002, 3.131471e+003,-4.575795e+001,-1.697936e+001, 1.188189e+002, 0.000000e+000, 0.000000e+000, 0.000000e+000, 0.000000e+000
 1.934500e-001,-2.661389e+003,-5.156097e+002, 3.155800e+003,-4.517144e+001,-1.528430e+001, 1.193422e+002, 0.000000e+000, 0.000000e+000, 0.000000e+000, 0.000000e+000
 1.935000e-001,-2.621191e+003,-5.788984e+002, 3.179055e+003,-4.457611e+001,-1.359322e+001, 1.198178e+002, 0.000000e+000, 0.000000e+000, 0.000000e+000, 0.000000e+000
 1.935500e-001,-2.579902e+003,-6.418281e+002, 3.201137e+003,-4.397285e+001,-1.190649e+001, 1.202453e+002, 0.000000e+000, 0.000000e+000, 0.000000e+000, 0.000000e+000
 1.936000e-001,-2.537855e+003,-7.046721e+002, 3.222129e+003,-4.336192e+001,-1.022543e+001, 1.206243e+002, 0.000000e+000, 0.000000e+000, 0.000000e+000, 0.000000e+000
 1.936500e-001,-2.494739e+003,-7.671282e+002, 3.241935e+003,-4.274414e+001,-8.550296e+000, 1.209543e+002, 0.000000e+000, 0.000000e+000, 0.000000e+000, 0.000000e+000
 1.937000e-001,-2.450902e+003,-8.294390e+002, 3.260632e+003,-4.211975e+001,-6.882361e+000, 1.212351e+002, 0.000000e+000, 0.000000e+000, 0.000000e+000, 0.000000e+000
 1.937500e-001,-2.406022e+003,-8.913339e+002, 3.278133e+003,-4.148946e+001,-5.221795e+000, 1.214662e+002, 0.000000e+000, 0.000000e+000, 0.000000e+000, 0.000000e+000
 1.938000e-001,-2.360459e+003,-9.530239e+002, 3.294508e+003,-4.085355e+001,-3.569814e+000, 1.216475e+002, 0.000000e+000, 0.000000e+000, 0.000000e+000, 0.000000e+000
 1.938500e-001,-2.313879e+003,-1.014271e+003, 3.309679e+003,-4.021259e+001,-1.926499e+000, 1.217785e+002, 0.000000e+000, 0.000000e+000, 0.000000e+000, 0.000000e+000
 1.939000e-001,-2.266655e+003,-1.075253e+003, 3.323708e+003,-3.956686e+001,-2.930017e-001, 1.218592e+002, 0.000000e+000, 0.000000e+000, 0.000000e+000, 0.000000e+000
 1.939500e-001,-2.218444e+003,-1.135766e+003, 3.336527e+003,-3.891684e+001, 1.330680e+000, 1.218892e+002, 0.000000e+000, 0.000000e+000, 0.000000e+000, 0.000000e+000
 1.940000e-001,-2.169626e+003,-1.195955e+003, 3.348189e+003,-3.826276e+001, 2.943465e+000, 1.218686e+002, 0.000000e+000, 0.000000e+000, 0.000000e+000, 0.000000e+000
 1.940500e-001,-2.119854e+003,-1.255649e+003, 3.358639e+003,-3.760501e+001, 4.545431e+000, 1.217971e+002, 0.000000e+000, 0.000000e+000, 0.000000e+000, 0.000000e+000
 1.941000e-001,-2.069511e+003,-1.314961e+003, 3.367915e+003,-3.694383e+001, 6.135572e+000, 1.216747e+002, 0.000000e+000, 0.000000e+000, 0.000000e+000, 0.000000e+000
 1.941500e-001,-2.018250e+003,-1.373752e+003, 3.375980e+003,-3.627946e+001, 7.714032e+000, 1.215013e+002, 0.000000e+000, 0.000000e+000, 0.000000e+000, 0.000000e+000
 1.942000e-001,-1.966455e+003,-1.432102e+003, 3.382857e+003,-3.561213e+001, 9.279889e+000, 1.212772e+002, 0.000000e+000, 0.000000e+000, 0.000000e+000, 0.000000e+000
 1.942500e-001,-1.913779e+003,-1.489907e+003, 3.388526e+003,-3.494197e+001, 1.083334e+001, 1.210020e+002, 0.000000e+000, 0.000000e+000, 0.000000e+000, 0.000000e+000
 1.943000e-001,-1.860607e+003,-1.547215e+003, 3.392992e+003,-3.426920e+001, 1.237356e+001, 1.206762e+002, 0.000000e+000, 0.000000e+000, 0.000000e+000, 0.000000e+000
 1.943500e-001,-1.806592e+003,-1.603953e+003, 3.396257e+003,-3.359384e+001, 1.390078e+001, 1.202997e+002, 0.000000e+000, 0.000000e+000, 0.000000e+000, 0.000000e+000
 1.944000e-001,-1.752117e+003,-1.660138e+003, 3.398304e+003,-3.291606e+001, 1.541426e+001, 1.198728e+002, 0.000000e+000, 0.000000e+000, 0.000000e+000, 0.000000e+000
 1.944500e-001,-1.696843e+003,-1.715728e+003, 3.399160e+003,-3.223581e+001, 1.691429e+001, 1.193956e+002, 0.000000e+000, 0.000000e+000, 0.000000e+000, 0.000000e+000
 1.945000e-001,-1.641144e+003,-1.770711e+003, 3.398786e+003,-3.155321e+001, 1.840019e+001, 1.188686e+002, 0.000000e+000, 0.000000e+000, 0.000000e+000, 0.000000e+000
 1.945500e-001,-1.584689e+003,-1.825076e+003, 3.397230e+003,-3.086812e+001, 1.987230e+001, 1.182917e+002, 0.000000e+000, 0.000000e+000, 0.000000e+000, 0.000000e+000
 1.946000e-001,-1.527847e+003,-1.878780e+003, 3.394434e+003,-3.018063e+001, 2.133002e+001, 1.176656e+002, 0.000000e+000, 0.000000e+000, 0.000000e+000, 0.000000e+000
 1.946500e-001,-1.470293e+003,-1.931841e+003, 3.390469e+003,-2.949052e+001, 2.277371e+001, 1.169904e+002, 0.000000e+000, 0.000000e+000, 0.000000e+000, 0.000000e+000
 1.947000e-001,-1.412388e+003,-1.984191e+003, 3.385253e+003,-2.879784e+001, 2.420285e+001, 1.162669e+002, 0.000000e+000, 0.000000e+000, 0.000000e+000, 0.000000e+000
 1.947500e-001,-1.353817e+003,-2.035874e+003, 3.378884e+003,-2.810229e+001, 2.561783e+001, 1.154951e+002, 0.000000e+000, 0.000000e+000, 0.000000e+000, 0.000000e+000
 1.948000e-001,-1.294933e+003,-2.086797e+003, 3.371256e+003,-2.740389e+001, 2.701819e+001, 1.146759e+002, 0.000000e+000, 0.000000e+000, 0.000000e+000, 0.000000e+000
 1.948500e-001,-1.235430e+003,-2.137028e+003, 3.362491e+003,-2.670229e+001, 2.840433e+001, 1.138095e+002, 0.000000e+000, 0.000000e+000, 0.000000e+000, 0.000000e+000
 1.949000e-001,-1.175651e+003,-2.186452e+003, 3.352462e+003,-2.599745e+001, 2.977586e+001, 1.128968e+002, 0.000000e+000, 0.000000e+000, 0.000000e+000, 0.000000e+000
 1.949500e-001,-1.115300e+003,-2.235160e+003, 3.341312e+003,-2.528898e+001, 3.113319e+001, 1.119380e+002, 0.000000e+000, 0.000000e+000, 0.000000e+000, 0.000000e+000
 1.950000e-001,-1.054712e+003,-2.283015e+003, 3.328895e+003,-2.457681e+001, 3.247599e+001, 1.109342e+002, 0.000000e+000, 0.000000e+000, 0.000000e+000, 0.000000e+000
 1.950500e-001,-9.936004e+002,-2.330131e+003, 3.315375e+003,-2.386050e+001, 3.380466e+001, 1.098857e+002, 0.000000e+000, 0.000000e+000, 0.000000e+000, 0.000000e+000
 1.951000e-001,-9.322895e+002,-2.376350e+003, 3.300588e+003,-2.313996e+001, 3.511895e+001, 1.087934e+002, 0.000000e+000, 0.000000e+000, 0.000000e+000, 0.000000e+000
 1.951500e-001,-8.705045e+002,-2.421806e+003, 3.284716e+003,-2.241472e+001, 3.641922e+001, 1.076580e+002, 0.000000e+000, 0.000000e+000, 0.000000e+000, 0.000000e+000
 1.952000e-001,-8.085586e+002,-2.466324e+003, 3.267580e+003,-2.168467e+001, 3.770527e+001, 1.064803e+002, 0.000000e+000, 0.000000e+000, 0.000000e+000, 0.000000e+000
 1.952500e-001,-7.461882e+002,-2.510055e+003, 3.249379e+003,-2.094930e+001, 3.897747e+001, 1.052609e+002, 0.000000e+000, 0.000000e+000, 0.000000e+000, 0.000000e+000
 1.953000e-001,-6.836956e+002,-2.552810e+003, 3.229918e+003,-2.020850e+001, 4.023565e+001, 1.040010e+002, 0.000000e+000, 0.000000e+000, 0.000000e+000, 0.000000e+000
 1.953500e-001,-6.208286e+002,-2.594754e+003, 3.209412e+003,-1.946176e+001, 4.148014e+001, 1.027011e+002, 0.000000e+000, 0.000000e+000, 0.000000e+000, 0.000000e+000
 1.954000e-001,-5.578783e+002,-2.635684e+003, 3.187655e+003,-1.870894e+001, 4.271084e+001, 1.013623e+002, 0.000000e+000, 0.000000e+000, 0.000000e+000, 0.000000e+000
 1.954500e-001,-4.946042e+002,-2.675781e+003, 3.164872e+003,-1.794952e+001, 4.392803e+001, 9.998535e+001, 0.000000e+000, 0.000000e+000, 0.000000e+000, 0.000000e+000
 1.955000e-001,-4.312856e+002,-2.714829e+003, 3.140849e+003,-1.718341e+001, 4.513164e+001, 9.857131e+001, 0.000000e+000, 0.000000e+000, 0.000000e+000, 0.000000e+000
 1.955500e-001,-3.676945e+002,-2.753021e+003, 3.115821e+003,-1.641005e+001, 4.632192e+001, 9.712101e+001, 0.000000e+000, 0.000000e+000, 0.000000e+000, 0.000000e+000
 1.956000e-001,-3.040974e+002,-2.790132e+003, 3.089568e+003,-1.562938e+001, 4.749883e+001, 9.563548e+001, 0.000000e+000, 0.000000e+000, 0.000000e+000, 0.000000e+000
 1.956500e-001,-2.402798e+002,-2.826365e+003, 3.062328e+003,-1.484086e+001, 4.866256e+001, 9.411565e+001, 0.000000e+000, 0.000000e+000, 0.000000e+000, 0.000000e+000
 1.957000e-001,-1.764939e+002,-2.861485e+003, 3.033882e+003,-1.404445e+001, 4.981310e+001, 9.256255e+001, 0.000000e+000, 0.000000e+000, 0.000000e+000, 0.000000e+000
 1.957500e-001,-1.125405e+002,-2.895706e+003, 3.004470e+003,-1.323961e+001, 5.095061e+001, 9.097716e+001, 0.000000e+000, 0.000000e+000, 0.000000e+000, 0.000000e+000
 1.958000e-001,-4.865586e+001,-2.928787e+003, 2.973873e+003,-1.242637e+001, 5.207507e+001, 8.936048e+001, 0.000000e+000, 0.000000e+000, 0.000000e+000, 0.000000e+000
 1.958500e-001, 1.534230e+001,-2.960945e+003, 2.942329e+003,-1.160417e+001, 5.318660e+001, 8.771358e+001, 0.000000e+000, 0.000000e+000, 0.000000e+000, 0.000000e+000
 1.959000e-001, 7.923588e+001,-2.991940e+003, 2.909624e+003,-1.077314e+001, 5.428519e+001, 8.603742e+001, 0.000000e+000, 0.000000e+000, 0.000000e+000, 0.000000e+000
 1.959500e-001, 1.431879e+002,-3.021990e+003, 2.875994e+003,-9.932709e+000, 5.537089e+001, 8.433312e+001, 0.000000e+000, 0.000000e+000, 0.000000e+000, 0.000000e+000
 1.960000e-001, 2.070007e+002,-3.050854e+003, 2.841228e+003,-9.083079e+000, 5.644371e+001, 8.260162e+001, 0.000000e+000, 0.000000e+000, 0.000000e+000, 0.000000e+000
 1.960500e-001, 2.708156e+002,-3.078751e+003, 2.805558e+003,-8.223708e+000, 5.750364e+001, 8.084406e+001, 0.000000e+000, 0.000000e+000, 0.000000e+000, 0.000000e+000
 1.961000e-001, 3.344582e+002,-3.105444e+003, 2.768781e+003,-7.354882e+000, 5.855069e+001, 7.906137e+001, 0.000000e+000, 0.000000e+000, 0.000000e+000, 0.000000e+000
 1.961500e-001, 3.980454e+002,-3.131149e+003, 2.731123e+003,-6.476064e+000, 5.958476e+001, 7.725472e+001, 0.000000e+000, 0.000000e+000, 0.000000e+000, 0.000000e+000
 1.962000e-001, 4.614289e+002,-3.155631e+003, 2.692389e+003,-5.587650e+000, 6.060588e+001, 7.542497e+001, 0.000000e+000, 0.000000e+000, 0.000000e+000, 0.000000e+000
 1.962500e-001, 5.246981e+002,-3.179105e+003, 2.652795e+003,-4.689113e+000, 6.161389e+001, 7.357334e+001, 0.000000e+000, 0.000000e+000, 0.000000e+000, 0.000000e+000
 1.963000e-001, 5.877338e+002,-3.201343e+003, 2.612160e+003,-3.780961e+000, 6.260880e+001, 7.170065e+001, 0.000000e+000, 0.000000e+000, 0.000000e+000, 0.000000e+000
 1.963500e-001, 6.505950e+002,-3.222552e+003, 2.570687e+003,-2.862679e+000, 6.359037e+001, 6.980811e+001, 0.000000e+000, 0.000000e+000, 0.000000e+000, 0.000000e+000
 1.964000e-001, 7.131952e+002,-3.242512e+003, 2.528208e+003,-1.934896e+000, 6.455862e+001, 6.789650e+001, 0.000000e+000, 0.000000e+000, 0.000000e+000, 0.000000e+000
 1.964500e-001, 7.755594e+002,-3.261426e+003, 2.484916e+003,-9.971091e-001, 6.551324e+001, 6.596703e+001, 0.000000e+000, 0.000000e+000, 0.000000e+000, 0.000000e+000
 1.965000e-001, 8.376366e+002,-3.279080e+003, 2.440655e+003,-5.006957e-002, 6.645421e+001, 6.402044e+001, 0.000000e+000, 0.000000e+000, 0.000000e+000, 0.000000e+000
 1.965500e-001, 8.994153e+002,-3.295669e+003, 2.395605e+003, 9.067040e-001, 6.738117e+001, 6.205792e+001, 0.000000e+000, 0.000000e+000, 0.000000e+000, 0.000000e+000
 1.966000e-001, 9.608830e+002,-3.310992e+003, 2.349626e+003, 1.872344e+000, 6.829408e+001, 6.008017e+001, 0.000000e+000, 0.000000e+000, 0.000000e+000, 0.000000e+000
 1.966500e-001, 1.021989e+003,-3.325233e+003, 2.302883e+003, 2.847302e+000, 6.919250e+001, 5.808835e+001, 0.000000e+000, 0.000000e+000, 0.000000e+000, 0.000000e+000
 1.967000e-001, 1.082761e+003,-3.338202e+003, 2.255251e+003, 3.830601e+000, 7.007639e+001, 5.608312e+001, 0.000000e+000, 0.000000e+000, 0.000000e+000, 0.000000e+000
 1.967500e-001, 1.143107e+003,-3.350072e+003, 2.206883e+003, 4.822656e+000, 7.094521e+001, 5.406560e+001, 0.000000e+000, 0.000000e+000, 0.000000e+000, 0.000000e+000
 1.968000e-001, 1.203100e+003,-3.360668e+003, 2.157667e+003, 5.822385e+000, 7.179890e+001, 5.203640e+001, 0.000000e+000, 0.000000e+000, 0.000000e+000, 0.000000e+000
 1.968500e-001, 1.262601e+003,-3.370151e+003, 2.107742e+003, 6.830162e+000, 7.263689e+001, 4.999660e+001, 0.000000e+000, 0.000000e+000, 0.000000e+000, 0.000000e+000
 1.969000e-001, 1.321729e+003,-3.378358e+003, 2.057014e+003, 7.844810e+000, 7.345906e+001, 4.794678e+001, 0.000000e+000, 0.000000e+000, 0.000000e+000, 0.000000e+000
 1.969500e-001, 1.380303e+003,-3.385439e+003, 2.005604e+003, 8.866652e+000, 7.426479e+001, 4.588796e+001, 0.000000e+000, 0.000000e+000, 0.000000e+000, 0.000000e+000
 1.970000e-001, 1.438484e+003,-3.391245e+003, 1.953435e+003, 9.894436e+000, 7.505389e+001, 4.382067e+001, 0.000000e+000, 0.000000e+000, 0.000000e+000, 0.000000e+000
 1.970500e-001, 1.496046e+003,-3.395912e+003, 1.900615e+003, 1.092842e+001, 7.582574e+001, 4.174589e+001, 0.000000e+000, 0.000000e+000, 0.000000e+000, 0.000000e+000
 1.971000e-001, 1.553198e+003,-3.399308e+003, 1.847080e+003, 1.196728e+001, 7.658009e+001, 3.966409e+001, 0.000000e+000, 0.000000e+000, 0.000000e+000, 0.000000e+000
 1.971500e-001, 1.609669e+003,-3.401554e+003, 1.792926e+003, 1.301122e+001, 7.731626e+001, 3.757620e+001, 0.000000e+000, 0.000000e+000, 0.000000e+000, 0.000000e+000
 1.972000e-001, 1.665712e+003,-3.402534e+003, 1.738103e+003, 1.405886e+001, 7.803398e+001, 3.548265e+001, 0.000000e+000, 0.000000e+000, 0.000000e+000, 0.000000e+000
 1.972500e-001, 1.721011e+003,-3.402356e+003, 1.682691e+003, 1.511033e+001, 7.873252e+001, 3.338431e+001, 0.000000e+000, 0.000000e+000, 0.000000e+000, 0.000000e+000
 1.973000e-001, 1.775866e+003,-3.400918e+003, 1.626658e+003, 1.616423e+001, 7.941157e+001, 3.128156e+001, 0.000000e+000, 0.000000e+000, 0.000000e+000, 0.000000e+000
 1.973500e-001, 1.829917e+003,-3.398315e+003, 1.570070e+003, 1.722057e+001, 8.007035e+001, 2.917521e+001, 0.000000e+000, 0.000000e+000, 0.000000e+000, 0.000000e+000
 1.974000e-001, 1.883505e+003,-3.394459e+003, 1.512906e+003, 1.827798e+001, 8.070853e+001, 2.706561e+001, 0.000000e+000, 0.000000e+000, 0.000000e+000, 0.000000e+000
 1.974500e-001, 1.936233e+003,-3.389434e+003, 1.455223e+003, 1.933636e+001, 8.132529e+001, 2.495352e+001, 0.000000e+000, 0.000000e+000, 0.000000e+000, 0.000000e+000
 1.975000e-001, 1.988478e+003,-3.383166e+003, 1.397011e+003, 2.039436e+001, 8.192025e+001, 2.283923e+001, 0.000000e+000, 0.000000e+000, 0.000000e+000, 0.000000e+000
 1.975500e-001, 2.039809e+003,-3.375726e+003, 1.338315e+003, 2.145175e+001, 8.249261e+001, 2.072345e+001, 0.000000e+000, 0.000000e+000, 0.000000e+000, 0.000000e+000
 1.976000e-001, 2.090636e+003,-3.367052e+003, 1.279139e+003, 2.250724e+001, 8.304190e+001, 1.860643e+001, 0.000000e+000, 0.000000e+000, 0.000000e+000, 0.000000e+000
 1.976500e-001, 2.140500e+003,-3.357208e+003, 1.219513e+003, 2.356049e+001, 8.356732e+001, 1.648883e+001, 0.000000e+000, 0.000000e+000, 0.000000e+000, 0.000000e+000
 1.977000e-001, 2.189836e+003,-3.346141e+003, 1.159458e+003, 2.461025e+001, 8.406839e+001, 1.437087e+001, 0.000000e+000, 0.000000e+000, 0.000000e+000, 0.000000e+000
 1.977500e-001, 2.238162e+003,-3.333906e+003, 1.098989e+003, 2.565606e+001, 8.454429e+001, 1.225316e+001, 0.000000e+000, 0.000000e+000, 0.000000e+000, 0.000000e+000
 1.978000e-001, 2.285937e+003,-3.320460e+003, 1.038139e+003, 2.669676e+001, 8.499448e+001, 1.013589e+001, 0.000000e+000, 0.000000e+000, 0.000000e+000, 0.000000e+000
 1.978500e-001, 2.332659e+003,-3.305852e+003, 9.769138e+002, 2.773176e+001, 8.541819e+001, 8.019637e+000, 0.000000e+000, 0.000000e+000, 0.000000e+000, 0.000000e+000
 1.979000e-001, 2.378803e+003,-3.290045e+003, 9.153569e+002, 2.876000e+001, 8.581483e+001, 5.904544e+000, 0.000000e+000, 0.000000e+000, 0.000000e+000, 0.000000e+000
 1.979500e-001, 2.423856e+003,-3.273083e+003, 8.534621e+002, 2.978076e+001, 8.618362e+001, 3.791154e+000, 0.000000e+000, 0.000000e+000, 0.000000e+000, 0.000000e+000
 1.980000e-001, 2.468303e+003,-3.254938e+003, 7.912861e+002, 3.079309e+001, 8.652397e+001, 1.679596e+000, 0.000000e+000, 0.000000e+000, 0.000000e+000, 0.000000e+000
 1.980500e-001, 2.511625e+003,-3.235648e+003, 7.288103e+002, 3.179614e+001, 8.683514e+001,-4.296178e-001, 0.000000e+000, 0.000000e+000, 0.000000e+000, 0.000000e+000
 1.981000e-001, 2.554309e+003,-3.215189e+003, 6.661036e+002, 3.278908e+001, 8.711649e+001,-2.536381e+000, 0.000000e+000, 0.000000e+000, 0.000000e+000, 0.000000e+000
 1.981500e-001, 2.595840e+003,-3.193598e+003, 6.031361e+002, 3.377095e+001, 8.736732e+001,-4.640203e+000, 0.000000e+000, 0.000000e+000, 0.000000e+000, 0.000000e+000
 1.982000e-001, 2.636700e+003,-3.170854e+003, 5.399882e+002, 3.474106e+001, 8.758699e+001,-6.740991e+000, 0.000000e+000, 0.000000e+000, 0.000000e+000, 0.000000e+000
 1.982500e-001, 2.676383e+003,-3.146993e+003, 4.766185e+002, 3.569832e+001, 8.777482e+001,-8.838271e+000, 0.000000e+000, 0.000000e+000, 0.000000e+000, 0.000000e+000
 1.983000e-001, 2.715358e+003,-3.121996e+003, 4.131192e+002, 3.664217e+001, 8.793018e+001,-1.093196e+001, 0.000000e+000, 0.000000e+000, 0.000000e+000, 0.000000e+000
 1.983500e-001, 2.753137e+003,-3.095898e+003, 3.494376e+002, 3.757143e+001, 8.805244e+001,-1.302159e+001, 0.000000e+000, 0.000000e+000, 0.000000e+000, 0.000000e+000
 1.984000e-001, 2.790172e+003,-3.068684e+003, 2.856771e+002, 3.848568e+001, 8.814098e+001,-1.510708e+001, 0.000000e+000, 0.000000e+000, 0.000000e+000, 0.000000e+000
 1.984500e-001, 2.825995e+003,-3.040387e+003, 2.217740e+002, 3.938366e+001, 8.819520e+001,-1.718797e+001, 0.000000e+000, 0.000000e+000, 0.000000e+000, 0.000000e+000
 1.985000e-001, 2.861034e+003,-3.010994e+003, 1.578429e+002, 4.026505e+001, 8.821452e+001,-1.926417e+001, 0.000000e+000, 0.000000e+000, 0.000000e+000, 0.000000e+000
 1.985500e-001, 2.894852e+003,-2.980540e+003, 9.380912e+001, 4.112855e+001, 8.819839e+001,-2.133523e+001, 0.000000e+000, 0.000000e+000, 0.000000e+000, 0.000000e+000
 1.986000e-001, 2.927844e+003,-2.949009e+003, 2.979803e+001, 4.197396e+001, 8.814627e+001,-2.340103e+001, 0.000000e+000, 0.000000e+000, 0.000000e+000, 0.000000e+000
 1.986500e-001, 2.959609e+003,-2.916440e+003,-3.427558e+001, 4.279992e+001, 8.805767e+001,-2.546111e+001, 0.000000e+000, 0.000000e+000, 0.000000e+000, 0.000000e+000
 1.987000e-001, 2.990507e+003,-2.882817e+003,-9.827605e+001, 4.360637e+001, 8.793209e+001,-2.751536e+001, 0.000000e+000, 0.000000e+000, 0.000000e+000, 0.000000e+000
 1.987500e-001, 3.020174e+003,-2.848181e+003,-1.622986e+002, 4.439190e+001, 8.776910e+001,-2.956329e+001, 0.000000e+000, 0.000000e+000, 0.000000e+000, 0.000000e+000
 1.988000e-001, 3.048931e+003,-2.812515e+003,-2.261980e+002, 4.515657e+001, 8.756828e+001,-3.160475e+001, 0.000000e+000, 0.000000e+000, 0.000000e+000, 0.000000e+000
 1.988500e-001, 3.076459e+003,-2.775861e+003,-2.900787e+002, 4.589896e+001, 8.732924e+001,-3.363927e+001, 0.000000e+000, 0.000000e+000, 0.000000e+000, 0.000000e+000
 1.989000e-001, 3.103034e+003,-2.738202e+003,-3.537868e+002, 4.661921e+001, 8.705164e+001,-3.566665e+001, 0.000000e+000, 0.000000e+000, 0.000000e+000, 0.000000e+000
 1.989500e-001, 3.128383e+003,-2.699583e+003,-4.174352e+002, 4.731594e+001, 8.673517e+001,-3.768639e+001, 0.000000e+000, 0.000000e+000, 0.000000e+000, 0.000000e+000
 1.990000e-001, 3.152738e+003,-2.659986e+003,-4.808621e+002, 4.798937e+001, 8.637955e+001,-3.969826e+001, 0.000000e+000, 0.000000e+000, 0.000000e+000, 0.000000e+000
 1.990500e-001, 3.175872e+003,-2.619458e+003,-5.441880e+002, 4.863814e+001, 8.598457e+001,-4.170175e+001, 0.000000e+000, 0.000000e+000, 0.000000e+000, 0.000000e+000
 1.991000e-001, 3.197970e+003,-2.577980e+003,-6.072444e+002, 4.926254e+001, 8.555004e+001,-4.369657e+001, 0.000000e+000, 0.000000e+000, 0.000000e+000, 0.000000e+000
 1.991500e-001, 3.218856e+003,-2.535600e+003,-6.701583e+002, 4.986128e+001, 8.507581e+001,-4.568221e+001, 0.000000e+000, 0.000000e+000, 0.000000e+000, 0.000000e+000
 1.992000e-001, 3.238666e+003,-2.492302e+003,-7.327555e+002, 5.043471e+001, 8.456179e+001,-4.765831e+001, 0.000000e+000, 0.000000e+000, 0.000000e+000, 0.000000e+000
 1.992500e-001, 3.257272e+003,-2.448131e+003,-7.951682e+002, 5.098161e+001, 8.400790e+001,-4.962434e+001, 0.000000e+000, 0.000000e+000, 0.000000e+000, 0.000000e+000
 1.993000e-001, 3.274766e+003,-2.403075e+003,-8.572181e+002, 5.150236e+001, 8.341419e+001,-5.157990e+001, 0.000000e+000, 0.000000e+000, 0.000000e+000, 0.000000e+000
 1.993500e-001, 3.291066e+003,-2.357178e+003,-9.190414e+002, 5.199585e+001, 8.278064e+001,-5.352442e+001, 0.000000e+000, 0.000000e+000, 0.000000e+000, 0.000000e+000
 1.994000e-001, 3.306218e+003,-2.310429e+003,-9.804568e+002, 5.246250e+001, 8.210741e+001,-5.545744e+001, 0.000000e+000, 0.000000e+000, 0.000000e+000, 0.000000e+000
 1.994500e-001, 3.320187e+003,-2.262870e+003,-1.041603e+003, 5.290128e+001, 8.139456e+001,-5.737840e+001, 0.000000e+000, 0.000000e+000, 0.000000e+000, 0.000000e+000
 1.995000e-001, 3.332976e+003,-2.214497e+003,-1.102298e+003, 5.331267e+001, 8.064237e+001,-5.928674e+001, 0.000000e+000, 0.000000e+000, 0.000000e+000, 0.000000e+000
 1.995500e-001, 3.344593e+003,-2.165345e+003,-1.162681e+003, 5.369576e+001, 7.985098e+001,-6.118190e+001, 0.000000e+000, 0.000000e+000, 0.000000e+000, 0.000000e+000
 1.996000e-001, 3.354999e+003,-2.115417e+003,-1.222570e+003, 5.405101e+001, 7.902080e+001,-6.306326e+001, 0.000000e+000, 0.000000e+000, 0.000000e+000, 0.000000e+000
 1.996500e-001, 3.364246e+003,-2.064743e+003,-1.282105e+003, 5.437765e+001, 7.815205e+001,-6.493023e+001, 0.000000e+000, 0.000000e+000, 0.000000e+000, 0.000000e+000
 1.997000e-001, 3.372257e+003,-2.013333e+003,-1.341104e+003, 5.467618e+001, 7.724523e+001,-6.678214e+001, 0.000000e+000, 0.000000e+000, 0.000000e+000, 0.000000e+000
 1.997500e-001, 3.379118e+003,-1.961210e+003,-1.399705e+003, 5.494595e+001, 7.630067e+001,-6.861837e+001, 0.000000e+000, 0.000000e+000, 0.000000e+000, 0.000000e+000
 1.998000e-001, 3.384721e+003,-1.908392e+003,-1.457731e+003, 5.518746e+001, 7.531899e+001,-7.043819e+001, 0.000000e+000, 0.000000e+000, 0.000000e+000, 0.000000e+000
 1.998500e-001, 3.389185e+003,-1.854894e+003,-1.515317e+003, 5.540021e+001, 7.430058e+001,-7.224097e+001, 0.000000e+000, 0.000000e+000, 0.000000e+000, 0.000000e+000
 1.999000e-001, 3.392374e+003,-1.800745e+003,-1.572289e+003, 5.558470e+001, 7.324619e+001,-7.402591e+001, 0.000000e+000, 0.000000e+000, 0.000000e+000, 0.000000e+000
 1.999500e-001, 3.394433e+003,-1.745949e+003,-1.628778e+003, 5.574056e+001, 7.215628e+001,-7.579238e+001, 0.000000e+000, 0.000000e+000, 0.000000e+000, 0.000000e+000
 2.000000e-001, 3.395202e+003,-1.690547e+003,-1.684616e+003, 5.586832e+001, 7.103172e+001,-7.753952e+001, 0.000000e+000, 0.000000e+000, 0.000000e+000, 0.000000e+000
 2.000500e-001, 3.394852e+003,-1.634531e+003,-1.739928e+003, 5.596773e+001, 6.987302e+001,-7.926669e+001, 0.000000e+000, 0.000000e+000, 0.000000e+000, 0.000000e+000
 2.001000e-001, 3.393200e+003,-1.577956e+003,-1.794553e+003, 5.603932e+001, 6.868118e+001,-8.097297e+001, 0.000000e+000, 0.000000e+000, 0.000000e+000, 0.000000e+000
 2.001500e-001, 3.390439e+003,-1.520802e+003,-1.848610e+003, 5.608299e+001, 6.745677e+001,-8.265770e+001, 0.000000e+000, 0.000000e+000, 0.000000e+000, 0.000000e+000
 2.002000e-001, 3.386370e+003,-1.463134e+003,-1.901946e+003, 5.609926e+001, 6.620087e+001,-8.431995e+001, 0.000000e+000, 0.000000e+000, 0.000000e+000, 0.000000e+000
 2.002500e-001, 3.381201e+003,-1.404923e+003,-1.954672e+003, 5.608817e+001, 6.491416e+001,-8.595902e+001, 0.000000e+000, 0.000000e+000, 0.000000e+000, 0.000000e+000
 2.003000e-001, 3.374719e+003,-1.346247e+003,-2.006642e+003, 5.605025e+001, 6.359777e+001,-8.757396e+001, 0.000000e+000, 0.000000e+000, 0.000000e+000, 0.000000e+000
 2.003500e-001, 3.367148e+003,-1.287062e+003,-2.057963e+003, 5.598564e+001, 6.225244e+001,-8.916405e+001, 0.000000e+000, 0.000000e+000, 0.000000e+000, 0.000000e+000
 2.004000e-001, 3.358263e+003,-1.227461e+003,-2.108496e+003, 5.589490e+001, 6.087938e+001,-9.072832e+001, 0.000000e+000, 0.000000e+000, 0.000000e+000, 0.000000e+000
 2.004500e-001, 3.348299e+003,-1.167387e+003,-2.158338e+003, 5.577827e+001, 5.947940e+001,-9.226604e+001, 0.000000e+000, 0.000000e+000, 0.000000e+000, 0.000000e+000
 2.005000e-001, 3.337024e+003,-1.106947e+003,-2.207361e+003, 5.563632e+001, 5.805377e+001,-9.377621e+001, 0.000000e+000, 0.000000e+000, 0.000000e+000, 0.000000e+000
 2.005500e-001, 3.324680e+003,-1.046070e+003,-2.255656e+003, 5.546941e+001, 5.660334e+001,-9.525811e+001, 0.000000e+000, 0.000000e+000, 0.000000e+000, 0.000000e+000
 2.006000e-001, 3.311031e+003,-9.848764e+002,-2.303100e+003, 5.527810e+001, 5.512944e+001,-9.671073e+001, 0.000000e+000, 0.000000e+000, 0.000000e+000, 0.000000e+000
 2.006500e-001, 3.296324e+003,-9.232839e+002,-2.349778e+003, 5.506284e+001, 5.363295e+001,-9.813333e+001, 0.000000e+000, 0.000000e+000, 0.000000e+000, 0.000000e+000
 2.007000e-001, 3.280319e+003,-8.614242e+002,-2.395576e+003, 5.482422e+001, 5.211524e+001,-9.952492e+001, 0.000000e+000, 0.000000e+000, 0.000000e+000, 0.000000e+000
 2.007500e-001, 3.263270e+003,-7.992038e+002,-2.440572e+003, 5.456276e+001, 5.057726e+001,-1.008847e+002, 0.000000e+000, 0.000000e+000, 0.000000e+000, 0.000000e+000
 2.008000e-001, 3.244932e+003,-7.367661e+002,-2.484660e+003, 5.427906e+001, 4.902035e+001,-1.022118e+002, 0.000000e+000, 0.000000e+000, 0.000000e+000, 0.000000e+000
 2.008500e-001, 3.225563e+003,-6.740065e+002,-2.527909e+003, 5.397371e+001, 4.744552e+001,-1.035054e+002, 0.000000e+000, 0.000000e+000, 0.000000e+000, 0.000000e+000
 2.009000e-001, 3.204919e+003,-6.110793e+002,-2.570223e+003, 5.364733e+001, 4.585412e+001,-1.047645e+002, 0.000000e+000, 0.000000e+000, 0.000000e+000, 0.000000e+000
 2.009500e-001, 3.183258e+003,-5.478701e+002,-2.611666e+003, 5.330054e+001, 4.424719e+001,-1.059884e+002, 0.000000e+000, 0.000000e+000, 0.000000e+000, 0.000000e+000
 2.010000e-001, 3.160337e+003,-4.845425e+002,-2.652147e+003, 5.293400e+001, 4.262605e+001,-1.071761e+002, 0.000000e+000, 0.000000e+000, 0.000000e+000, 0.000000e+000
 2.010500e-001, 3.136414e+003,-4.209737e+002,-2.691724e+003, 5.254836e+001, 4.099177e+001,-1.083270e+002, 0.000000e+000, 0.000000e+000, 0.000000e+000, 0.000000e+000
 2.011000e-001, 3.111247e+003,-3.573353e+002,-2.730313e+003, 5.214429e+001, 3.934566e+001,-1.094400e+002, 0.000000e+000, 0.000000e+000, 0.000000e+000, 0.000000e+000
 2.011500e-001, 3.085097e+003,-2.934972e+002,-2.767969e+003, 5.172248e+001, 3.768878e+001,-1.105145e+002, 0.000000e+000, 0.000000e+000, 0.000000e+000, 0.000000e+000
 2.012000e-001, 3.057721e+003,-2.296377e+002,-2.804612e+003, 5.128359e+001, 3.602242e+001,-1.115497e+002, 0.000000e+000, 0.000000e+000, 0.000000e+000, 0.000000e+000
 2.012500e-001, 3.029380e+003,-1.656212e+002,-2.840293e+003, 5.082833e+001, 3.434764e+001,-1.125447e+002, 0.000000e+000, 0.000000e+000, 0.000000e+000, 0.000000e+000
 2.013000e-001, 2.999833e+003,-1.016306e+002,-2.874937e+003, 5.035737e+001, 3.266568e+001,-1.134988e+002, 0.000000e+000, 0.000000e+000, 0.000000e+000, 0.000000e+000
 2.013500e-001, 2.969343e+003,-3.752643e+001,-2.908593e+003, 4.987142e+001, 3.097760e+001,-1.144113e+002, 0.000000e+000, 0.000000e+000, 0.000000e+000, 0.000000e+000
 2.014000e-001, 2.937667e+003, 2.650520e+001,-2.941189e+003, 4.937116e+001, 2.928457e+001,-1.152813e+002, 0.000000e+000, 0.000000e+000, 0.000000e+000, 0.000000e+000
 2.014500e-001, 2.905070e+003, 9.060617e+001,-2.972771e+003, 4.885729e+001, 2.758766e+001,-1.161084e+002, 0.000000e+000, 0.000000e+000, 0.000000e+000, 0.000000e+000
 2.015000e-001, 2.871311e+003, 1.545889e+002,-3.003273e+003, 4.833047e+001, 2.588796e+001,-1.168917e+002, 0.000000e+000, 0.000000e+000, 0.000000e+000, 0.000000e+000
 2.015500e-001, 2.836654e+003, 2.185959e+002,-3.032736e+003, 4.779141e+001, 2.418652e+001,-1.176306e+002, 0.000000e+000, 0.000000e+000, 0.000000e+000, 0.000000e+000
 2.016000e-001, 2.800861e+003, 2.824398e+002,-3.061100e+003, 4.724073e+001, 2.248436e+001,-1.183244e+002, 0.000000e+000, 0.000000e+000, 0.000000e+000, 0.000000e+000
 2.016500e-001, 2.764193e+003, 3.462623e+002,-3.088403e+003, 4.667914e+001, 2.078250e+001,-1.189726e+002, 0.000000e+000, 0.000000e+000, 0.000000e+000, 0.000000e+000
 2.017000e-001, 2.726417e+003, 4.098779e+002,-3.114588e+003, 4.610722e+001, 1.908187e+001,-1.195746e+002, 0.000000e+000, 0.000000e+000, 0.000000e+000, 0.000000e+000
 2.017500e-001, 2.687790e+003, 4.734257e+002,-3.139691e+003, 4.552566e+001, 1.738347e+001,-1.201299e+002, 0.000000e+000, 0.000000e+000, 0.000000e+000, 0.000000e+000
 2.018000e-001, 2.648085e+003, 5.367239e+002,-3.163660e+003, 4.493500e+001, 1.568813e+001,-1.206378e+002, 0.000000e+000, 0.000000e+000, 0.000000e+000, 0.000000e+000
 2.018500e-001, 2.607556e+003, 5.999072e+002,-3.186527e+003, 4.433592e+001, 1.399683e+001,-1.210981e+002, 0.000000e+000, 0.000000e+000, 0.000000e+000, 0.000000e+000
 2.019000e-001, 2.565980e+003, 6.627993e+002,-3.208245e+003, 4.372888e+001, 1.231029e+001,-1.215100e+002, 0.000000e+000, 0.000000e+000, 0.000000e+000, 0.000000e+000
 2.019500e-001, 2.523606e+003, 7.255289e+002,-3.228843e+003, 4.311456e+001, 1.062944e+001,-1.218734e+002, 0.000000e+000, 0.000000e+000, 0.000000e+000, 0.000000e+000
 2.020000e-001, 2.480219e+003, 7.879268e+002,-3.248279e+003, 4.249335e+001, 8.954926e+000,-1.221877e+002, 0.000000e+000, 0.000000e+000, 0.000000e+000, 0.000000e+000
 2.020500e-001, 2.436060e+003, 8.501144e+002,-3.266578e+003, 4.186590e+001, 7.287621e+000,-1.224526e+002, 0.000000e+000, 0.000000e+000, 0.000000e+000, 0.000000e+000
 2.021000e-001, 2.390926e+003, 9.119308e+002,-3.283705e+003, 4.123251e+001, 5.628073e+000,-1.226678e+002, 0.000000e+000, 0.000000e+000, 0.000000e+000, 0.000000e+000
 2.021500e-001, 2.345044e+003, 9.734888e+002,-3.299678e+003, 4.059385e+001, 3.977103e+000,-1.228330e+002, 0.000000e+000, 0.000000e+000, 0.000000e+000, 0.000000e+000
 2.022000e-001, 2.298228e+003, 1.034637e+003,-3.314471e+003, 3.995008e+001, 2.335164e+000,-1.229479e+002, 0.000000e+000, 0.000000e+000, 0.000000e+000, 0.000000e+000
 2.022500e-001, 2.250690e+003, 1.095479e+003,-3.328094e+003, 3.930187e+001, 7.030226e-001,-1.230125e+002, 0.000000e+000, 0.000000e+000, 0.000000e+000, 0.000000e+000
 2.023000e-001, 2.202260e+003, 1.155873e+003,-3.340531e+003, 3.864928e+001,-9.189647e-001,-1.230263e+002, 0.000000e+000, 0.000000e+000, 0.000000e+000, 0.000000e+000
 2.023500e-001, 2.153134e+003, 1.215912e+003,-3.351785e+003, 3.799298e+001,-2.530084e+000,-1.229895e+002, 0.000000e+000, 0.000000e+000, 0.000000e+000, 0.000000e+000
 2.024000e-001, 2.103160e+003, 1.275469e+003,-3.361849e+003, 3.733290e+001,-4.130075e+000,-1.229017e+002, 0.000000e+000, 0.000000e+000, 0.000000e+000, 0.000000e+000
 2.024500e-001, 2.052515e+003, 1.334621e+003,-3.370716e+003, 3.666969e+001,-5.718277e+000,-1.227632e+002, 0.000000e+000, 0.000000e+000, 0.000000e+000, 0.000000e+000
 2.025000e-001, 2.001072e+003, 1.393256e+003,-3.378392e+003, 3.600318e+001,-7.294520e+000,-1.225736e+002, 0.000000e+000, 0.000000e+000, 0.000000e+000, 0.000000e+000
 2.025500e-001, 1.948980e+003, 1.451438e+003,-3.384859e+003, 3.533400e+001,-8.858200e+000,-1.223333e+002, 0.000000e+000, 0.000000e+000, 0.000000e+000, 0.000000e+000
 2.026000e-001, 1.896141e+003, 1.509069e+003,-3.390135e+003, 3.466185e+001,-1.040923e+001,-1.220420e+002, 0.000000e+000, 0.000000e+000, 0.000000e+000, 0.000000e+000
 2.026500e-001, 1.842677e+003, 1.566200e+003,-3.394192e+003, 3.398737e+001,-1.194707e+001,-1.217001e+002, 0.000000e+000, 0.000000e+000, 0.000000e+000, 0.000000e+000
 2.027000e-001, 1.788519e+003, 1.622746e+003,-3.397061e+003, 3.331012e+001,-1.347170e+001,-1.213075e+002, 0.000000e+000, 0.000000e+000, 0.000000e+000, 0.000000e+000
 2.027500e-001, 1.733759e+003, 1.678743e+003,-3.398700e+003, 3.263074e+001,-1.498263e+001,-1.208647e+002, 0.000000e+000, 0.000000e+000, 0.000000e+000, 0.000000e+000
 2.028000e-001, 1.678361e+003, 1.734126e+003,-3.399158e+003, 3.194868e+001,-1.647993e+001,-1.203717e+002, 0.000000e+000, 0.000000e+000, 0.000000e+000, 0.000000e+000
 2.028500e-001, 1.622383e+003, 1.788911e+003,-3.398377e+003, 3.126455e+001,-1.796315e+001,-1.198289e+002, 0.000000e+000, 0.000000e+000, 0.000000e+000, 0.000000e+000
 2.029000e-001, 1.565826e+003, 1.843052e+003,-3.396422e+003, 3.057769e+001,-1.943243e+001,-1.192364e+002, 0.000000e+000, 0.000000e+000, 0.000000e+000, 0.000000e+000
 2.029500e-001, 1.508709e+003, 1.896549e+003,-3.393220e+003, 2.988871e+001,-2.088736e+001,-1.185948e+002, 0.000000e+000, 0.000000e+000, 0.000000e+000, 0.000000e+000
 2.030000e-001, 1.451074e+003, 1.949371e+003,-3.388855e+003, 2.919685e+001,-2.232815e+001,-1.179043e+002, 0.000000e+000, 0.000000e+000, 0.000000e+000, 0.000000e+000
 2.030500e-001, 1.392902e+003, 2.001503e+003,-3.383237e+003, 2.850267e+001,-2.375442e+001,-1.171655e+002, 0.000000e+000, 0.000000e+000, 0.000000e+000, 0.000000e+000
 2.031000e-001, 1.334272e+003, 2.052934e+003,-3.376467e+003, 2.780535e+001,-2.516645e+001,-1.163787e+002, 0.000000e+000, 0.000000e+000, 0.000000e+000, 0.000000e+000
 2.031500e-001, 1.275126e+003, 2.103627e+003,-3.368439e+003, 2.710543e+001,-2.656387e+001,-1.155446e+002, 0.000000e+000, 0.000000e+000, 0.000000e+000, 0.000000e+000
 2.032000e-001, 1.215585e+003, 2.153594e+003,-3.359274e+003, 2.640202e+001,-2.794704e+001,-1.146636e+002, 0.000000e+000, 0.000000e+000, 0.000000e+000, 0.000000e+000
 2.032500e-001, 1.155551e+003, 2.202777e+003,-3.348847e+003, 2.569560e+001,-2.931561e+001,-1.137364e+002, 0.000000e+000, 0.000000e+000, 0.000000e+000, 0.000000e+000
 2.033000e-001, 1.095185e+003, 2.251208e+003,-3.337299e+003, 2.498526e+001,-3.066996e+001,-1.127633e+002, 0.000000e+000, 0.000000e+000, 0.000000e+000, 0.000000e+000
 2.033500e-001, 1.034349e+003, 2.298811e+003,-3.324488e+003, 2.427143e+001,-3.200978e+001,-1.117455e+002, 0.000000e+000, 0.000000e+000, 0.000000e+000, 0.000000e+000
 2.034000e-001, 9.732437e+002, 2.345639e+003,-3.310572e+003, 2.355317e+001,-3.333549e+001,-1.106831e+002, 0.000000e+000, 0.000000e+000, 0.000000e+000, 0.000000e+000
 2.034500e-001, 9.116919e+002, 2.391594e+003,-3.295395e+003, 2.283088e+001,-3.464678e+001,-1.095773e+002, 0.000000e+000, 0.000000e+000, 0.000000e+000, 0.000000e+000
 2.035000e-001, 8.499348e+002, 2.436752e+003,-3.279131e+003, 2.210360e+001,-3.594412e+001,-1.084285e+002, 0.000000e+000, 0.000000e+000, 0.000000e+000, 0.000000e+000
 2.035500e-001, 7.877561e+002, 2.480994e+003,-3.261609e+003, 2.137167e+001,-3.722720e+001,-1.072378e+002, 0.000000e+000, 0.000000e+000, 0.000000e+000, 0.000000e+000
 2.036000e-001, 7.254345e+002, 2.524419e+003,-3.243018e+003, 2.063417e+001,-3.849649e+001,-1.060056e+002, 0.000000e+000, 0.000000e+000, 0.000000e+000, 0.000000e+000
 2.036500e-001, 6.627182e+002, 2.566885e+003,-3.223177e+003, 1.989137e+001,-3.975171e+001,-1.047332e+002, 0.000000e+000, 0.000000e+000, 0.000000e+000, 0.000000e+000
 2.037000e-001, 5.999202e+002, 2.608515e+003,-3.202285e+003, 1.914239e+001,-4.099335e+001,-1.034211e+002, 0.000000e+000, 0.000000e+000, 0.000000e+000, 0.000000e+000
 2.037500e-001, 5.367562e+002, 2.649145e+003,-3.180152e+003, 1.838743e+001,-4.222111e+001,-1.020703e+002, 0.000000e+000, 0.000000e+000, 0.000000e+000, 0.000000e+000
 2.038000e-001, 4.735703e+002, 2.688920e+003,-3.156988e+003, 1.762569e+001,-4.343549e+001,-1.006817e+002, 0.000000e+000, 0.000000e+000, 0.000000e+000, 0.000000e+000
 2.038500e-001, 4.100495e+002, 2.727655e+003,-3.132595e+003, 1.685730e+001,-4.463619e+001,-9.925636e+001, 0.000000e+000, 0.000000e+000, 0.000000e+000, 0.000000e+000
 2.039000e-001, 3.465645e+002, 2.765520e+003,-3.107192e+003, 1.608153e+001,-4.582369e+001,-9.779502e+001, 0.000000e+000, 0.000000e+000, 0.000000e+000, 0.000000e+000
 2.039500e-001, 2.827779e+002, 2.802306e+003,-3.080574e+003, 1.529846e+001,-4.699772e+001,-9.629877e+001, 0.000000e+000, 0.000000e+000, 0.000000e+000, 0.000000e+000
 2.040000e-001, 2.190829e+002, 2.838205e+003,-3.052967e+003, 1.450744e+001,-4.815871e+001,-9.476855e+001, 0.000000e+000, 0.000000e+000, 0.000000e+000, 0.000000e+000
 2.040500e-001, 1.551219e+002, 2.872989e+003,-3.024163e+003, 1.370850e+001,-4.930640e+001,-9.320537e+001, 0.000000e+000, 0.000000e+000, 0.000000e+000, 0.000000e+000
 2.041000e-001, 9.130615e+001, 2.906871e+003,-2.994390e+003, 1.290111e+001,-5.044120e+001,-9.161022e+001, 0.000000e+000, 0.000000e+000, 0.000000e+000, 0.000000e+000
 2.041500e-001, 2.726253e+001, 2.939603e+003,-2.963440e+003, 1.208522e+001,-5.156283e+001,-8.998412e+001, 0.000000e+000, 0.000000e+000, 0.000000e+000, 0.000000e+000
 2.042000e-001,-3.658490e+001, 2.971419e+003,-2.931544e+003, 1.126044e+001,-5.267167e+001,-8.832812e+001, 0.000000e+000, 0.000000e+000, 0.000000e+000, 0.000000e+000
 2.042500e-001,-1.006195e+002, 3.002053e+003,-2.898494e+003, 1.042667e+001,-5.376743e+001,-8.664319e+001, 0.000000e+000, 0.000000e+000, 0.000000e+000, 0.000000e+000
 2.043000e-001,-1.644095e+002, 3.031758e+003,-2.864518e+003, 9.583633e+000,-5.485045e+001,-8.493045e+001, 0.000000e+000, 0.000000e+000, 0.000000e+000, 0.000000e+000
 2.043500e-001,-2.283436e+002, 3.060250e+003,-2.829416e+003, 8.731209e+000,-5.592045e+001,-8.319084e+001, 0.000000e+000, 0.000000e+000, 0.000000e+000, 0.000000e+000
 2.044000e-001,-2.919870e+002, 3.087800e+003,-2.793409e+003, 7.869239e+000,-5.697768e+001,-8.142551e+001, 0.000000e+000, 0.000000e+000, 0.000000e+000, 0.000000e+000
 2.044500e-001,-3.557295e+002, 3.114110e+003,-2.756305e+003, 6.997579e+000,-5.802188e+001,-7.963537e+001, 0.000000e+000, 0.000000e+000, 0.000000e+000, 0.000000e+000
 2.045000e-001,-4.191376e+002, 3.139464e+003,-2.718318e+003, 6.116203e+000,-5.905324e+001,-7.782159e+001, 0.000000e+000, 0.000000e+000, 0.000000e+000, 0.000000e+000
 2.045500e-001,-4.825976e+002, 3.163554e+003,-2.679266e+003, 5.224952e+000,-6.007149e+001,-7.598505e+001, 0.000000e+000, 0.000000e+000, 0.000000e+000, 0.000000e+000
 2.046000e-001,-5.456821e+002, 3.186676e+003,-2.639352e+003, 4.323928e+000,-6.107674e+001,-7.412695e+001, 0.000000e+000, 0.000000e+000, 0.000000e+000, 0.000000e+000
 2.046500e-001,-6.087693e+002, 3.208511e+003,-2.598408e+003, 3.412971e+000,-6.206873e+001,-7.224809e+001, 0.000000e+000, 0.000000e+000, 0.000000e+000, 0.000000e+000
 2.047000e-001,-6.714421e+002, 3.229367e+003,-2.556625e+003, 2.492309e+000,-6.304747e+001,-7.034971e+001, 0.000000e+000, 0.000000e+000, 0.000000e+000, 0.000000e+000
 2.047500e-001,-7.340672e+002, 3.248917e+003,-2.513849e+003, 1.561790e+000,-6.401274e+001,-6.843256e+001, 0.000000e+000, 0.000000e+000, 0.000000e+000, 0.000000e+000
 2.048000e-001,-7.962407e+002, 3.267474e+003,-2.470255e+003, 6.217642e-001,-6.496444e+001,-6.649787e+001, 0.000000e+000, 0.000000e+000, 0.000000e+000, 0.000000e+000
 2.048500e-001,-8.583151e+002, 3.284711e+003,-2.425708e+003,-3.278984e-001,-6.590235e+001,-6.454634e+001, 0.000000e+000, 0.000000e+000, 0.000000e+000, 0.000000e+000
 2.049000e-001,-9.199023e+002, 3.300942e+003,-2.380367e+003,-1.286735e+000,-6.682627e+001,-6.257919e+001, 0.000000e+000, 0.000000e+000, 0.000000e+000, 0.000000e+000
 2.049500e-001,-9.813382e+002, 3.315842e+003,-2.334113e+003,-2.254842e+000,-6.773602e+001,-6.059708e+001, 0.000000e+000, 0.000000e+000, 0.000000e+000, 0.000000e+000
 2.050000e-001,-1.042253e+003, 3.329723e+003,-2.287089e+003,-3.231653e+000,-6.863126e+001,-5.860120e+001, 0.000000e+000, 0.000000e+000, 0.000000e+000, 0.000000e+000
 2.050500e-001,-1.102964e+003, 3.342263e+003,-2.239194e+003,-4.217219e+000,-6.951184e+001,-5.659216e+001, 0.000000e+000, 0.000000e+000, 0.000000e+000, 0.000000e+000
 2.051000e-001,-1.163121e+003, 3.353772e+003,-2.190556e+003,-5.210879e+000,-7.037733e+001,-5.457112e+001, 0.000000e+000, 0.000000e+000, 0.000000e+000, 0.000000e+000
 2.051500e-001,-1.223021e+003, 3.363936e+003,-2.141089e+003,-6.212632e+000,-7.122758e+001,-5.253864e+001, 0.000000e+000, 0.000000e+000, 0.000000e+000, 0.000000e+000
 2.052000e-001,-1.282336e+003, 3.373055e+003,-2.090906e+003,-7.221733e+000,-7.206203e+001,-5.049583e+001, 0.000000e+000, 0.000000e+000, 0.000000e+000, 0.000000e+000
 2.052500e-001,-1.341342e+003, 3.380828e+003,-2.039939e+003,-8.238117e+000,-7.288058e+001,-4.844322e+001, 0.000000e+000, 0.000000e+000, 0.000000e+000, 0.000000e+000
 2.053000e-001,-1.399731e+003, 3.387542e+003,-1.988282e+003,-9.260968e+000,-7.368255e+001,-4.638187e+001, 0.000000e+000, 0.000000e+000, 0.000000e+000, 0.000000e+000
 2.053500e-001,-1.457759e+003, 3.392912e+003,-1.935888e+003,-1.029016e+001,-7.446784e+001,-4.431226e+001, 0.000000e+000, 0.000000e+000, 0.000000e+000, 0.000000e+000
 2.054000e-001,-1.515141e+003, 3.397210e+003,-1.882833e+003,-1.132480e+001,-7.523569e+001,-4.223538e+001, 0.000000e+000, 0.000000e+000, 0.000000e+000, 0.000000e+000
 2.054500e-001,-1.572110e+003, 3.400172e+003,-1.829086e+003,-1.236470e+001,-7.598601e+001,-4.015169e+001, 0.000000e+000, 0.000000e+000, 0.000000e+000, 0.000000e+000
 2.055000e-001,-1.628403e+003, 3.402046e+003,-1.774708e+003,-1.340892e+001,-7.671792e+001,-3.806212e+001, 0.000000e+000, 0.000000e+000, 0.000000e+000, 0.000000e+000
 2.055500e-001,-1.684233e+003, 3.402593e+003,-1.719686e+003,-1.445719e+001,-7.743136e+001,-3.596707e+001, 0.000000e+000, 0.000000e+000, 0.000000e+000, 0.000000e+000
 2.056000e-001,-1.739358e+003, 3.402039e+003,-1.664065e+003,-1.550854e+001,-7.812535e+001,-3.386742e+001, 0.000000e+000, 0.000000e+000, 0.000000e+000, 0.000000e+000
 2.056500e-001,-1.793971e+003, 3.400172e+003,-1.607846e+003,-1.656262e+001,-7.879984e+001,-3.176353e+001, 0.000000e+000, 0.000000e+000, 0.000000e+000, 0.000000e+000
 2.057000e-001,-1.847850e+003, 3.397189e+003,-1.551062e+003,-1.761842e+001,-7.945377e+001,-2.965622e+001, 0.000000e+000, 0.000000e+000, 0.000000e+000, 0.000000e+000
 2.057500e-001,-1.901169e+003, 3.392910e+003,-1.493726e+003,-1.867553e+001,-8.008709e+001,-2.754582e+001, 0.000000e+000, 0.000000e+000, 0.000000e+000, 0.000000e+000
 2.058000e-001,-1.953726e+003, 3.387501e+003,-1.435860e+003,-1.973291e+001,-8.069867e+001,-2.543307e+001, 0.000000e+000, 0.000000e+000, 0.000000e+000, 0.000000e+000
 2.058500e-001,-2.005676e+003, 3.380815e+003,-1.377490e+003,-2.079011e+001,-8.128847e+001,-2.331827e+001, 0.000000e+000, 0.000000e+000, 0.000000e+000, 0.000000e+000
 2.059000e-001,-2.056837e+003, 3.372987e+003,-1.318626e+003,-2.184604e+001,-8.185529e+001,-2.120211e+001, 0.000000e+000, 0.000000e+000, 0.000000e+000, 0.000000e+000
 2.059500e-001,-2.107346e+003, 3.363905e+003,-1.259305e+003,-2.290020e+001,-8.239909e+001,-1.908486e+001, 0.000000e+000, 0.000000e+000, 0.000000e+000, 0.000000e+000
 2.060000e-001,-2.157038e+003, 3.353667e+003,-1.199526e+003,-2.395149e+001,-8.291862e+001,-1.696713e+001, 0.000000e+000, 0.000000e+000, 0.000000e+000, 0.000000e+000
 2.060500e-001,-2.206033e+003, 3.342200e+003,-1.139339e+003,-2.499937e+001,-8.341384e+001,-1.484919e+001, 0.000000e+000, 0.000000e+000, 0.000000e+000, 0.000000e+000
 2.061000e-001,-2.254186e+003, 3.329567e+003,-1.078732e+003,-2.604273e+001,-8.388346e+001,-1.273158e+001, 0.000000e+000, 0.000000e+000, 0.000000e+000, 0.000000e+000
 2.061500e-001,-2.301600e+003, 3.315732e+003,-1.017764e+003,-2.708100e+001,-8.432745e+001,-1.061455e+001, 0.000000e+000, 0.000000e+000, 0.000000e+000, 0.000000e+000
 2.062000e-001,-2.348146e+003, 3.300721e+003,-9.564155e+002,-2.811303e+001,-8.474450e+001,-8.498598e+000, 0.000000e+000, 0.000000e+000, 0.000000e+000, 0.000000e+000
 2.062500e-001,-2.393910e+003, 3.284536e+003,-8.947543e+002,-2.913827e+001,-8.513455e+001,-6.383939e+000, 0.000000e+000, 0.000000e+000, 0.000000e+000, 0.000000e+000
 2.063000e-001,-2.438783e+003, 3.267168e+003,-8.327523e+002,-3.015555e+001,-8.549630e+001,-4.271046e+000, 0.000000e+000, 0.000000e+000, 0.000000e+000, 0.000000e+000
 2.063500e-001,-2.482834e+003, 3.248657e+003,-7.704856e+002,-3.116430e+001,-8.582970e+001,-2.160105e+000, 0.000000e+000, 0.000000e+000, 0.000000e+000, 0.000000e+000
 2.064000e-001,-2.525970e+003, 3.228956e+003,-7.079183e+002,-3.216335e+001,-8.613342e+001,-5.156465e-002, 0.000000e+000, 0.000000e+000, 0.000000e+000, 0.000000e+000
 2.064500e-001,-2.568244e+003, 3.208145e+003,-6.451351e+002,-3.315215e+001,-8.640742e+001, 2.054412e+000, 0.000000e+000, 0.000000e+000, 0.000000e+000, 0.000000e+000
 2.065000e-001,-2.609583e+003, 3.186139e+003,-5.820918e+002,-3.412950e+001,-8.665041e+001, 4.157393e+000, 0.000000e+000, 0.000000e+000, 0.000000e+000, 0.000000e+000
 2.065500e-001,-2.650019e+003, 3.163055e+003,-5.188813e+002,-3.509489e+001,-8.686234e+001, 6.257234e+000, 0.000000e+000, 0.000000e+000, 0.000000e+000, 0.000000e+000
 2.066000e-001,-2.689502e+003, 3.138777e+003,-4.554516e+002,-3.604712e+001,-8.704196e+001, 8.353511e+000, 0.000000e+000, 0.000000e+000, 0.000000e+000, 0.000000e+000
 2.066500e-001,-2.728043e+003, 3.113454e+003,-3.919041e+002,-3.698570e+001,-8.718919e+001, 1.044610e+001, 0.000000e+000, 0.000000e+000, 0.000000e+000, 0.000000e+000
 2.067000e-001,-2.765615e+003, 3.086938e+003,-3.281781e+002,-3.790942e+001,-8.730286e+001, 1.253456e+001, 0.000000e+000, 0.000000e+000, 0.000000e+000, 0.000000e+000
 2.067500e-001,-2.802206e+003, 3.059411e+003,-2.643841e+002,-3.881787e+001,-8.738289e+001, 1.461880e+001, 0.000000e+000, 0.000000e+000, 0.000000e+000, 0.000000e+000
 2.068000e-001,-2.837813e+003, 3.030695e+003,-2.004520e+002,-3.970980e+001,-8.742817e+001, 1.669836e+001, 0.000000e+000, 0.000000e+000, 0.000000e+000, 0.000000e+000
 2.068500e-001,-2.872400e+003, 3.001003e+003,-1.365023e+002,-4.058487e+001,-8.743861e+001, 1.877314e+001, 0.000000e+000, 0.000000e+000, 0.000000e+000, 0.000000e+000
 2.069000e-001,-2.905992e+003, 2.970129e+003,-7.245461e+001,-4.144185e+001,-8.741321e+001, 2.084269e+001, 0.000000e+000, 0.000000e+000, 0.000000e+000, 0.000000e+000
 2.069500e-001,-2.938526e+003, 2.938314e+003,-8.440236e+000,-4.228045e+001,-8.735185e+001, 2.290691e+001, 0.000000e+000, 0.000000e+000, 0.000000e+000, 0.000000e+000
 2.070000e-001,-2.970055e+003, 2.905327e+003, 5.563254e+001,-4.309942e+001,-8.725367e+001, 2.496531e+001, 0.000000e+000, 0.000000e+000, 0.000000e+000, 0.000000e+000
 2.070500e-001,-3.000489e+003, 2.871433e+003, 1.196206e+002,-4.389858e+001,-8.711852e+001, 2.701780e+001, 0.000000e+000, 0.000000e+000, 0.000000e+000, 0.000000e+000
 2.071000e-001,-3.029911e+003, 2.836382e+003, 1.836280e+002,-4.467669e+001,-8.694567e+001, 2.906384e+001, 0.000000e+000, 0.000000e+000, 0.000000e+000, 0.000000e+000
 2.071500e-001,-3.058200e+003, 2.800457e+003, 2.474989e+002,-4.543363e+001,-8.673497e+001, 3.110336e+001, 0.000000e+000, 0.000000e+000, 0.000000e+000, 0.000000e+000
 2.072000e-001,-3.085473e+003, 2.763393e+003, 3.113507e+002,-4.616818e+001,-8.648582e+001, 3.313578e+001, 0.000000e+000, 0.000000e+000, 0.000000e+000, 0.000000e+000
 2.072500e-001,-3.111577e+003, 2.725487e+003, 3.750138e+002,-4.688030e+001,-8.619807e+001, 3.516099e+001, 0.000000e+000, 0.000000e+000, 0.000000e+000, 0.000000e+000
 2.073000e-001,-3.136662e+003, 2.686465e+003, 4.386198e+002,-4.756881e+001,-8.587126e+001, 3.717839e+001, 0.000000e+000, 0.000000e+000, 0.000000e+000, 0.000000e+000
 2.073500e-001,-3.160542e+003, 2.646633e+003, 5.019850e+002,-4.823372e+001,-8.550528e+001, 3.918787e+001, 0.000000e+000, 0.000000e+000, 0.000000e+000, 0.000000e+000
 2.074000e-001,-3.183402e+003, 2.605708e+003, 5.652557e+002,-4.887392e+001,-8.509978e+001, 4.118877e+001, 0.000000e+000, 0.000000e+000, 0.000000e+000, 0.000000e+000
 2.074500e-001,-3.205024e+003, 2.564006e+003, 6.282332e+002,-4.948948e+001,-8.465469e+001, 4.318094e+001, 0.000000e+000, 0.000000e+000, 0.000000e+000, 0.000000e+000
 2.075000e-001,-3.225628e+003, 2.521240e+003, 6.910795e+002,-5.007933e+001,-8.416981e+001, 4.516370e+001, 0.000000e+000, 0.000000e+000, 0.000000e+000, 0.000000e+000
 2.075500e-001,-3.244959e+003, 2.477727e+003, 7.535803e+002,-5.064361e+001,-8.364506e+001, 4.713687e+001, 0.000000e+000, 0.000000e+000, 0.000000e+000, 0.000000e+000
 2.076000e-001,-3.263276e+003, 2.433181e+003, 8.159135e+002,-5.118133e+001,-8.308045e+001, 4.909972e+001, 0.000000e+000, 0.000000e+000, 0.000000e+000, 0.000000e+000
 2.076500e-001,-3.280290e+003, 2.387919e+003, 8.778496e+002,-5.169269e+001,-8.247591e+001, 5.105202e+001, 0.000000e+000, 0.000000e+000, 0.000000e+000, 0.000000e+000
 2.077000e-001,-3.296293e+003, 2.341660e+003, 9.395818e+002,-5.217676e+001,-8.183159e+001, 5.299303e+001, 0.000000e+000, 0.000000e+000, 0.000000e+000, 0.000000e+000
 2.077500e-001,-3.310964e+003, 2.294714e+003, 1.000866e+003,-5.263380e+001,-8.114748e+001, 5.492247e+001, 0.000000e+000, 0.000000e+000, 0.000000e+000, 0.000000e+000
 2.078000e-001,-3.324629e+003, 2.246808e+003, 1.061910e+003,-5.306298e+001,-8.042387e+001, 5.683955e+001, 0.000000e+000, 0.000000e+000, 0.000000e+000, 0.000000e+000
 2.078500e-001,-3.336937e+003, 2.198244e+003, 1.122456e+003,-5.346458e+001,-7.966080e+001, 5.874393e+001, 0.000000e+000, 0.000000e+000, 0.000000e+000, 0.000000e+000
 2.079000e-001,-3.348243e+003, 2.148762e+003, 1.182725e+003,-5.383789e+001,-7.885873e+001, 6.063483e+001, 0.000000e+000, 0.000000e+000, 0.000000e+000, 0.000000e+000
 2.079500e-001,-3.358170e+003, 2.098650e+003, 1.242448e+003,-5.418323e+001,-7.801772e+001, 6.251184e+001, 0.000000e+000, 0.000000e+000, 0.000000e+000, 0.000000e+000
 2.080000e-001,-3.367100e+003, 2.047663e+003, 1.301858e+003,-5.450000e+001,-7.713839e+001, 6.437415e+001, 0.000000e+000, 0.000000e+000, 0.000000e+000, 0.000000e+000
 2.080500e-001,-3.374631e+003, 1.996075e+003, 1.360674e+003,-5.478853e+001,-7.622086e+001, 6.622128e+001, 0.000000e+000, 0.000000e+000, 0.000000e+000, 0.000000e+000
 2.081000e-001,-3.381172e+003, 1.943658e+003, 1.419140e+003,-5.504837e+001,-7.526590e+001, 6.805240e+001, 0.000000e+000, 0.000000e+000, 0.000000e+000, 0.000000e+000
 2.081500e-001,-3.386297e+003, 1.890668e+003, 1.476967e+003,-5.527983e+001,-7.427367e+001, 6.986698e+001, 0.000000e+000, 0.000000e+000, 0.000000e+000, 0.000000e+000
 2.082000e-001,-3.390436e+003, 1.836896e+003, 1.534406e+003,-5.548264e+001,-7.324509e+001, 7.166421e+001, 0.000000e+000, 0.000000e+000, 0.000000e+000, 0.000000e+000
 2.082500e-001,-3.393147e+003, 1.782579e+003, 1.591162e+003,-5.565709e+001,-7.218037e+001, 7.344344e+001, 0.000000e+000, 0.000000e+000, 0.000000e+000, 0.000000e+000
 2.083000e-001,-3.394877e+003, 1.727531e+003, 1.647494e+003,-5.580305e+001,-7.108056e+001, 7.520387e+001, 0.000000e+000, 0.000000e+000, 0.000000e+000, 0.000000e+000
 2.083500e-001,-3.395173e+003, 1.671966e+003, 1.703101e+003,-5.592080e+001,-6.994595e+001, 7.694480e+001, 0.000000e+000, 0.000000e+000, 0.000000e+000, 0.000000e+000
 2.084000e-001,-3.394489e+003, 1.615719e+003, 1.758244e+003,-5.601039e+001,-6.877767e+001, 7.866544e+001, 0.000000e+000, 0.000000e+000, 0.000000e+000, 0.000000e+000
 2.084500e-001,-3.392368e+003, 1.558986e+003, 1.812624e+003,-5.607207e+001,-6.757611e+001, 8.036498e+001, 0.000000e+000, 0.000000e+000, 0.000000e+000, 0.000000e+000
 2.085000e-001,-3.389270e+003, 1.501623e+003, 1.866500e+003,-5.610603e+001,-6.634249e+001, 8.204269e+001, 0.000000e+000, 0.000000e+000, 0.000000e+000, 0.000000e+000
 2.085500e-001,-3.384736e+003, 1.443803e+003, 1.919578e+003,-5.611253e+001,-6.507727e+001, 8.369765e+001, 0.000000e+000, 0.000000e+000, 0.000000e+000, 0.000000e+000
 2.086000e-001,-3.379226e+003, 1.385406e+003, 1.972110e+003,-5.609190e+001,-6.378175e+001, 8.532917e+001, 0.000000e+000, 0.000000e+000, 0.000000e+000, 0.000000e+000
 2.086500e-001,-3.372286e+003, 1.326581e+003, 2.023811e+003,-5.604437e+001,-6.245647e+001, 8.693627e+001, 0.000000e+000, 0.000000e+000, 0.000000e+000, 0.000000e+000
 2.087000e-001,-3.364370e+003, 1.267234e+003, 2.074925e+003,-5.597044e+001,-6.110279e+001, 8.851828e+001, 0.000000e+000, 0.000000e+000, 0.000000e+000, 0.000000e+000
 2.087500e-001,-3.355034e+003, 1.207489e+003, 2.125176e+003,-5.587030e+001,-5.972132e+001, 9.007414e+001, 0.000000e+000, 0.000000e+000, 0.000000e+000, 0.000000e+000
 2.088000e-001,-3.344721e+003, 1.147277e+003, 2.174799e+003,-5.574461e+001,-5.831349e+001, 9.160324e+001, 0.000000e+000, 0.000000e+000, 0.000000e+000, 0.000000e+000
 2.088500e-001,-3.333004e+003, 1.086698e+003, 2.223531e+003,-5.559351e+001,-5.687996e+001, 9.310445e+001, 0.000000e+000, 0.000000e+000, 0.000000e+000, 0.000000e+000
 2.089000e-001,-3.320307e+003, 1.025706e+003, 2.271592e+003,-5.541781e+001,-5.542220e+001, 9.457719e+001, 0.000000e+000, 0.000000e+000, 0.000000e+000, 0.000000e+000
 2.089500e-001,-3.306226e+003, 9.643796e+002, 2.318737e+003,-5.521763e+001,-5.394095e+001, 9.602026e+001, 0.000000e+000, 0.000000e+000, 0.000000e+000, 0.000000e+000
 2.090000e-001,-3.291162e+003, 9.026946e+002, 2.365167e+003,-5.499391e+001,-5.243769e+001, 9.743316e+001, 0.000000e+000, 0.000000e+000, 0.000000e+000, 0.000000e+000
 2.090500e-001,-3.274736e+003, 8.407087e+002, 2.410658e+003,-5.474673e+001,-5.091322e+001, 9.881463e+001, 0.000000e+000, 0.000000e+000, 0.000000e+000, 0.000000e+000
 2.091000e-001,-3.257325e+003, 7.784185e+002, 2.455391e+003,-5.447716e+001,-4.936902e+001, 1.001642e+002, 0.000000e+000, 0.000000e+000, 0.000000e+000, 0.000000e+000
 2.091500e-001,-3.238579e+003, 7.158618e+002, 2.499166e+003,-5.418525e+001,-4.780597e+001, 1.014806e+002, 0.000000e+000, 0.000000e+000, 0.000000e+000, 0.000000e+000
 2.092000e-001,-3.218844e+003, 6.530544e+002, 2.542137e+003,-5.387216e+001,-4.622552e+001, 1.027634e+002, 0.000000e+000, 0.000000e+000, 0.000000e+000, 0.000000e+000
 2.092500e-001,-3.197805e+003, 5.900165e+002, 2.584134e+003,-5.353794e+001,-4.462860e+001, 1.040113e+002, 0.000000e+000, 0.000000e+000, 0.000000e+000, 0.000000e+000
 2.093000e-001,-3.175774e+003, 5.267805e+002, 2.625282e+003,-5.318381e+001,-4.301665e+001, 1.052239e+002, 0.000000e+000, 0.000000e+000, 0.000000e+000, 0.000000e+000
 2.093500e-001,-3.152471e+003, 4.633515e+002, 2.665442e+003,-5.280983e+001,-4.139064e+001, 1.063999e+002, 0.000000e+000, 0.000000e+000, 0.000000e+000, 0.000000e+000
 2.094000e-001,-3.128176e+003, 3.997762e+002, 2.704709e+003,-5.241726e+001,-3.975196e+001, 1.075389e+002, 0.000000e+000, 0.000000e+000, 0.000000e+000, 0.000000e+000
 2.094500e-001,-3.102642e+003, 3.360465e+002, 2.742974e+003,-5.200616e+001,-3.810160e+001, 1.086397e+002, 0.000000e+000, 0.000000e+000, 0.000000e+000, 0.000000e+000
 2.095000e-001,-3.076115e+003, 2.722214e+002, 2.780304e+003,-5.157783e+001,-3.644094e+001, 1.097019e+002, 0.000000e+000, 0.000000e+000, 0.000000e+000, 0.000000e+000
 2.095500e-001,-3.048388e+003, 2.082820e+002, 2.816621e+003,-5.113234e+001,-3.477098e+001, 1.107242e+002, 0.000000e+000, 0.000000e+000, 0.000000e+000, 0.000000e+000
 2.096000e-001,-3.019668e+003, 1.442967e+002, 2.851960e+003,-5.067099e+001,-3.309303e+001, 1.117065e+002, 0.000000e+000, 0.000000e+000, 0.000000e+000, 0.000000e+000
 2.096500e-001,-2.989786e+003, 8.023865e+001, 2.886277e+003,-5.019387e+001,-3.140811e+001, 1.126473e+002, 0.000000e+000, 0.000000e+000, 0.000000e+000, 0.000000e+000
 2.097000e-001,-2.958915e+003, 1.618296e+001, 2.919576e+003,-4.970227e+001,-2.971745e+001, 1.135465e+002, 0.000000e+000, 0.000000e+000, 0.000000e+000, 0.000000e+000
 2.097500e-001,-2.926920e+003,-4.790260e+001, 2.951844e+003,-4.919629e+001,-2.802211e+001, 1.144029e+002, 0.000000e+000, 0.000000e+000, 0.000000e+000, 0.000000e+000
 2.098000e-001,-2.893941e+003,-1.119390e+002, 2.983055e+003,-4.867719e+001,-2.632320e+001, 1.152163e+002, 0.000000e+000, 0.000000e+000, 0.000000e+000, 0.000000e+000
 2.098500e-001,-2.859879e+003,-1.759609e+002, 3.013227e+003,-4.814509e+001,-2.462180e+001, 1.159855e+002, 0.000000e+000, 0.000000e+000, 0.000000e+000, 0.000000e+000
 2.099000e-001,-2.824840e+003,-2.398884e+002, 3.042306e+003,-4.760122e+001,-2.291893e+001, 1.167104e+002, 0.000000e+000, 0.000000e+000, 0.000000e+000, 0.000000e+000
 2.099500e-001,-2.788760e+003,-3.037558e+002, 3.070340e+003,-4.704570e+001,-2.121566e+001, 1.173897e+002, 0.000000e+000, 0.000000e+000, 0.000000e+000, 0.000000e+000
 2.100000e-001,-2.751711e+003,-3.674850e+002, 3.097245e+003,-4.647970e+001,-1.951291e+001, 1.180236e+002, 0.000000e+000, 0.000000e+000, 0.000000e+000, 0.000000e+000
 2.100500e-001,-2.713664e+003,-4.311072e+002, 3.123099e+003,-4.590337e+001,-1.781174e+001, 1.186108e+002, 0.000000e+000, 0.000000e+000, 0.000000e+000, 0.000000e+000
 2.101000e-001,-2.674660e+003,-4.945493e+002, 3.147793e+003,-4.531779e+001,-1.611296e+001, 1.191513e+002, 0.000000e+000, 0.000000e+000, 0.000000e+000, 0.000000e+000
 2.101500e-001,-2.634698e+003,-5.578361e+002, 3.171429e+003,-4.472314e+001,-1.441762e+001, 1.196442e+002, 0.000000e+000, 0.000000e+000, 0.000000e+000, 0.000000e+000
 2.102000e-001,-2.593796e+003,-6.209023e+002, 3.193878e+003,-4.412041e+001,-1.272643e+001, 1.200893e+002, 0.000000e+000, 0.000000e+000, 0.000000e+000, 0.000000e+000
 2.102500e-001,-2.551977e+003,-6.837640e+002, 3.215262e+003,-4.350977e+001,-1.104039e+001, 1.204860e+002, 0.000000e+000, 0.000000e+000, 0.000000e+000, 0.000000e+000
 2.103000e-001,-2.509236e+003,-7.463665e+002, 3.235432e+003,-4.289215e+001,-9.360110e+000, 1.208340e+002, 0.000000e+000, 0.000000e+000, 0.000000e+000, 0.000000e+000
 2.103500e-001,-2.465620e+003,-8.087142e+002, 3.254533e+003,-4.226772e+001,-7.686566e+000, 1.211328e+002, 0.000000e+000, 0.000000e+000, 0.000000e+000, 0.000000e+000
 2.104000e-001,-2.421102e+003,-8.707656e+002, 3.272397e+003,-4.163728e+001,-6.020248e+000, 1.213822e+002, 0.000000e+000, 0.000000e+000, 0.000000e+000, 0.000000e+000
 2.104500e-001,-2.375750e+003,-9.325112e+002, 3.289186e+003,-4.100102e+001,-4.362101e+000, 1.215817e+002, 0.000000e+000, 0.000000e+000, 0.000000e+000, 0.000000e+000
 2.105000e-001,-2.329521e+003,-9.939248e+002, 3.304719e+003,-4.035965e+001,-2.712501e+000, 1.217313e+002, 0.000000e+000, 0.000000e+000, 0.000000e+000, 0.000000e+000
 2.105500e-001,-2.282498e+003,-1.054981e+003, 3.319171e+003,-3.971333e+001,-1.072353e+000, 1.218304e+002, 0.000000e+000, 0.000000e+000, 0.000000e+000, 0.000000e+000
 2.106000e-001,-2.234624e+003,-1.115671e+003, 3.332350e+003,-3.906267e+001, 5.580725e-001, 1.218792e+002, 0.000000e+000, 0.000000e+000, 0.000000e+000, 0.000000e+000
 2.106500e-001,-2.185997e+003,-1.175952e+003, 3.344443e+003,-3.840781e+001, 2.177916e+000, 1.218772e+002, 0.000000e+000, 0.000000e+000, 0.000000e+000, 0.000000e+000
 2.107000e-001,-2.136548e+003,-1.235833e+003, 3.355251e+003,-3.774928e+001, 3.787012e+000, 1.218245e+002, 0.000000e+000, 0.000000e+000, 0.000000e+000, 0.000000e+000
 2.107500e-001,-2.086387e+003,-1.295253e+003, 3.364966e+003,-3.708718e+001, 5.384548e+000, 1.217210e+002, 0.000000e+000, 0.000000e+000, 0.000000e+000, 0.000000e+000
 2.108000e-001,-2.035435e+003,-1.354243e+003, 3.373386e+003,-3.642192e+001, 6.970456e+000, 1.215665e+002, 0.000000e+000, 0.000000e+000, 0.000000e+000, 0.000000e+000
 2.108500e-001,-1.983812e+003,-1.412718e+003, 3.380709e+003,-3.575359e+001, 8.543976e+000, 1.213612e+002, 0.000000e+000, 0.000000e+000, 0.000000e+000, 0.000000e+000
 2.109000e-001,-1.931430e+003,-1.470733e+003, 3.386730e+003,-3.508252e+001, 1.010513e+001, 1.211049e+002, 0.000000e+000, 0.000000e+000, 0.000000e+000, 0.000000e+000
 2.109500e-001,-1.878419e+003,-1.528182e+003, 3.391648e+003,-3.440873e+001, 1.165320e+001, 1.207980e+002, 0.000000e+000, 0.000000e+000, 0.000000e+000, 0.000000e+000
 2.110000e-001,-1.824683e+003,-1.585141e+003, 3.395262e+003,-3.373246e+001, 1.318831e+001, 1.204403e+002, 0.000000e+000, 0.000000e+000, 0.000000e+000, 0.000000e+000
 2.110500e-001,-1.770360e+003,-1.641482e+003, 3.397767e+003,-3.305371e+001, 1.470980e+001, 1.200322e+002, 0.000000e+000, 0.000000e+000, 0.000000e+000, 0.000000e+000
 2.111000e-001,-1.715348e+003,-1.697305e+003, 3.398968e+003,-3.237263e+001, 1.621783e+001, 1.195738e+002, 0.000000e+000, 0.000000e+000, 0.000000e+000, 0.000000e+000
 2.111500e-001,-1.659790e+003,-1.752458e+003, 3.399056e+003,-3.168915e+001, 1.771183e+001, 1.190653e+002, 0.000000e+000, 0.000000e+000, 0.000000e+000, 0.000000e+000
 2.112000e-001,-1.603582e+003,-1.807066e+003, 3.397841e+003,-3.100337e+001, 1.919202e+001, 1.185071e+002, 0.000000e+000, 0.000000e+000, 0.000000e+000, 0.000000e+000
 2.112500e-001,-1.546870e+003,-1.860956e+003, 3.395511e+003,-3.031515e+001, 2.065788e+001, 1.178995e+002, 0.000000e+000, 0.000000e+000, 0.000000e+000, 0.000000e+000
 2.113000e-001,-1.489545e+003,-1.914272e+003, 3.391883e+003,-2.962453e+001, 2.210966e+001, 1.172427e+002, 0.000000e+000, 0.000000e+000, 0.000000e+000, 0.000000e+000
 2.113500e-001,-1.431760e+003,-1.966821e+003, 3.387136e+003,-2.893132e+001, 2.354695e+001, 1.165374e+002, 0.000000e+000, 0.000000e+000, 0.000000e+000, 0.000000e+000
 2.114000e-001,-1.373401e+003,-2.018770e+003, 3.381099e+003,-2.823550e+001, 2.496999e+001, 1.157837e+002, 0.000000e+000, 0.000000e+000, 0.000000e+000, 0.000000e+000
 2.114500e-001,-1.314627e+003,-2.069905e+003, 3.373942e+003,-2.753682e+001, 2.637845e+001, 1.149824e+002, 0.000000e+000, 0.000000e+000, 0.000000e+000, 0.000000e+000
 2.115000e-001,-1.255318e+003,-2.120412e+003, 3.365504e+003,-2.683521e+001, 2.777260e+001, 1.141338e+002, 0.000000e+000, 0.000000e+000, 0.000000e+000, 0.000000e+000
 2.115500e-001,-1.195638e+003,-2.170061e+003, 3.355947e+003,-2.613038e+001, 2.915216e+001, 1.132386e+002, 0.000000e+000, 0.000000e+000, 0.000000e+000, 0.000000e+000
 2.116000e-001,-1.135464e+003,-2.219056e+003, 3.345119e+003,-2.542222e+001, 3.051741e+001, 1.122972e+002, 0.000000e+000, 0.000000e+000, 0.000000e+000, 0.000000e+000
 2.116500e-001,-1.074964e+003,-2.267150e+003, 3.333174e+003,-2.471039e+001, 3.186814e+001, 1.113105e+002, 0.000000e+000, 0.000000e+000, 0.000000e+000, 0.000000e+000
 2.117000e-001,-1.014010e+003,-2.314562e+003, 3.319972e+003,-2.399474e+001, 3.320462e+001, 1.102789e+002, 0.000000e+000, 0.000000e+000, 0.000000e+000, 0.000000e+000
 2.117500e-001,-9.527775e+002,-2.361032e+003, 3.305656e+003,-2.327489e+001, 3.452671e+001, 1.092033e+002, 0.000000e+000, 0.000000e+000, 0.000000e+000, 0.000000e+000
 2.118000e-001,-8.911315e+002,-2.406793e+003, 3.290097e+003,-2.255067e+001, 3.583466e+001, 1.080842e+002, 0.000000e+000, 0.000000e+000, 0.000000e+000, 0.000000e+000
 2.118500e-001,-8.292532e+002,-2.451576e+003, 3.273429e+003,-2.182169e+001, 3.712840e+001, 1.069227e+002, 0.000000e+000, 0.000000e+000, 0.000000e+000, 0.000000e+000
 2.119000e-001,-7.670030e+002,-2.495621e+003, 3.255536e+003,-2.108773e+001, 3.840812e+001, 1.057192e+002, 0.000000e+000, 0.000000e+000, 0.000000e+000, 0.000000e+000
 2.119500e-001,-7.045673e+002,-2.538653e+003, 3.236540e+003,-2.034840e+001, 3.967385e+001, 1.044748e+002, 0.000000e+000, 0.000000e+000, 0.000000e+000, 0.000000e+000
 2.120000e-001,-6.418015e+002,-2.580918e+003, 3.216337e+003,-1.960345e+001, 4.092573e+001, 1.031902e+002, 0.000000e+000, 0.000000e+000, 0.000000e+000, 0.000000e+000
 2.120500e-001,-5.788972e+002,-2.622139e+003, 3.195040e+003,-1.885250e+001, 4.216384e+001, 1.018663e+002, 0.000000e+000, 0.000000e+000, 0.000000e+000, 0.000000e+000
 2.121000e-001,-5.157056e+002,-2.662563e+003, 3.172555e+003,-1.809529e+001, 4.338826e+001, 1.005040e+002, 0.000000e+000, 0.000000e+000, 0.000000e+000, 0.000000e+000
 2.121500e-001,-4.524219e+002,-2.701915e+003, 3.148987e+003,-1.733143e+001, 4.459916e+001, 9.910430e+001, 0.000000e+000, 0.000000e+000, 0.000000e+000, 0.000000e+000
 2.122000e-001,-3.888944e+002,-2.740439e+003, 3.124251e+003,-1.656067e+001, 4.579652e+001, 9.766795e+001, 0.000000e+000, 0.000000e+000, 0.000000e+000, 0.000000e+000
 2.122500e-001,-3.253209e+002,-2.777868e+003, 3.098446e+003,-1.578265e+001, 4.698059e+001, 9.619608e+001, 0.000000e+000, 0.000000e+000, 0.000000e+000, 0.000000e+000
 2.123000e-001,-2.615481e+002,-2.814437e+003, 3.071495e+003,-1.499709e+001, 4.815128e+001, 9.468950e+001, 0.000000e+000, 0.000000e+000, 0.000000e+000, 0.000000e+000
 2.123500e-001,-1.977746e+002,-2.849888e+003, 3.043489e+003,-1.420370e+001, 4.930889e+001, 9.314935e+001, 0.000000e+000, 0.000000e+000, 0.000000e+000, 0.000000e+000
 2.124000e-001,-1.338474e+002,-2.884449e+003, 3.014361e+003,-1.340218e+001, 5.045324e+001, 9.157648e+001, 0.000000e+000, 0.000000e+000, 0.000000e+000, 0.000000e+000
 2.124500e-001,-6.996352e+001,-2.917875e+003, 2.984193e+003,-1.259231e+001, 5.158468e+001, 8.997203e+001, 0.000000e+000, 0.000000e+000, 0.000000e+000, 0.000000e+000
 2.125000e-001,-5.973010e+000,-2.950375e+003, 2.952929e+003,-1.177376e+001, 5.270295e+001, 8.833690e+001, 0.000000e+000, 0.000000e+000, 0.000000e+000, 0.000000e+000
 2.125500e-001, 5.793136e+001,-2.981728e+003, 2.920644e+003,-1.094640e+001, 5.380846e+001, 8.667223e+001, 0.000000e+000, 0.000000e+000, 0.000000e+000, 0.000000e+000
 2.126000e-001, 1.218941e+002,-3.012122e+003, 2.887288e+003,-1.010990e+001, 5.490085e+001, 8.497894e+001, 0.000000e+000, 0.000000e+000, 0.000000e+000, 0.000000e+000
 2.126500e-001, 1.857294e+002,-3.041358e+003, 2.852931e+003,-9.264229e+000, 5.598055e+001, 8.325819e+001, 0.000000e+000, 0.000000e+000, 0.000000e+000, 0.000000e+000
 2.127000e-001, 2.495732e+002,-3.069600e+003, 2.817531e+003,-8.409037e+000, 5.704713e+001, 8.151087e+001, 0.000000e+000, 0.000000e+000, 0.000000e+000, 0.000000e+000
 2.127500e-001, 3.132502e+002,-3.096677e+003, 2.781152e+003,-7.544391e+000, 5.810104e+001, 7.973817e+001, 0.000000e+000, 0.000000e+000, 0.000000e+000, 0.000000e+000
 2.128000e-001, 3.768843e+002,-3.122727e+003, 2.743758e+003,-6.669953e+000, 5.914177e+001, 7.794098e+001, 0.000000e+000, 0.000000e+000, 0.000000e+000, 0.000000e+000
 2.128500e-001, 4.403139e+002,-3.147607e+003, 2.705408e+003,-5.785897e+000, 6.016980e+001, 7.612046e+001, 0.000000e+000, 0.000000e+000, 0.000000e+000, 0.000000e+000
 2.129000e-001, 5.036479e+002,-3.171425e+003, 2.666074e+003,-4.891887e+000, 6.118449e+001, 7.427752e+001, 0.000000e+000, 0.000000e+000, 0.000000e+000, 0.000000e+000
 2.129500e-001, 5.667416e+002,-3.194073e+003, 2.625809e+003,-3.988214e+000, 6.218637e+001, 7.241330e+001, 0.000000e+000, 0.000000e+000, 0.000000e+000, 0.000000e+000
 2.130000e-001, 6.296854e+002,-3.215625e+003, 2.584591e+003,-3.074550e+000, 6.317472e+001, 7.052869e+001, 0.000000e+000, 0.000000e+000, 0.000000e+000, 0.000000e+000
 2.130500e-001, 6.923552e+002,-3.236008e+003, 2.542467e+003,-2.151308e+000, 6.415003e+001, 6.862480e+001, 0.000000e+000, 0.000000e+000, 0.000000e+000, 0.000000e+000
 2.131000e-001, 7.548195e+002,-3.255261e+003, 2.499425e+003,-1.218172e+000, 6.511154e+001, 6.670251e+001, 0.000000e+000, 0.000000e+000, 0.000000e+000, 0.000000e+000
 2.131500e-001, 8.169779e+002,-3.273350e+003, 2.455504e+003,-2.756740e-001, 6.605972e+001, 6.476291e+001, 0.000000e+000, 0.000000e+000, 0.000000e+000, 0.000000e+000
 2.132000e-001, 8.788743e+002,-3.290277e+003, 2.410699e+003, 6.764777e-001, 6.699374e+001, 6.280684e+001, 0.000000e+000, 0.000000e+000, 0.000000e+000, 0.000000e+000
 2.132500e-001, 9.404345e+002,-3.306046e+003, 2.365043e+003, 1.637638e+000, 6.791405e+001, 6.083535e+001, 0.000000e+000, 0.000000e+000, 0.000000e+000, 0.000000e+000
 2.133000e-001, 1.001675e+003,-3.320620e+003, 2.318540e+003, 2.608067e+000, 6.881974e+001, 5.884927e+001, 0.000000e+000, 0.000000e+000, 0.000000e+000, 0.000000e+000
 2.133500e-001, 1.062552e+003,-3.334046e+003, 2.271215e+003, 3.587012e+000, 6.971123e+001, 5.684961e+001, 0.000000e+000, 0.000000e+000, 0.000000e+000, 0.000000e+000
 2.134000e-001, 1.123050e+003,-3.346247e+003, 2.223080e+003, 4.574690e+000, 7.058758e+001, 5.483713e+001, 0.000000e+000, 0.000000e+000, 0.000000e+000, 0.000000e+000
 2.134500e-001, 1.183157e+003,-3.357310e+003, 2.174154e+003, 5.570256e+000, 7.144915e+001, 5.281283e+001, 0.000000e+000, 0.000000e+000, 0.000000e+000, 0.000000e+000
 2.135000e-001, 1.242829e+003,-3.367119e+003, 2.124457e+003, 6.573871e+000, 7.229496e+001, 5.077742e+001, 0.000000e+000, 0.000000e+000, 0.000000e+000, 0.000000e+000
 2.135500e-001, 1.302082e+003,-3.375801e+003, 2.073999e+003, 7.584608e+000, 7.312531e+001, 4.873186e+001, 0.000000e+000, 0.000000e+000, 0.000000e+000, 0.000000e+000
 2.136000e-001, 1.360842e+003,-3.383205e+003, 2.022812e+003, 8.602563e+000, 7.393919e+001, 4.667680e+001, 0.000000e+000, 0.000000e+000, 0.000000e+000, 0.000000e+000
 2.136500e-001, 1.419158e+003,-3.389493e+003, 1.970896e+003, 9.626744e+000, 7.473682e+001, 4.461315e+001, 0.000000e+000, 0.000000e+000, 0.000000e+000, 0.000000e+000
 2.137000e-001, 1.476925e+003,-3.394480e+003, 1.918291e+003, 1.065717e+001, 7.551721e+001, 4.254153e+001, 0.000000e+000, 0.000000e+000, 0.000000e+000, 0.000000e+000
 2.137500e-001, 1.534222e+003,-3.398365e+003, 1.864991e+003, 1.169280e+001, 7.628048e+001, 4.046279e+001, 0.000000e+000, 0.000000e+000, 0.000000e+000, 0.000000e+000
 2.138000e-001, 1.590915e+003,-3.400927e+003, 1.811045e+003, 1.273357e+001, 7.702562e+001, 3.837750e+001, 0.000000e+000, 0.000000e+000, 0.000000e+000, 0.000000e+000
 2.138500e-001, 1.647111e+003,-3.402401e+003, 1.756438e+003, 1.377840e+001, 7.775267e+001, 3.628646e+001, 0.000000e+000, 0.000000e+000, 0.000000e+000, 0.000000e+000
 2.139000e-001, 1.702650e+003,-3.402535e+003, 1.701228e+003, 1.482714e+001, 7.846064e+001, 3.419019e+001, 0.000000e+000, 0.000000e+000, 0.000000e+000, 0.000000e+000
 2.139500e-001, 1.757667e+003,-3.401594e+003, 1.645391e+003, 1.587869e+001, 7.914947e+001, 3.208944e+001, 0.000000e+000, 0.000000e+000, 0.000000e+000, 0.000000e+000
 2.140000e-001, 1.811975e+003,-3.399300e+003, 1.588996e+003, 1.693279e+001, 7.981818e+001, 2.998468e+001, 0.000000e+000, 0.000000e+000, 0.000000e+000, 0.000000e+000
 2.140500e-001, 1.865734e+003,-3.395944e+003, 1.532011e+003, 1.798836e+001, 8.046661e+001, 2.787661e+001, 0.000000e+000, 0.000000e+000, 0.000000e+000, 0.000000e+000
 2.141000e-001, 1.918735e+003,-3.391226e+003, 1.474512e+003, 1.904502e+001, 8.109383e+001, 2.576563e+001, 0.000000e+000, 0.000000e+000, 0.000000e+000, 0.000000e+000
 2.141500e-001, 1.971159e+003,-3.385458e+003, 1.416460e+003, 2.010172e+001, 8.169955e+001, 2.365242e+001, 0.000000e+000, 0.000000e+000, 0.000000e+000, 0.000000e+000
 2.142000e-001, 2.022780e+003,-3.378322e+003, 1.357939e+003, 2.115796e+001, 8.228291e+001, 2.153734e+001, 0.000000e+000, 0.000000e+000, 0.000000e+000, 0.000000e+000
 2.142500e-001, 2.073794e+003,-3.370148e+003, 1.298903e+003, 2.221273e+001, 8.284350e+001, 1.942099e+001, 0.000000e+000, 0.000000e+000, 0.000000e+000, 0.000000e+000
 2.143000e-001, 2.123963e+003,-3.360604e+003, 1.239445e+003, 2.326541e+001, 8.338049e+001, 1.730370e+001, 0.000000e+000, 0.000000e+000, 0.000000e+000, 0.000000e+000
 2.143500e-001, 2.173494e+003,-3.350035e+003, 1.179510e+003, 2.431505e+001, 8.389339e+001, 1.518603e+001, 0.000000e+000, 0.000000e+000, 0.000000e+000, 0.000000e+000
 2.144000e-001, 2.222141e+003,-3.338099e+003, 1.119199e+003, 2.536091e+001, 8.438144e+001, 1.306828e+001, 0.000000e+000, 0.000000e+000, 0.000000e+000, 0.000000e+000
 2.144500e-001, 2.270119e+003,-3.325147e+003, 1.058451e+003, 2.640211e+001, 8.484403e+001, 1.095095e+001, 0.000000e+000, 0.000000e+000, 0.000000e+000, 0.000000e+000
 2.145000e-001, 2.317177e+003,-3.310835e+003, 9.973724e+002, 2.743780e+001, 8.528046e+001, 8.834323e+000, 0.000000e+000, 0.000000e+000, 0.000000e+000, 0.000000e+000
 2.145500e-001, 2.363531e+003,-3.295519e+003, 9.358992e+002, 2.846717e+001, 8.569006e+001, 6.718839e+000, 0.000000e+000, 0.000000e+000, 0.000000e+000, 0.000000e+000
 2.146000e-001, 2.408935e+003,-3.278852e+003, 8.741405e+002, 2.948925e+001, 8.607217e+001, 4.604780e+000, 0.000000e+000, 0.000000e+000, 0.000000e+000, 0.000000e+000
 2.146500e-001, 2.453598e+003,-3.261190e+003, 8.120295e+002, 3.050334e+001, 8.642603e+001, 2.492531e+000, 0.000000e+000, 0.000000e+000, 0.000000e+000, 0.000000e+000
 2.147000e-001, 2.497285e+003,-3.242193e+003, 7.496787e+002, 3.150836e+001, 8.675108e+001, 3.823692e-001, 0.000000e+000, 0.000000e+000, 0.000000e+000, 0.000000e+000
 2.147500e-001, 2.540193e+003,-3.222211e+003, 6.870188e+002, 3.250370e+001, 8.704650e+001,-1.725363e+000, 0.000000e+000, 0.000000e+000, 0.000000e+000, 0.000000e+000
 2.148000e-001, 2.582102e+003,-3.200911e+003, 6.241646e+002, 3.348820e+001, 8.731178e+001,-3.830393e+000, 0.000000e+000, 0.000000e+000, 0.000000e+000, 0.000000e+000
 2.148500e-001, 2.623193e+003,-3.178635e+003, 5.610453e+002, 3.446132e+001, 8.754604e+001,-5.932413e+000, 0.000000e+000, 0.000000e+000, 0.000000e+000, 0.000000e+000
 2.149000e-001, 2.663265e+003,-3.155063e+003, 4.977770e+002, 3.542184e+001, 8.774886e+001,-8.031145e+000, 0.000000e+000, 0.000000e+000, 0.000000e+000, 0.000000e+000
 2.149500e-001, 2.702479e+003,-3.130524e+003, 4.342885e+002, 3.636933e+001, 8.791931e+001,-1.012631e+001, 0.000000e+000, 0.000000e+000, 0.000000e+000, 0.000000e+000
 2.150000e-001, 2.740660e+003,-3.104715e+003, 3.706958e+002, 3.730249e+001, 8.805706e+001,-1.221763e+001, 0.000000e+000, 0.000000e+000, 0.000000e+000, 0.000000e+000
 2.150500e-001, 2.777940e+003,-3.077947e+003, 3.069285e+002, 3.822097e+001, 8.816116e+001,-1.430484e+001, 0.000000e+000, 0.000000e+000, 0.000000e+000, 0.000000e+000
 2.151000e-001, 2.814175e+003,-3.049938e+003, 2.431017e+002, 3.912344e+001, 8.823135e+001,-1.638764e+001, 0.000000e+000, 0.000000e+000, 0.000000e+000, 0.000000e+000
 2.151500e-001, 2.849468e+003,-3.020979e+003, 1.791463e+002, 4.000964e+001, 8.826666e+001,-1.846579e+001, 0.000000e+000, 0.000000e+000, 0.000000e+000, 0.000000e+000
 2.152000e-001, 2.883706e+003,-2.990811e+003, 1.151758e+002, 4.087821e+001, 8.826692e+001,-2.053898e+001, 0.000000e+000, 0.000000e+000, 0.000000e+000, 0.000000e+000
 2.152500e-001, 2.916959e+003,-2.959701e+003, 5.112323e+001, 4.172898e+001, 8.823118e+001,-2.260696e+001, 0.000000e+000, 0.000000e+000, 0.000000e+000, 0.000000e+000
 2.153000e-001, 2.949152e+003,-2.927417e+003,-1.290040e+001, 4.256057e+001, 8.815933e+001,-2.466941e+001, 0.000000e+000, 0.000000e+000, 0.000000e+000, 0.000000e+000
 2.153500e-001, 2.980319e+003,-2.894201e+003,-7.695920e+001, 4.337288e+001, 8.805046e+001,-2.672607e+001, 0.000000e+000, 0.000000e+000, 0.000000e+000, 0.000000e+000
 2.154000e-001, 3.010421e+003,-2.859848e+003,-1.409453e+002, 4.416457e+001, 8.790454e+001,-2.877659e+001, 0.000000e+000, 0.000000e+000, 0.000000e+000, 0.000000e+000
 2.154500e-001, 3.039456e+003,-2.824574e+003,-2.049196e+002, 4.493558e+001, 8.772068e+001,-3.082071e+001, 0.000000e+000, 0.000000e+000, 0.000000e+000, 0.000000e+000
 2.155000e-001, 3.067424e+003,-2.788200e+003,-2.687776e+002, 4.568460e+001, 8.749895e+001,-3.285806e+001, 0.000000e+000, 0.000000e+000, 0.000000e+000, 0.000000e+000
 2.155500e-001, 3.094286e+003,-2.750918e+003,-3.325769e+002, 4.641165e+001, 8.723851e+001,-3.488835e+001, 0.000000e+000, 0.000000e+000, 0.000000e+000, 0.000000e+000
 2.156000e-001, 3.120080e+003,-2.712578e+003,-3.962165e+002, 4.711545e+001, 8.693951e+001,-3.691117e+001, 0.000000e+000, 0.000000e+000, 0.000000e+000, 0.000000e+000
 2.156500e-001, 3.144729e+003,-2.673342e+003,-4.597507e+002, 4.779606e+001, 8.660120e+001,-3.892621e+001, 0.000000e+000, 0.000000e+000, 0.000000e+000, 0.000000e+000
 2.157000e-001, 3.168311e+003,-2.633089e+003,-5.230818e+002, 4.845230e+001, 8.622378e+001,-4.093305e+001, 0.000000e+000, 0.000000e+000, 0.000000e+000, 0.000000e+000
 2.157500e-001, 3.190713e+003,-2.591955e+003,-5.862612e+002, 4.908424e+001, 8.580659e+001,-4.293133e+001, 0.000000e+000, 0.000000e+000, 0.000000e+000, 0.000000e+000
 2.158000e-001, 3.212048e+003,-2.549848e+003,-6.491945e+002, 4.969080e+001, 8.534992e+001,-4.492059e+001, 0.000000e+000, 0.000000e+000, 0.000000e+000, 0.000000e+000
 2.158500e-001, 3.232171e+003,-2.506876e+003,-7.119300e+002, 5.027207e+001, 8.485321e+001,-4.690046e+001, 0.000000e+000, 0.000000e+000, 0.000000e+000, 0.000000e+000
 2.159000e-001, 3.251229e+003,-2.462975e+003,-7.743765e+002, 5.082708e+001, 8.431681e+001,-4.887042e+001, 0.000000e+000, 0.000000e+000, 0.000000e+000, 0.000000e+000
 2.159500e-001, 3.269043e+003,-2.418228e+003,-8.365797e+002, 5.135594e+001, 8.374029e+001,-5.083006e+001, 0.000000e+000, 0.000000e+000, 0.000000e+000, 0.000000e+000
 2.160000e-001, 3.285794e+003,-2.372595e+003,-8.984511e+002, 5.185778e+001, 8.312405e+001,-5.277885e+001, 0.000000e+000, 0.000000e+000, 0.000000e+000, 0.000000e+000
 2.160500e-001, 3.301275e+003,-2.326138e+003,-9.600346e+002, 5.233274e+001, 8.246780e+001,-5.471630e+001, 0.000000e+000, 0.000000e+000, 0.000000e+000, 0.000000e+000
 2.161000e-001, 3.315695e+003,-2.278840e+003,-1.021244e+003, 5.278008e+001, 8.177202e+001,-5.664188e+001, 0.000000e+000, 0.000000e+000, 0.000000e+000, 0.000000e+000
 2.161500e-001, 3.328821e+003,-2.230740e+003,-1.082121e+003, 5.319994e+001, 8.103651e+001,-5.855503e+001, 0.000000e+000, 0.000000e+000, 0.000000e+000, 0.000000e+000
 2.162000e-001, 3.340886e+003,-2.181843e+003,-1.142581e+003, 5.359170e+001, 8.026184e+001,-6.045519e+001, 0.000000e+000, 0.000000e+000, 0.000000e+000, 0.000000e+000
 2.162500e-001, 3.351639e+003,-2.132170e+003,-1.202666e+003, 5.395552e+001, 7.944796e+001,-6.234176e+001, 0.000000e+000, 0.000000e+000, 0.000000e+000, 0.000000e+000
 2.163000e-001, 3.361332e+003,-2.081745e+003,-1.262292e+003, 5.429094e+001, 7.859548e+001,-6.421413e+001, 0.000000e+000, 0.000000e+000, 0.000000e+000, 0.000000e+000
 2.163500e-001, 3.369695e+003,-2.030573e+003,-1.321500e+003, 5.459808e+001, 7.770451e+001,-6.607168e+001, 0.000000e+000, 0.000000e+000, 0.000000e+000, 0.000000e+000
 2.164000e-001, 3.377000e+003,-1.978691e+003,-1.380208e+003, 5.487665e+001, 7.677569e+001,-6.791374e+001, 0.000000e+000, 0.000000e+000, 0.000000e+000, 0.000000e+000
 2.164500e-001, 3.382963e+003,-1.926093e+003,-1.438457e+003, 5.512677e+001, 7.580930e+001,-6.973965e+001, 0.000000e+000, 0.000000e+000, 0.000000e+000, 0.000000e+000
 2.165000e-001, 3.387867e+003,-1.872829e+003,-1.496164e+003, 5.534829e+001, 7.480602e+001,-7.154872e+001, 0.000000e+000, 0.000000e+000, 0.000000e+000, 0.000000e+000
 2.165500e-001, 3.391421e+003,-1.818881e+003,-1.553370e+003, 5.554134e+001, 7.376628e+001,-7.334024e+001, 0.000000e+000, 0.000000e+000, 0.000000e+000, 0.000000e+000
 2.166000e-001, 3.393916e+003,-1.764312e+003,-1.609995e+003, 5.570589e+001, 7.269083e+001,-7.511348e+001, 0.000000e+000, 0.000000e+000, 0.000000e+000, 0.000000e+000
 2.166500e-001, 3.395057e+003,-1.709093e+003,-1.666079e+003, 5.584210e+001, 7.158019e+001,-7.686771e+001, 0.000000e+000, 0.000000e+000, 0.000000e+000, 0.000000e+000
 2.167000e-001, 3.395138e+003,-1.653296e+003,-1.721542e+003, 5.595007e+001, 7.043519e+001,-7.860215e+001, 0.000000e+000, 0.000000e+000, 0.000000e+000, 0.000000e+000
 2.167500e-001, 3.393864e+003,-1.596886e+003,-1.776425e+003, 5.602995e+001, 6.925649e+001,-8.031604e+001, 0.000000e+000, 0.000000e+000, 0.000000e+000, 0.000000e+000
 2.168000e-001, 3.391528e+003,-1.539940e+003,-1.830647e+003, 5.608199e+001, 6.804494e+001,-8.200858e+001, 0.000000e+000, 0.000000e+000, 0.000000e+000, 0.000000e+000
 2.168500e-001, 3.387841e+003,-1.482421e+003,-1.884251e+003, 5.610635e+001, 6.680136e+001,-8.367899e+001, 0.000000e+000, 0.000000e+000, 0.000000e+000, 0.000000e+000
 2.169000e-001, 3.383091e+003,-1.424407e+003,-1.937157e+003, 5.610339e+001, 6.552660e+001,-8.532642e+001, 0.000000e+000, 0.000000e+000, 0.000000e+000, 0.000000e+000
 2.169500e-001, 3.376995e+003,-1.365863e+003,-1.989406e+003, 5.607330e+001, 6.422162e+001,-8.695008e+001, 0.000000e+000, 0.000000e+000, 0.000000e+000, 0.000000e+000
 2.170000e-001, 3.369837e+003,-1.306864e+003,-2.040921e+003, 5.601655e+001, 6.288729e+001,-8.854910e+001, 0.000000e+000, 0.000000e+000, 0.000000e+000, 0.000000e+000
 2.170500e-001, 3.361342e+003,-1.247378e+003,-2.091741e+003, 5.593334e+001, 6.152470e+001,-9.012268e+001, 0.000000e+000, 0.000000e+000, 0.000000e+000, 0.000000e+000
 2.171000e-001, 3.351784e+003,-1.187478e+003,-2.141794e+003, 5.582424e+001, 6.013473e+001,-9.166990e+001, 0.000000e+000, 0.000000e+000, 0.000000e+000, 0.000000e+000
 2.171500e-001, 3.340901e+003,-1.127137e+003,-2.191113e+003, 5.568949e+001, 5.871856e+001,-9.318999e+001, 0.000000e+000, 0.000000e+000, 0.000000e+000, 0.000000e+000
 2.172000e-001, 3.328957e+003,-1.066421e+003,-2.239632e+003, 5.552974e+001, 5.727711e+001,-9.468198e+001, 0.000000e+000, 0.000000e+000, 0.000000e+000, 0.000000e+000
 2.172500e-001, 3.315700e+003,-1.005312e+003,-2.287381e+003, 5.534526e+001, 5.581164e+001,-9.614511e+001, 0.000000e+000, 0.000000e+000, 0.000000e+000, 0.000000e+000
 2.173000e-001, 3.301386e+003,-9.438655e+002,-2.334298e+003, 5.513676e+001, 5.432307e+001,-9.757841e+001, 0.000000e+000, 0.000000e+000, 0.000000e+000, 0.000000e+000
 2.173500e-001, 3.285775e+003,-8.820753e+002,-2.380408e+003, 5.490455e+001, 5.281275e+001,-9.898112e+001, 0.000000e+000, 0.000000e+000, 0.000000e+000, 0.000000e+000
 2.174000e-001, 3.269110e+003,-8.199865e+002,-2.425657e+003, 5.464943e+001, 5.128160e+001,-1.003522e+002, 0.000000e+000, 0.000000e+000, 0.000000e+000, 0.000000e+000
 2.174500e-001, 3.251167e+003,-7.576039e+002,-2.470063e+003, 5.437170e+001, 4.973103e+001,-1.016910e+002, 0.000000e+000, 0.000000e+000, 0.000000e+000, 0.000000e+000
 2.175000e-001, 3.232174e+003,-6.949603e+002,-2.513582e+003, 5.407223e+001, 4.816195e+001,-1.029965e+002, 0.000000e+000, 0.000000e+000, 0.000000e+000, 0.000000e+000
 2.175500e-001, 3.211924e+003,-6.320748e+002,-2.556219e+003, 5.375135e+001, 4.657582e+001,-1.042680e+002, 0.000000e+000, 0.000000e+000, 0.000000e+000, 0.000000e+000
 2.176000e-001, 3.190629e+003,-5.689651e+002,-2.597946e+003, 5.340997e+001, 4.497355e+001,-1.055044e+002, 0.000000e+000, 0.000000e+000, 0.000000e+000, 0.000000e+000
 2.176500e-001, 3.168101e+003,-5.056662e+002,-2.638755e+003, 5.304846e+001, 4.335661e+001,-1.067051e+002, 0.000000e+000, 0.000000e+000, 0.000000e+000, 0.000000e+000
 2.177000e-001, 3.144536e+003,-4.421798e+002,-2.678630e+003, 5.266773e+001, 4.172593e+001,-1.078690e+002, 0.000000e+000, 0.000000e+000, 0.000000e+000, 0.000000e+000
 2.177500e-001, 3.119760e+003,-3.785575e+002,-2.717552e+003, 5.226819e+001, 4.008297e+001,-1.089956e+002, 0.000000e+000, 0.000000e+000, 0.000000e+000, 0.000000e+000
 2.178000e-001, 3.093958e+003,-3.147841e+002,-2.755521e+003, 5.185078e+001, 3.842863e+001,-1.100838e+002, 0.000000e+000, 0.000000e+000, 0.000000e+000, 0.000000e+000
 2.178500e-001, 3.066970e+003,-2.509289e+002,-2.792500e+003, 5.141592e+001, 3.676439e+001,-1.111330e+002, 0.000000e+000, 0.000000e+000, 0.000000e+000, 0.000000e+000
 2.179000e-001, 3.038967e+003,-1.869587e+002,-2.828508e+003, 5.096455e+001, 3.509113e+001,-1.121423e+002, 0.000000e+000, 0.000000e+000, 0.000000e+000, 0.000000e+000
 2.179500e-001, 3.009806e+003,-1.229609e+002,-2.863491e+003, 5.049712e+001, 3.341030e+001,-1.131111e+002, 0.000000e+000, 0.000000e+000, 0.000000e+000, 0.000000e+000
 2.180000e-001, 2.979642e+003,-5.888427e+001,-2.897488e+003, 5.001456e+001, 3.172274e+001,-1.140383e+002, 0.000000e+000, 0.000000e+000, 0.000000e+000, 0.000000e+000
 2.180500e-001, 2.948350e+003, 5.165660e+000,-2.930425e+003, 4.951732e+001, 3.002989e+001,-1.149236e+002, 0.000000e+000, 0.000000e+000, 0.000000e+000, 0.000000e+000
 2.181000e-001, 2.916067e+003, 6.925819e+001,-2.962362e+003, 4.900635e+001, 2.833256e+001,-1.157659e+002, 0.000000e+000, 0.000000e+000, 0.000000e+000, 0.000000e+000
 2.181500e-001, 2.882688e+003, 1.332699e+002,-2.993207e+003, 4.848206e+001, 2.663212e+001,-1.165649e+002, 0.000000e+000, 0.000000e+000, 0.000000e+000, 0.000000e+000
 2.182000e-001, 2.848334e+003, 1.972879e+002,-3.023039e+003, 4.794541e+001, 2.492937e+001,-1.173196e+002, 0.000000e+000, 0.000000e+000, 0.000000e+000, 0.000000e+000
 2.182500e-001, 2.812915e+003, 2.611712e+002,-3.051745e+003, 4.739679e+001, 2.322561e+001,-1.180296e+002, 0.000000e+000, 0.000000e+000, 0.000000e+000, 0.000000e+000
 2.183000e-001, 2.776538e+003, 3.250242e+002,-3.079430e+003, 4.683715e+001, 2.152159e+001,-1.186941e+002, 0.000000e+000, 0.000000e+000, 0.000000e+000, 0.000000e+000
 2.183500e-001, 2.739131e+003, 3.886894e+002,-3.105958e+003, 4.626683e+001, 1.981856e+001,-1.193127e+002, 0.000000e+000, 0.000000e+000, 0.000000e+000, 0.000000e+000
 2.184000e-001, 2.700783e+003, 4.522874e+002,-3.131456e+003, 4.568679e+001, 1.811721e+001,-1.198846e+002, 0.000000e+000, 0.000000e+000, 0.000000e+000, 0.000000e+000
 2.184500e-001, 2.661442e+003, 5.156451e+002,-3.155767e+003, 4.509731e+001, 1.641873e+001,-1.204096e+002, 0.000000e+000, 0.000000e+000, 0.000000e+000, 0.000000e+000
 2.185000e-001, 2.621178e+003, 5.788982e+002,-3.179042e+003, 4.449934e+001, 1.472377e+001,-1.208869e+002, 0.000000e+000, 0.000000e+000, 0.000000e+000, 0.000000e+000
 2.185500e-001, 2.579960e+003, 6.418597e+002,-3.201101e+003, 4.389310e+001, 1.303340e+001,-1.213162e+002, 0.000000e+000, 0.000000e+000, 0.000000e+000, 0.000000e+000
 2.186000e-001, 2.537837e+003, 7.046787e+002,-3.222119e+003, 4.327952e+001, 1.134825e+001,-1.216970e+002, 0.000000e+000, 0.000000e+000, 0.000000e+000, 0.000000e+000
 2.186500e-001, 2.494802e+003, 7.671560e+002,-3.241895e+003, 4.265876e+001, 9.669292e+000,-1.220290e+002, 0.000000e+000, 0.000000e+000, 0.000000e+000, 0.000000e+000
 2.187000e-001, 2.450880e+003, 8.294520e+002,-3.260625e+003, 4.203172e+001, 7.997107e+000,-1.223115e+002, 0.000000e+000, 0.000000e+000, 0.000000e+000, 0.000000e+000
 2.187500e-001, 2.406089e+003, 8.913578e+002,-3.278088e+003, 4.139849e+001, 6.332561e+000,-1.225447e+002, 0.000000e+000, 0.000000e+000, 0.000000e+000, 0.000000e+000
 2.188000e-001, 2.360433e+003, 9.530428e+002,-3.294503e+003, 4.075995e+001, 4.676203e+000,-1.227278e+002, 0.000000e+000, 0.000000e+000, 0.000000e+000, 0.000000e+000
 2.188500e-001, 2.313951e+003, 1.014291e+003,-3.309631e+003, 4.011609e+001, 3.028781e+000,-1.228609e+002, 0.000000e+000, 0.000000e+000, 0.000000e+000, 0.000000e+000
 2.189000e-001, 2.266624e+003, 1.075278e+003,-3.323706e+003, 3.946776e+001, 1.390813e+000,-1.229435e+002, 0.000000e+000, 0.000000e+000, 0.000000e+000, 0.000000e+000
 2.189500e-001, 2.218520e+003, 1.135782e+003,-3.336475e+003, 3.881489e+001,-2.370749e-001,-1.229757e+002, 0.000000e+000, 0.000000e+000, 0.000000e+000, 0.000000e+000
 2.190000e-001, 2.169590e+003, 1.195985e+003,-3.348190e+003, 3.815828e+001,-1.854390e+000,-1.229571e+002, 0.000000e+000, 0.000000e+000, 0.000000e+000, 0.000000e+000
 2.190500e-001, 2.119933e+003, 1.255662e+003,-3.358582e+003, 3.749776e+001,-3.460634e+000,-1.228878e+002, 0.000000e+000, 0.000000e+000, 0.000000e+000, 0.000000e+000
 2.191000e-001, 2.069471e+003, 1.314994e+003,-3.367919e+003, 3.683412e+001,-5.055336e+000,-1.227676e+002, 0.000000e+000, 0.000000e+000, 0.000000e+000, 0.000000e+000
 2.191500e-001, 2.018332e+003, 1.373761e+003,-3.375920e+003, 3.616708e+001,-6.638123e+000,-1.225965e+002, 0.000000e+000, 0.000000e+000, 0.000000e+000, 0.000000e+000
 2.192000e-001, 1.966411e+003, 1.432139e+003,-3.382864e+003, 3.549738e+001,-8.208542e+000,-1.223744e+002, 0.000000e+000, 0.000000e+000, 0.000000e+000, 0.000000e+000
 2.192500e-001, 1.913864e+003, 1.489913e+003,-3.388462e+003, 3.482468e+001,-9.766349e+000,-1.221016e+002, 0.000000e+000, 0.000000e+000, 0.000000e+000, 0.000000e+000
 2.193000e-001, 1.860557e+003, 1.547255e+003,-3.393002e+003, 3.414965e+001,-1.131110e+001,-1.217780e+002, 0.000000e+000, 0.000000e+000, 0.000000e+000, 0.000000e+000
 2.193500e-001, 1.806680e+003, 1.603956e+003,-3.396189e+003, 3.347188e+001,-1.284268e+001,-1.214039e+002, 0.000000e+000, 0.000000e+000, 0.000000e+000, 0.000000e+000
 2.194000e-001, 1.752064e+003, 1.660180e+003,-3.398317e+003, 3.279198e+001,-1.436065e+001,-1.209793e+002, 0.000000e+000, 0.000000e+000, 0.000000e+000, 0.000000e+000
 2.194500e-001, 1.696932e+003, 1.715729e+003,-3.399089e+003, 3.210947e+001,-1.586502e+001,-1.205045e+002, 0.000000e+000, 0.000000e+000, 0.000000e+000, 0.000000e+000
 2.195000e-001, 1.641087e+003, 1.770755e+003,-3.398801e+003, 3.142490e+001,-1.735535e+001,-1.199797e+002, 0.000000e+000, 0.000000e+000, 0.000000e+000, 0.000000e+000
 2.195500e-001, 1.584781e+003, 1.825075e+003,-3.397156e+003, 3.073772e+001,-1.883177e+001,-1.194053e+002, 0.000000e+000, 0.000000e+000, 0.000000e+000, 0.000000e+000
 2.196000e-001, 1.527785e+003, 1.878824e+003,-3.394451e+003, 3.004843e+001,-2.029384e+001,-1.187815e+002, 0.000000e+000, 0.000000e+000, 0.000000e+000, 0.000000e+000
 2.196500e-001, 1.470385e+003, 1.931839e+003,-3.390392e+003, 2.935642e+001,-2.174180e+001,-1.181088e+002, 0.000000e+000, 0.000000e+000, 0.000000e+000, 0.000000e+000
 2.197000e-001, 1.412322e+003, 1.984236e+003,-3.385273e+003, 2.866211e+001,-2.317520e+001,-1.173876e+002, 0.000000e+000, 0.000000e+000, 0.000000e+000, 0.000000e+000
 2.197500e-001, 1.353911e+003, 2.035872e+003,-3.378805e+003, 2.796488e+001,-2.459438e+001,-1.166183e+002, 0.000000e+000, 0.000000e+000, 0.000000e+000, 0.000000e+000
 2.198000e-001, 1.294863e+003, 2.086841e+003,-3.371278e+003, 2.726504e+001,-2.599889e+001,-1.158015e+002, 0.000000e+000, 0.000000e+000, 0.000000e+000, 0.000000e+000
 2.198500e-001, 1.235524e+003, 2.137026e+003,-3.362411e+003, 2.656197e+001,-2.738916e+001,-1.149375e+002, 0.000000e+000, 0.000000e+000, 0.000000e+000, 0.000000e+000
 2.199000e-001, 1.175578e+003, 2.186494e+003,-3.352484e+003, 2.585589e+001,-2.876474e+001,-1.140272e+002, 0.000000e+000, 0.000000e+000, 0.000000e+000, 0.000000e+000
 2.199500e-001, 1.115394e+003, 2.235158e+003,-3.341230e+003, 2.514619e+001,-3.012613e+001,-1.130709e+002, 0.000000e+000, 0.000000e+000, 0.000000e+000, 0.000000e+000
 2.200000e-001, 1.054636e+003, 2.283055e+003,-3.328918e+003, 2.443299e+001,-3.147286e+001,-1.120695e+002, 0.000000e+000, 0.000000e+000, 0.000000e+000, 0.000000e+000
 2.200500e-001, 9.936938e+002, 2.330129e+003,-3.315293e+003, 2.371570e+001,-3.280551e+001,-1.110234e+002, 0.000000e+000, 0.000000e+000, 0.000000e+000, 0.000000e+000
 2.201000e-001, 9.322111e+002, 2.376388e+003,-3.300611e+003, 2.299435e+001,-3.412361e+001,-1.099335e+002, 0.000000e+000, 0.000000e+000, 0.000000e+000, 0.000000e+000
 2.201500e-001, 8.705967e+002, 2.421805e+003,-3.284635e+003, 2.226838e+001,-3.542777e+001,-1.088005e+002, 0.000000e+000, 0.000000e+000, 0.000000e+000, 0.000000e+000
 2.202000e-001, 8.084782e+002, 2.466359e+003,-3.267604e+003, 2.153773e+001,-3.671753e+001,-1.076252e+002, 0.000000e+000, 0.000000e+000, 0.000000e+000, 0.000000e+000
 2.202500e-001, 7.462784e+002, 2.510057e+003,-3.249298e+003, 2.080190e+001,-3.799353e+001,-1.064082e+002, 0.000000e+000, 0.000000e+000, 0.000000e+000, 0.000000e+000
 2.203000e-001, 6.836139e+002, 2.552842e+003,-3.229941e+003, 2.006072e+001,-3.925530e+001,-1.051506e+002, 0.000000e+000, 0.000000e+000, 0.000000e+000, 0.000000e+000
 2.203500e-001, 6.209162e+002, 2.594757e+003,-3.209332e+003, 1.931377e+001,-4.050352e+001,-1.038530e+002, 0.000000e+000, 0.000000e+000, 0.000000e+000, 0.000000e+000
 2.204000e-001, 5.577960e+002, 2.635713e+003,-3.187677e+003, 1.856079e+001,-4.173770e+001,-1.025165e+002, 0.000000e+000, 0.000000e+000, 0.000000e+000, 0.000000e+000
 2.204500e-001, 4.946884e+002, 2.675787e+003,-3.164794e+003, 1.780145e+001,-4.295853e+001,-1.011418e+002, 0.000000e+000, 0.000000e+000, 0.000000e+000, 0.000000e+000
 2.205000e-001, 4.312036e+002, 2.714854e+003,-3.140870e+003, 1.703538e+001,-4.416553e+001,-9.973012e+001, 0.000000e+000, 0.000000e+000, 0.000000e+000, 0.000000e+000
 2.205500e-001, 3.677747e+002, 2.753030e+003,-3.115745e+003, 1.626236e+001,-4.535937e+001,-9.828198e+001, 0.000000e+000, 0.000000e+000, 0.000000e+000, 0.000000e+000
 2.206000e-001, 3.040164e+002, 2.790154e+003,-3.089586e+003, 1.548195e+001,-4.653958e+001,-9.679873e+001, 0.000000e+000, 0.000000e+000, 0.000000e+000, 0.000000e+000
 2.206500e-001, 2.403549e+002, 2.826375e+003,-3.062255e+003, 1.469401e+001,-4.770681e+001,-9.528100e+001, 0.000000e+000, 0.000000e+000, 0.000000e+000, 0.000000e+000
 2.207000e-001, 1.764149e+002, 2.861503e+003,-3.033899e+003, 1.389805e+001,-4.886058e+001,-9.373012e+001, 0.000000e+000, 0.000000e+000, 0.000000e+000, 0.000000e+000
 2.207500e-001, 1.126099e+002, 2.895719e+003,-3.004400e+003, 1.309405e+001,-5.000151e+001,-9.214674e+001, 0.000000e+000, 0.000000e+000, 0.000000e+000, 0.000000e+000
 2.208000e-001, 4.857983e+001, 2.928801e+003,-2.973887e+003, 1.228145e+001,-5.112914e+001,-9.053223e+001, 0.000000e+000, 0.000000e+000, 0.000000e+000, 0.000000e+000
 2.208500e-001,-1.527945e+001, 2.960962e+003,-2.942263e+003, 1.146034e+001,-5.224404e+001,-8.888727e+001, 0.000000e+000, 0.000000e+000, 0.000000e+000, 0.000000e+000
 2.209000e-001,-7.930799e+001, 2.991950e+003,-2.909636e+003, 1.063012e+001,-5.334575e+001,-8.721320e+001, 0.000000e+000, 0.000000e+000, 0.000000e+000, 0.000000e+000
 2.209500e-001,-1.431324e+002, 3.022010e+003,-2.875931e+003, 9.791000e+000,-5.443478e+001,-8.551075e+001, 0.000000e+000, 0.000000e+000, 0.000000e+000, 0.000000e+000
 2.210000e-001,-2.070679e+002, 3.050861e+003,-2.841237e+003, 8.942349e+000,-5.551070e+001,-8.378127e+001, 0.000000e+000, 0.000000e+000, 0.000000e+000, 0.000000e+000
 2.210500e-001,-2.707682e+002, 3.078775e+003,-2.805499e+003, 8.084499e+000,-5.657391e+001,-8.202547e+001, 0.000000e+000, 0.000000e+000, 0.000000e+000, 0.000000e+000
 2.211000e-001,-3.345196e+002, 3.105448e+003,-2.768788e+003, 7.216798e+000,-5.762403e+001,-8.024471e+001, 0.000000e+000, 0.000000e+000, 0.000000e+000, 0.000000e+000
 2.211500e-001,-3.980068e+002, 3.131175e+003,-2.731068e+003, 6.339695e+000,-5.866138e+001,-7.843972e+001, 0.000000e+000, 0.000000e+000, 0.000000e+000, 0.000000e+000
 2.212000e-001,-4.614835e+002, 3.155632e+003,-2.692393e+003, 5.452540e+000,-5.968558e+001,-7.661182e+001, 0.000000e+000, 0.000000e+000, 0.000000e+000, 0.000000e+000
 2.212500e-001,-5.246688e+002, 3.179135e+003,-2.652745e+003, 4.555892e+000,-6.069685e+001,-7.476175e+001, 0.000000e+000, 0.000000e+000, 0.000000e+000, 0.000000e+000
 2.213000e-001,-5.877809e+002, 3.201341e+003,-2.612160e+003, 3.649115e+000,-6.169486e+001,-7.289081e+001, 0.000000e+000, 0.000000e+000, 0.000000e+000, 0.000000e+000
 2.213500e-001,-6.505757e+002, 3.222584e+003,-2.570641e+003, 2.732874e+000,-6.267971e+001,-7.099973e+001, 0.000000e+000, 0.000000e+000, 0.000000e+000, 0.000000e+000
 2.214000e-001,-7.132339e+002, 3.242509e+003,-2.528206e+003, 1.806566e+000,-6.365109e+001,-6.908977e+001, 0.000000e+000, 0.000000e+000, 0.000000e+000, 0.000000e+000
 2.214500e-001,-7.755504e+002, 3.261460e+003,-2.484874e+003, 8.709496e-001,-6.460901e+001,-6.716164e+001, 0.000000e+000, 0.000000e+000, 0.000000e+000, 0.000000e+000
 2.215000e-001,-8.376663e+002, 3.279075e+003,-2.440650e+003,-7.452948e-002,-6.555317e+001,-6.521660e+001, 0.000000e+000, 0.000000e+000, 0.000000e+000, 0.000000e+000
 2.215500e-001,-8.994169e+002, 3.295706e+003,-2.395568e+003,-1.029028e+000,-6.648347e+001,-6.325532e+001, 0.000000e+000, 0.000000e+000, 0.000000e+000, 0.000000e+000
 2.216000e-001,-9.609031e+002, 3.310986e+003,-2.349618e+003,-1.993038e+000,-6.739964e+001,-6.127900e+001, 0.000000e+000, 0.000000e+000, 0.000000e+000, 0.000000e+000
 2.216500e-001,-1.022001e+003, 3.325271e+003,-2.302850e+003,-2.965640e+000,-6.830145e+001,-5.928831e+001, 0.000000e+000, 0.000000e+000, 0.000000e+000, 0.000000e+000
 2.217000e-001,-1.082771e+003, 3.338195e+003,-2.255240e+003,-3.947255e+000,-6.918867e+001,-5.728440e+001, 0.000000e+000, 0.000000e+000, 0.000000e+000, 0.000000e+000
 2.217500e-001,-1.143131e+003, 3.350112e+003,-2.206854e+003,-4.936897e+000,-7.006095e+001,-5.526789e+001, 0.000000e+000, 0.000000e+000, 0.000000e+000, 0.000000e+000
 2.218000e-001,-1.203099e+003, 3.360662e+003,-2.157653e+003,-5.934904e+000,-7.091809e+001,-5.323989e+001, 0.000000e+000, 0.000000e+000, 0.000000e+000, 0.000000e+000
 2.218500e-001,-1.262635e+003, 3.370192e+003,-2.107719e+003,-6.940235e+000,-7.175961e+001,-5.120101e+001, 0.000000e+000, 0.000000e+000, 0.000000e+000, 0.000000e+000
 2.219000e-001,-1.321719e+003, 3.378352e+003,-2.056997e+003,-7.953136e+000,-7.258534e+001,-4.915227e+001, 0.000000e+000, 0.000000e+000, 0.000000e+000, 0.000000e+000
 2.219500e-001,-1.380347e+003, 3.385481e+003,-2.005585e+003,-8.972522e+000,-7.339470e+001,-4.709425e+001, 0.000000e+000, 0.000000e+000, 0.000000e+000, 0.000000e+000
 2.220000e-001,-1.438463e+003, 3.391240e+003,-1.953416e+003,-9.998545e+000,-7.418750e+001,-4.502792e+001, 0.000000e+000, 0.000000e+000, 0.000000e+000, 0.000000e+000
 2.220500e-001,-1.496101e+003, 3.395955e+003,-1.900600e+003,-1.103008e+001,-7.496308e+001,-4.295382e+001, 0.000000e+000, 0.000000e+000, 0.000000e+000, 0.000000e+000
 2.221000e-001,-1.553167e+003, 3.399305e+003,-1.847059e+003,-1.206719e+001,-7.572128e+001,-4.087287e+001, 0.000000e+000, 0.000000e+000, 0.000000e+000, 0.000000e+000
 2.221500e-001,-1.609733e+003, 3.401598e+003,-1.792915e+003,-1.310871e+001,-7.646130e+001,-3.878555e+001, 0.000000e+000, 0.000000e+000, 0.000000e+000, 0.000000e+000
 2.222000e-001,-1.665671e+003, 3.402533e+003,-1.738079e+003,-1.415461e+001,-7.718301e+001,-3.669273e+001, 0.000000e+000, 0.000000e+000, 0.000000e+000, 0.000000e+000
 2.222500e-001,-1.721085e+003, 3.402400e+003,-1.682684e+003,-1.520371e+001,-7.788553e+001,-3.459485e+001, 0.000000e+000, 0.000000e+000, 0.000000e+000, 0.000000e+000
 2.223000e-001,-1.775816e+003, 3.400919e+003,-1.626632e+003,-1.625588e+001,-7.856872e+001,-3.249271e+001, 0.000000e+000, 0.000000e+000, 0.000000e+000, 0.000000e+000
 2.223500e-001,-1.829999e+003, 3.398358e+003,-1.570066e+003,-1.730993e+001,-7.923162e+001,-3.038672e+001, 0.000000e+000, 0.000000e+000, 0.000000e+000, 0.000000e+000
 2.224000e-001,-1.883447e+003, 3.394463e+003,-1.512878e+003,-1.836563e+001,-7.987411e+001,-2.827762e+001, 0.000000e+000, 0.000000e+000, 0.000000e+000, 0.000000e+000
 2.224500e-001,-1.936323e+003, 3.389477e+003,-1.455223e+003,-1.942181e+001,-8.049514e+001,-2.616577e+001, 0.000000e+000, 0.000000e+000, 0.000000e+000, 0.000000e+000
 2.225000e-001,-1.988412e+003, 3.383173e+003,-1.396981e+003,-2.047813e+001,-8.109457e+001,-2.405187e+001, 0.000000e+000, 0.000000e+000, 0.000000e+000, 0.000000e+000
 2.225500e-001,-2.039905e+003, 3.375768e+003,-1.338319e+003,-2.153341e+001,-8.167134e+001,-2.193623e+001, 0.000000e+000, 0.000000e+000, 0.000000e+000, 0.000000e+000
 2.226000e-001,-2.090563e+003, 3.367063e+003,-1.279107e+003,-2.258726e+001,-8.222528e+001,-1.981949e+001, 0.000000e+000, 0.000000e+000, 0.000000e+000, 0.000000e+000
 2.226500e-001,-2.140601e+003, 3.357249e+003,-1.219521e+003,-2.363850e+001,-8.275526e+001,-1.770194e+001, 0.000000e+000, 0.000000e+000, 0.000000e+000, 0.000000e+000
 2.227000e-001,-2.189757e+003, 3.346156e+003,-1.159423e+003,-2.468666e+001,-8.326114e+001,-1.558416e+001, 0.000000e+000, 0.000000e+000, 0.000000e+000, 0.000000e+000
 2.227500e-001,-2.238268e+003, 3.333945e+003,-1.099000e+003,-2.573058e+001,-8.374175e+001,-1.346641e+001, 0.000000e+000, 0.000000e+000, 0.000000e+000, 0.000000e+000
 2.228000e-001,-2.285853e+003, 3.320479e+003,-1.038103e+003,-2.676973e+001,-8.419692e+001,-1.134922e+001, 0.000000e+000, 0.000000e+000, 0.000000e+000, 0.000000e+000
 2.228500e-001,-2.332768e+003, 3.305889e+003,-9.769276e+002,-2.780296e+001,-8.462548e+001,-9.232831e+000, 0.000000e+000, 0.000000e+000, 0.000000e+000, 0.000000e+000
 2.229000e-001,-2.378715e+003, 3.290068e+003,-9.153190e+002,-2.882969e+001,-8.502724e+001,-7.117725e+000, 0.000000e+000, 0.000000e+000, 0.000000e+000, 0.000000e+000
 2.229500e-001,-2.423968e+003, 3.273119e+003,-8.534789e+002,-2.984879e+001,-8.540103e+001,-5.004123e+000, 0.000000e+000, 0.000000e+000, 0.000000e+000, 0.000000e+000
 2.230000e-001,-2.468212e+003, 3.254965e+003,-7.912465e+002,-3.085965e+001,-8.574666e+001,-2.892466e+000, 0.000000e+000, 0.000000e+000, 0.000000e+000, 0.000000e+000
 2.230500e-001,-2.511737e+003, 3.235682e+003,-7.288299e+002,-3.186116e+001,-8.606295e+001,-7.829657e-001, 0.000000e+000, 0.000000e+000, 0.000000e+000, 0.000000e+000
 2.231000e-001,-2.554216e+003, 3.215220e+003,-6.660625e+002,-3.285269e+001,-8.634970e+001, 1.323977e+000, 0.000000e+000, 0.000000e+000, 0.000000e+000, 0.000000e+000
 2.231500e-001,-2.595953e+003, 3.193630e+003,-6.031583e+002,-3.383314e+001,-8.660577e+001, 3.428153e+000, 0.000000e+000, 0.000000e+000, 0.000000e+000, 0.000000e+000
 2.232000e-001,-2.636606e+003, 3.170889e+003,-5.399456e+002,-3.480187e+001,-8.683096e+001, 5.529195e+000, 0.000000e+000, 0.000000e+000, 0.000000e+000, 0.000000e+000
 2.232500e-001,-2.676495e+003, 3.147022e+003,-4.766431e+002,-3.575781e+001,-8.702414e+001, 7.626889e+000, 0.000000e+000, 0.000000e+000, 0.000000e+000, 0.000000e+000
 2.233000e-001,-2.715264e+003, 3.122034e+003,-4.130752e+002,-3.670034e+001,-8.718510e+001, 9.720898e+000, 0.000000e+000, 0.000000e+000, 0.000000e+000, 0.000000e+000
 2.233500e-001,-2.753248e+003, 3.095926e+003,-3.494643e+002,-3.762839e+001,-8.731281e+001, 1.181100e+001, 0.000000e+000, 0.000000e+000, 0.000000e+000, 0.000000e+000
 2.234000e-001,-2.790079e+003, 3.068726e+003,-2.856318e+002,-3.854135e+001,-8.740701e+001, 1.389687e+001, 0.000000e+000, 0.000000e+000, 0.000000e+000, 0.000000e+000
 2.234500e-001,-2.826104e+003, 3.040413e+003,-2.218027e+002,-3.943821e+001,-8.746675e+001, 1.597827e+001, 0.000000e+000, 0.000000e+000, 0.000000e+000, 0.000000e+000
 2.235000e-001,-2.860944e+003, 3.011039e+003,-1.577965e+002,-4.031835e+001,-8.749179e+001, 1.805491e+001, 0.000000e+000, 0.000000e+000, 0.000000e+000, 0.000000e+000
 2.235500e-001,-2.894957e+003, 2.980563e+003,-9.383951e+001,-4.118081e+001,-8.748123e+001, 2.012651e+001, 0.000000e+000, 0.000000e+000, 0.000000e+000, 0.000000e+000
 2.236000e-001,-2.927756e+003, 2.949056e+003,-2.975067e+001,-4.202501e+001,-8.743484e+001, 2.219280e+001, 0.000000e+000, 0.000000e+000, 0.000000e+000, 0.000000e+000
 2.236500e-001,-2.959711e+003, 2.916461e+003, 3.424373e+001,-4.285002e+001,-8.735184e+001, 2.425347e+001, 0.000000e+000, 0.000000e+000, 0.000000e+000, 0.000000e+000
 2.237000e-001,-2.990422e+003, 2.882867e+003, 9.832423e+001,-4.365527e+001,-8.723199e+001, 2.630824e+001, 0.000000e+000, 0.000000e+000, 0.000000e+000, 0.000000e+000
 2.237500e-001,-3.020271e+003, 2.848200e+003, 1.622655e+002,-4.443992e+001,-8.707459e+001, 2.835678e+001, 0.000000e+000, 0.000000e+000, 0.000000e+000, 0.000000e+000
 2.238000e-001,-3.048851e+003, 2.812567e+003, 2.262468e+002,-4.520342e+001,-8.687946e+001, 3.039881e+001, 0.000000e+000, 0.000000e+000, 0.000000e+000, 0.000000e+000
 2.238500e-001,-3.076551e+003, 2.775878e+003, 2.900447e+002,-4.594497e+001,-8.664597e+001, 3.243395e+001, 0.000000e+000, 0.000000e+000, 0.000000e+000, 0.000000e+000
 2.239000e-001,-3.102958e+003, 2.738255e+003, 3.538361e+002,-4.666408e+001,-8.637400e+001, 3.446192e+001, 0.000000e+000, 0.000000e+000, 0.000000e+000, 0.000000e+000
 2.239500e-001,-3.128470e+003, 2.699598e+003, 4.174005e+002,-4.736001e+001,-8.606303e+001, 3.648230e+001, 0.000000e+000, 0.000000e+000, 0.000000e+000, 0.000000e+000
 2.240000e-001,-3.152667e+003, 2.660040e+003, 4.809117e+002,-4.803230e+001,-8.571295e+001, 3.849479e+001, 0.000000e+000, 0.000000e+000, 0.000000e+000, 0.000000e+000
 2.240500e-001,-3.175953e+003, 2.619471e+003, 5.441529e+002,-4.868030e+001,-8.532338e+001, 4.049894e+001, 0.000000e+000, 0.000000e+000, 0.000000e+000, 0.000000e+000
 2.241000e-001,-3.197904e+003, 2.578034e+003, 6.072942e+002,-4.930357e+001,-8.489426e+001, 4.249440e+001, 0.000000e+000, 0.000000e+000, 0.000000e+000, 0.000000e+000
 2.241500e-001,-3.218932e+003, 2.535612e+003, 6.701229e+002,-4.990157e+001,-8.442530e+001, 4.448069e+001, 0.000000e+000, 0.000000e+000, 0.000000e+000, 0.000000e+000
 2.242000e-001,-3.238606e+003, 2.492355e+003, 7.328051e+002,-5.047387e+001,-8.391653e+001, 4.645745e+001, 0.000000e+000, 0.000000e+000, 0.000000e+000, 0.000000e+000
 2.242500e-001,-3.257343e+003, 2.448141e+003, 7.951328e+002,-5.102002e+001,-8.336778e+001, 4.842414e+001, 0.000000e+000, 0.000000e+000, 0.000000e+000, 0.000000e+000
 2.243000e-001,-3.274712e+003, 2.403128e+003, 8.572675e+002,-5.153963e+001,-8.277913e+001, 5.038036e+001, 0.000000e+000, 0.000000e+000, 0.000000e+000, 0.000000e+000
 2.243500e-001,-3.291131e+003, 2.357186e+003, 9.190062e+002,-5.203237e+001,-8.215053e+001, 5.232555e+001, 0.000000e+000, 0.000000e+000, 0.000000e+000, 0.000000e+000
 2.244000e-001,-3.306170e+003, 2.310480e+003, 9.805059e+002,-5.249787e+001,-8.148213e+001, 5.425925e+001, 0.000000e+000, 0.000000e+000, 0.000000e+000, 0.000000e+000
 2.244500e-001,-3.320246e+003, 2.262877e+003, 1.041568e+003,-5.293590e+001,-8.077402e+001, 5.618087e+001, 0.000000e+000, 0.000000e+000, 0.000000e+000, 0.000000e+000
 2.245000e-001,-3.332934e+003, 2.214546e+003, 1.102347e+003,-5.334611e+001,-8.002643e+001, 5.808991e+001, 0.000000e+000, 0.000000e+000, 0.000000e+000, 0.000000e+000
 2.245500e-001,-3.344645e+003, 2.165351e+003, 1.162647e+003,-5.372841e+001,-7.923954e+001, 5.998573e+001, 0.000000e+000, 0.000000e+000, 0.000000e+000, 0.000000e+000
 2.246000e-001,-3.354964e+003, 2.115463e+003, 1.222618e+003,-5.408245e+001,-7.841367e+001, 6.186779e+001, 0.000000e+000, 0.000000e+000, 0.000000e+000, 0.000000e+000
 2.246500e-001,-3.364293e+003, 2.064748e+003, 1.282071e+003,-5.440829e+001,-7.754915e+001, 6.373542e+001, 0.000000e+000, 0.000000e+000, 0.000000e+000, 0.000000e+000
 2.247000e-001,-3.372227e+003, 2.013376e+003, 1.341151e+003,-5.470558e+001,-7.664635e+001, 6.558804e+001, 0.000000e+000, 0.000000e+000, 0.000000e+000, 0.000000e+000
 2.247500e-001,-3.379159e+003, 1.961214e+003, 1.399672e+003,-5.497449e+001,-7.570573e+001, 6.742493e+001, 0.000000e+000, 0.000000e+000, 0.000000e+000, 0.000000e+000
 2.248000e-001,-3.384698e+003, 1.908431e+003, 1.457777e+003,-5.521473e+001,-7.472775e+001, 6.924548e+001, 0.000000e+000, 0.000000e+000, 0.000000e+000, 0.000000e+000
 2.248500e-001,-3.389221e+003, 1.854897e+003, 1.515285e+003,-5.542657e+001,-7.371297e+001, 7.104892e+001, 0.000000e+000, 0.000000e+000, 0.000000e+000, 0.000000e+000
 2.249000e-001,-3.392357e+003, 1.800780e+003, 1.572334e+003,-5.560973e+001,-7.266194e+001, 7.283460e+001, 0.000000e+000, 0.000000e+000, 0.000000e+000, 0.000000e+000
 2.249500e-001,-3.394463e+003, 1.745951e+003, 1.628747e+003,-5.576465e+001,-7.157532e+001, 7.460175e+001, 0.000000e+000, 0.000000e+000, 0.000000e+000, 0.000000e+000
 2.250000e-001,-3.395192e+003, 1.690577e+003, 1.684660e+003,-5.589102e+001,-7.045375e+001, 7.634964e+001, 0.000000e+000, 0.000000e+000, 0.000000e+000, 0.000000e+000
 2.250500e-001,-3.394876e+003, 1.634532e+003, 1.739898e+003,-5.598943e+001,-6.929800e+001, 7.807749e+001, 0.000000e+000, 0.000000e+000, 0.000000e+000, 0.000000e+000
 2.251000e-001,-3.393197e+003, 1.577982e+003, 1.794596e+003,-5.605958e+001,-6.810878e+001, 7.978454e+001, 0.000000e+000, 0.000000e+000, 0.000000e+000, 0.000000e+000
 2.251500e-001,-3.390458e+003, 1.520802e+003, 1.848581e+003,-5.610218e+001,-6.688696e+001, 8.146998e+001, 0.000000e+000, 0.000000e+000, 0.000000e+000, 0.000000e+000
 2.252000e-001,-3.386373e+003, 1.463156e+003, 1.901988e+003,-5.611695e+001,-6.563331e+001, 8.313301e+001, 0.000000e+000, 0.000000e+000, 0.000000e+000, 0.000000e+000
 2.252500e-001,-3.381214e+003, 1.404923e+003, 1.954643e+003,-5.610472e+001,-6.434879e+001, 8.477282e+001, 0.000000e+000, 0.000000e+000, 0.000000e+000, 0.000000e+000
 2.253000e-001,-3.374729e+003, 1.346263e+003, 2.006683e+003,-5.606522e+001,-6.303426e+001, 8.638856e+001, 0.000000e+000, 0.000000e+000, 0.000000e+000, 0.000000e+000
 2.253500e-001,-3.367156e+003, 1.287061e+003, 2.057935e+003,-5.599942e+001,-6.169075e+001, 8.797941e+001, 0.000000e+000, 0.000000e+000, 0.000000e+000, 0.000000e+000
 2.254000e-001,-3.358279e+003, 1.227472e+003, 2.108535e+003,-5.590703e+001,-6.031916e+001, 8.954451e+001, 0.000000e+000, 0.000000e+000, 0.000000e+000, 0.000000e+000
 2.254500e-001,-3.348301e+003, 1.167386e+003, 2.158310e+003,-5.578913e+001,-5.892062e+001, 9.108302e+001, 0.000000e+000, 0.000000e+000, 0.000000e+000, 0.000000e+000
 2.255000e-001,-3.337047e+003, 1.106952e+003, 2.207400e+003,-5.564547e+001,-5.749607e+001, 9.259406e+001, 0.000000e+000, 0.000000e+000, 0.000000e+000, 0.000000e+000
 2.255500e-001,-3.324677e+003, 1.046069e+003, 2.255628e+003,-5.547720e+001,-5.604669e+001, 9.407679e+001, 0.000000e+000, 0.000000e+000, 0.000000e+000, 0.000000e+000
 2.256000e-001,-3.311060e+003, 9.848768e+002, 2.303138e+003,-5.528410e+001,-5.457347e+001, 9.553032e+001, 0.000000e+000, 0.000000e+000, 0.000000e+000, 0.000000e+000
 2.256500e-001,-3.296315e+003, 9.232822e+002, 2.349751e+003,-5.506742e+001,-5.307766e+001, 9.695379e+001, 0.000000e+000, 0.000000e+000, 0.000000e+000, 0.000000e+000
 2.257000e-001,-3.280355e+003, 8.614194e+002, 2.395613e+003,-5.482694e+001,-5.156025e+001, 9.834632e+001, 0.000000e+000, 0.000000e+000, 0.000000e+000, 0.000000e+000
 2.257500e-001,-3.263256e+003, 7.992018e+002, 2.440545e+003,-5.456398e+001,-5.002256e+001, 9.970707e+001, 0.000000e+000, 0.000000e+000, 0.000000e+000, 0.000000e+000
 2.258000e-001,-3.244975e+003, 7.367560e+002, 2.484695e+003,-5.427835e+001,-4.846559e+001, 1.010351e+002, 0.000000e+000, 0.000000e+000, 0.000000e+000, 0.000000e+000
 2.258500e-001,-3.225544e+003, 6.740043e+002, 2.527883e+003,-5.397142e+001,-4.689069e+001, 1.023297e+002, 0.000000e+000, 0.000000e+000, 0.000000e+000, 0.000000e+000
 2.259000e-001,-3.204969e+003, 6.110643e+002, 2.570258e+003,-5.364304e+001,-4.529887e+001, 1.035898e+002, 0.000000e+000, 0.000000e+000, 0.000000e+000, 0.000000e+000
 2.259500e-001,-3.183234e+003, 5.478676e+002, 2.611640e+003,-5.329460e+001,-4.369151e+001, 1.048148e+002, 0.000000e+000, 0.000000e+000, 0.000000e+000, 0.000000e+000
 2.260000e-001,-3.160392e+003, 4.845226e+002, 2.652180e+003,-5.292599e+001,-4.206961e+001, 1.060036e+002, 0.000000e+000, 0.000000e+000, 0.000000e+000, 0.000000e+000
 2.260500e-001,-3.136385e+003, 4.209710e+002, 2.691698e+003,-5.253863e+001,-4.043456e+001, 1.071555e+002, 0.000000e+000, 0.000000e+000, 0.000000e+000, 0.000000e+000
 2.261000e-001,-3.111309e+003, 3.573108e+002, 2.730345e+003,-5.213244e+001,-3.878737e+001, 1.082698e+002, 0.000000e+000, 0.000000e+000, 0.000000e+000, 0.000000e+000
 2.261500e-001,-3.085063e+003, 2.934943e+002, 2.767944e+003,-5.170882e+001,-3.712941e+001, 1.093454e+002, 0.000000e+000, 0.000000e+000, 0.000000e+000, 0.000000e+000
 2.262000e-001,-3.057788e+003, 2.296089e+002, 2.804642e+003,-5.126776e+001,-3.546166e+001, 1.103818e+002, 0.000000e+000, 0.000000e+000, 0.000000e+000, 0.000000e+000
 2.262500e-001,-3.029341e+003, 1.656181e+002, 2.840268e+003,-5.081063e+001,-3.378549e+001, 1.113780e+002, 0.000000e+000, 0.000000e+000, 0.000000e+000, 0.000000e+000
 2.263000e-001,-2.999906e+003, 1.015978e+002, 2.874966e+003,-5.033745e+001,-3.210187e+001, 1.123334e+002, 0.000000e+000, 0.000000e+000, 0.000000e+000, 0.000000e+000
 2.263500e-001,-2.969299e+003, 3.752310e+001, 2.908568e+003,-4.984957e+001,-3.041212e+001, 1.132472e+002, 0.000000e+000, 0.000000e+000, 0.000000e+000, 0.000000e+000
 2.264000e-001,-2.937744e+003,-2.654164e+001, 2.941216e+003,-4.934705e+001,-2.871718e+001, 1.141187e+002, 0.000000e+000, 0.000000e+000, 0.000000e+000, 0.000000e+000
 2.264500e-001,-2.905022e+003,-9.060972e+001, 2.972748e+003,-4.883119e+001,-2.701834e+001, 1.149470e+002, 0.000000e+000, 0.000000e+000, 0.000000e+000, 0.000000e+000
 2.265000e-001,-2.871393e+003,-1.546286e+002, 3.003297e+003,-4.830210e+001,-2.531650e+001, 1.157318e+002, 0.000000e+000, 0.000000e+000, 0.000000e+000, 0.000000e+000
 2.265500e-001,-2.836603e+003,-2.185997e+002, 3.032714e+003,-4.776099e+001,-2.361290e+001, 1.164721e+002, 0.000000e+000, 0.000000e+000, 0.000000e+000, 0.000000e+000
 2.266000e-001,-2.800946e+003,-2.824824e+002, 3.061122e+003,-4.720802e+001,-2.190838e+001, 1.171675e+002, 0.000000e+000, 0.000000e+000, 0.000000e+000, 0.000000e+000
 2.266500e-001,-2.764139e+003,-3.462663e+002, 3.088382e+003,-4.664433e+001,-2.020416e+001, 1.178172e+002, 0.000000e+000, 0.000000e+000, 0.000000e+000, 0.000000e+000
 2.267000e-001,-2.726505e+003,-4.099230e+002, 3.114607e+003,-4.607012e+001,-1.850100e+001, 1.184208e+002, 0.000000e+000, 0.000000e+000, 0.000000e+000, 0.000000e+000
 2.267500e-001,-2.687734e+003,-4.734301e+002, 3.139672e+003,-4.548643e+001,-1.680005e+001, 1.189776e+002, 0.000000e+000, 0.000000e+000, 0.000000e+000, 0.000000e+000
 2.268000e-001,-2.648176e+003,-5.367710e+002, 3.163676e+003,-4.489349e+001,-1.510204e+001, 1.194873e+002, 0.000000e+000, 0.000000e+000, 0.000000e+000, 0.000000e+000
 2.268500e-001,-2.607498e+003,-5.999119e+002, 3.186510e+003,-4.429225e+001,-1.340802e+001, 1.199491e+002, 0.000000e+000, 0.000000e+000, 0.000000e+000, 0.000000e+000
 2.269000e-001,-2.566073e+003,-6.628480e+002, 3.208257e+003,-4.368296e+001,-1.171868e+001, 1.203628e+002, 0.000000e+000, 0.000000e+000, 0.000000e+000, 0.000000e+000
 2.269500e-001,-2.523547e+003,-7.255342e+002, 3.228829e+003,-4.306647e+001,-1.003500e+001, 1.207278e+002, 0.000000e+000, 0.000000e+000, 0.000000e+000, 0.000000e+000
 2.270000e-001,-2.480312e+003,-7.879767e+002, 3.248288e+003,-4.244304e+001,-8.357575e+000, 1.210440e+002, 0.000000e+000, 0.000000e+000, 0.000000e+000, 0.000000e+000
 2.270500e-001,-2.436000e+003,-8.501202e+002, 3.266567e+003,-4.181342e+001,-6.687331e+000, 1.213106e+002, 0.000000e+000, 0.000000e+000, 0.000000e+000, 0.000000e+000
 2.271000e-001,-2.391018e+003,-9.119814e+002, 3.283709e+003,-4.117787e+001,-5.024798e+000, 1.215277e+002, 0.000000e+000, 0.000000e+000, 0.000000e+000, 0.000000e+000
 2.271500e-001,-2.344985e+003,-9.734951e+002, 3.299670e+003,-4.053703e+001,-3.370807e+000, 1.216947e+002, 0.000000e+000, 0.000000e+000, 0.000000e+000, 0.000000e+000
 2.272000e-001,-2.298320e+003,-1.034688e+003, 3.314471e+003,-3.989117e+001,-1.725830e+000, 1.218116e+002, 0.000000e+000, 0.000000e+000, 0.000000e+000, 0.000000e+000
 2.272500e-001,-2.250632e+003,-1.095486e+003, 3.328091e+003,-3.924082e+001,-9.060826e-002, 1.218780e+002, 0.000000e+000, 0.000000e+000, 0.000000e+000, 0.000000e+000
 2.273000e-001,-2.202350e+003,-1.155924e+003, 3.340527e+003,-3.858623e+001, 1.534446e+000, 1.218939e+002, 0.000000e+000, 0.000000e+000, 0.000000e+000, 0.000000e+000
 2.273500e-001,-2.153077e+003,-1.215920e+003, 3.351786e+003,-3.792782e+001, 3.148684e+000, 1.218589e+002, 0.000000e+000, 0.000000e+000, 0.000000e+000, 0.000000e+000
 2.274000e-001,-2.103247e+003,-1.275519e+003, 3.361839e+003,-3.726582e+001, 4.751750e+000, 1.217733e+002, 0.000000e+000, 0.000000e+000, 0.000000e+000, 0.000000e+000
 2.274500e-001,-2.052460e+003,-1.334630e+003, 3.370721e+003,-3.660057e+001, 6.343088e+000, 1.216366e+002, 0.000000e+000, 0.000000e+000, 0.000000e+000, 0.000000e+000
 2.275000e-001,-2.001155e+003,-1.393305e+003, 3.378377e+003,-3.593225e+001, 7.922399e+000, 1.214493e+002, 0.000000e+000, 0.000000e+000, 0.000000e+000, 0.000000e+000
 2.275500e-001,-1.948928e+003,-1.451448e+003, 3.384868e+003,-3.526109e+001, 9.489212e+000, 1.212108e+002, 0.000000e+000, 0.000000e+000, 0.000000e+000, 0.000000e+000
 2.276000e-001,-1.896219e+003,-1.509117e+003, 3.390115e+003,-3.458726e+001, 1.104329e+001, 1.209218e+002, 0.000000e+000, 0.000000e+000, 0.000000e+000, 0.000000e+000
 2.276500e-001,-1.842628e+003,-1.566211e+003, 3.394206e+003,-3.391088e+001, 1.258423e+001, 1.205818e+002, 0.000000e+000, 0.000000e+000, 0.000000e+000, 0.000000e+000
 2.277000e-001,-1.788592e+003,-1.622792e+003, 3.397036e+003,-3.323209e+001, 1.411187e+001, 1.201916e+002, 0.000000e+000, 0.000000e+000, 0.000000e+000, 0.000000e+000
 2.277500e-001,-1.733714e+003,-1.678756e+003, 3.398719e+003,-3.255091e+001, 1.562588e+001, 1.197507e+002, 0.000000e+000, 0.000000e+000, 0.000000e+000, 0.000000e+000
 2.278000e-001,-1.678429e+003,-1.734170e+003, 3.399127e+003,-3.186745e+001, 1.712612e+001, 1.192600e+002, 0.000000e+000, 0.000000e+000, 0.000000e+000, 0.000000e+000
 2.278500e-001,-1.622342e+003,-1.788925e+003, 3.398400e+003,-3.118164e+001, 1.861237e+001, 1.187191e+002, 0.000000e+000, 0.000000e+000, 0.000000e+000, 0.000000e+000
 2.279000e-001,-1.565887e+003,-1.843094e+003, 3.396386e+003,-3.049354e+001, 2.008453e+001, 1.181290e+002, 0.000000e+000, 0.000000e+000, 0.000000e+000, 0.000000e+000
 2.279500e-001,-1.508673e+003,-1.896564e+003, 3.393249e+003,-2.980301e+001, 2.154244e+001, 1.174894e+002, 0.000000e+000, 0.000000e+000, 0.000000e+000, 0.000000e+000
 2.280000e-001,-1.451128e+003,-1.949411e+003, 3.388814e+003,-2.911006e+001, 2.298603e+001, 1.168012e+002, 0.000000e+000, 0.000000e+000, 0.000000e+000, 0.000000e+000
 2.280500e-001,-1.392870e+003,-2.001521e+003, 3.383270e+003,-2.841448e+001, 2.441521e+001, 1.160645e+002, 0.000000e+000, 0.000000e+000, 0.000000e+000, 0.000000e+000
 2.281000e-001,-1.334319e+003,-2.052970e+003, 3.376421e+003,-2.771625e+001, 2.582995e+001, 1.152800e+002, 0.000000e+000, 0.000000e+000, 0.000000e+000, 0.000000e+000
 2.281500e-001,-1.275099e+003,-2.103646e+003, 3.368477e+003,-2.701508e+001, 2.723022e+001, 1.144480e+002, 0.000000e+000, 0.000000e+000, 0.000000e+000, 0.000000e+000
 2.282000e-001,-1.215625e+003,-2.153627e+003, 3.359224e+003,-2.631093e+001, 2.861601e+001, 1.135692e+002, 0.000000e+000, 0.000000e+000, 0.000000e+000, 0.000000e+000
 2.282500e-001,-1.155530e+003,-2.202797e+003, 3.348889e+003,-2.560343e+001, 2.998733e+001, 1.126440e+002, 0.000000e+000, 0.000000e+000, 0.000000e+000, 0.000000e+000
 2.283000e-001,-1.095217e+003,-2.251238e+003, 3.337245e+003,-2.489253e+001, 3.134422e+001, 1.116733e+002, 0.000000e+000, 0.000000e+000, 0.000000e+000, 0.000000e+000
 2.283500e-001,-1.034332e+003,-2.298833e+003, 3.324533e+003,-2.417780e+001, 3.268671e+001, 1.106575e+002, 0.000000e+000, 0.000000e+000, 0.000000e+000, 0.000000e+000
 2.284000e-001,-9.732677e+002,-2.345666e+003, 3.310515e+003,-2.345917e+001, 3.401487e+001, 1.095974e+002, 0.000000e+000, 0.000000e+000, 0.000000e+000, 0.000000e+000
 2.284500e-001,-9.116805e+002,-2.391618e+003, 3.295443e+003,-2.273615e+001, 3.532874e+001, 1.084936e+002, 0.000000e+000, 0.000000e+000, 0.000000e+000, 0.000000e+000
 2.285000e-001,-8.499510e+002,-2.436776e+003, 3.279071e+003,-2.200868e+001, 3.662843e+001, 1.073471e+002, 0.000000e+000, 0.000000e+000, 0.000000e+000, 0.000000e+000
 2.285500e-001,-7.877497e+002,-2.481021e+003, 3.261660e+003,-2.127621e+001, 3.791399e+001, 1.061583e+002, 0.000000e+000, 0.000000e+000, 0.000000e+000, 0.000000e+000
 2.286000e-001,-7.254431e+002,-2.524440e+003, 3.242957e+003,-2.053870e+001, 3.918556e+001, 1.049284e+002, 0.000000e+000, 0.000000e+000, 0.000000e+000, 0.000000e+000
 2.286500e-001,-6.627166e+002,-2.566914e+003, 3.223229e+003,-1.979555e+001, 4.044318e+001, 1.036580e+002, 0.000000e+000, 0.000000e+000, 0.000000e+000, 0.000000e+000
 2.287000e-001,-5.999213e+002,-2.608532e+003, 3.202222e+003,-1.904673e+001, 4.168700e+001, 1.023479e+002, 0.000000e+000, 0.000000e+000, 0.000000e+000, 0.000000e+000
 2.287500e-001,-5.367593e+002,-2.649175e+003, 3.180206e+003,-1.829162e+001, 4.291708e+001, 1.009992e+002, 0.000000e+000, 0.000000e+000, 0.000000e+000, 0.000000e+000
 2.288000e-001,-4.735643e+002,-2.688935e+003, 3.156926e+003,-1.753021e+001, 4.413355e+001, 9.961265e+001, 0.000000e+000, 0.000000e+000, 0.000000e+000, 0.000000e+000
 2.288500e-001,-4.100569e+002,-2.727688e+003, 3.132650e+003,-1.676186e+001, 4.533649e+001, 9.818925e+001, 0.000000e+000, 0.000000e+000, 0.000000e+000, 0.000000e+000
 2.289000e-001,-3.465516e+002,-2.765531e+003, 3.107130e+003,-1.598658e+001, 4.652602e+001, 9.672988e+001, 0.000000e+000, 0.000000e+000, 0.000000e+000, 0.000000e+000
 2.289500e-001,-2.827895e+002,-2.802340e+003, 3.080629e+003,-1.520373e+001, 4.770220e+001, 9.523560e+001, 0.000000e+000, 0.000000e+000, 0.000000e+000, 0.000000e+000
 2.290000e-001,-2.190634e+002,-2.838214e+003, 3.052906e+003,-1.441337e+001, 4.886516e+001, 9.370725e+001, 0.000000e+000, 0.000000e+000, 0.000000e+000, 0.000000e+000
 2.290500e-001,-1.551374e+002,-2.873024e+003, 3.024216e+003,-1.361482e+001, 5.001493e+001, 9.214600e+001, 0.000000e+000, 0.000000e+000, 0.000000e+000, 0.000000e+000
 2.291000e-001,-9.128053e+001,-2.906877e+003, 2.994331e+003,-1.280824e+001, 5.115164e+001, 9.055264e+001, 0.000000e+000, 0.000000e+000, 0.000000e+000, 0.000000e+000
 2.291500e-001,-2.728166e+001,-2.939640e+003, 2.963493e+003,-1.199291e+001, 5.227528e+001, 8.892843e+001, 0.000000e+000, 0.000000e+000, 0.000000e+000, 0.000000e+000
 2.292000e-001, 3.661627e+001,-2.971424e+003, 2.931487e+003,-1.116908e+001, 5.338598e+001, 8.727414e+001, 0.000000e+000, 0.000000e+000, 0.000000e+000, 0.000000e+000
 2.292500e-001, 1.005970e+002,-3.002092e+003, 2.898544e+003,-1.033603e+001, 5.448370e+001, 8.559105e+001, 0.000000e+000, 0.000000e+000, 0.000000e+000, 0.000000e+000
 2.293000e-001, 1.644462e+002,-3.031761e+003, 2.864465e+003,-9.494068e+000, 5.556855e+001, 8.387993e+001, 0.000000e+000, 0.000000e+000, 0.000000e+000, 0.000000e+000
 2.293500e-001, 2.283180e+002,-3.060290e+003, 2.829464e+003,-8.642508e+000, 5.664045e+001, 8.214210e+001, 0.000000e+000, 0.000000e+000, 0.000000e+000, 0.000000e+000
 2.294000e-001, 2.920286e+002,-3.087802e+003, 2.793359e+003,-7.781730e+000, 5.769949e+001, 8.037830e+001, 0.000000e+000, 0.000000e+000, 0.000000e+000, 0.000000e+000
 2.294500e-001, 3.557010e+002,-3.114151e+003, 2.756350e+003,-6.911066e+000, 5.874556e+001, 7.858987e+001, 0.000000e+000, 0.000000e+000, 0.000000e+000, 0.000000e+000
 2.295000e-001, 4.191837e+002,-3.139465e+003, 2.718272e+003,-6.030986e+000, 5.977870e+001, 7.677753e+001, 0.000000e+000, 0.000000e+000, 0.000000e+000, 0.000000e+000
 2.295500e-001, 4.825664e+002,-3.163596e+003, 2.679307e+003,-5.140848e+000, 6.079879e+001, 7.494263e+001, 0.000000e+000, 0.000000e+000, 0.000000e+000, 0.000000e+000
 2.296000e-001, 5.457322e+002,-3.186676e+003, 2.639312e+003,-4.241210e+000, 6.180582e+001, 7.308587e+001, 0.000000e+000, 0.000000e+000, 0.000000e+000, 0.000000e+000
 2.296500e-001, 6.087357e+002,-3.208553e+003, 2.598446e+003,-3.331468e+000, 6.279963e+001, 7.120859e+001, 0.000000e+000, 0.000000e+000, 0.000000e+000, 0.000000e+000
 2.297000e-001, 6.714958e+002,-3.229366e+003, 2.556590e+003,-2.412266e+000, 6.378017e+001, 6.931145e+001, 0.000000e+000, 0.000000e+000, 0.000000e+000, 0.000000e+000
 2.297500e-001, 7.340312e+002,-3.248959e+003, 2.513883e+003,-1.483050e+000, 6.474725e+001, 6.739580e+001, 0.000000e+000, 0.000000e+000, 0.000000e+000, 0.000000e+000
 2.298000e-001, 7.962977e+002,-3.267474e+003, 2.470225e+003,-5.445442e-001, 6.570076e+001, 6.546225e+001, 0.000000e+000, 0.000000e+000, 0.000000e+000, 0.000000e+000
 2.298500e-001, 8.582769e+002,-3.284753e+003, 2.425738e+003, 4.037453e-001, 6.664048e+001, 6.351213e+001, 0.000000e+000, 0.000000e+000, 0.000000e+000, 0.000000e+000
 2.299000e-001, 9.199622e+002,-3.300943e+003, 2.380342e+003, 1.361017e+000, 6.756625e+001, 6.154603e+001, 0.000000e+000, 0.000000e+000, 0.000000e+000, 0.000000e+000
 2.299500e-001, 9.812980e+002,-3.315884e+003, 2.334138e+003, 2.327695e+000, 6.847782e+001, 5.956524e+001, 0.000000e+000, 0.000000e+000, 0.000000e+000, 0.000000e+000
 2.300000e-001, 1.042316e+003,-3.329724e+003, 2.287070e+003, 3.302910e+000, 6.937496e+001, 5.757032e+001, 0.000000e+000, 0.000000e+000, 0.000000e+000, 0.000000e+000
 2.300500e-001, 1.102922e+003,-3.342304e+003, 2.239216e+003, 4.287007e+000, 7.025740e+001, 5.556250e+001, 0.000000e+000, 0.000000e+000, 0.000000e+000, 0.000000e+000
 2.301000e-001, 1.163186e+003,-3.353774e+003, 2.190542e+003, 5.279056e+000, 7.112482e+001, 5.354232e+001, 0.000000e+000, 0.000000e+000, 0.000000e+000, 0.000000e+000
 2.301500e-001, 1.222978e+003,-3.363977e+003, 2.141107e+003, 6.279313e+000, 7.197697e+001, 5.151097e+001, 0.000000e+000, 0.000000e+000, 0.000000e+000, 0.000000e+000
 2.302000e-001, 1.282403e+003,-3.373059e+003, 2.090897e+003, 7.286800e+000, 7.281342e+001, 4.946894e+001, 0.000000e+000, 0.000000e+000, 0.000000e+000, 0.000000e+000
 2.302500e-001, 1.341297e+003,-3.380867e+003, 2.039953e+003, 8.301676e+000, 7.363390e+001, 4.741735e+001, 0.000000e+000, 0.000000e+000, 0.000000e+000, 0.000000e+000
 2.303000e-001, 1.399799e+003,-3.387548e+003, 1.988279e+003, 9.322927e+000, 7.443795e+001, 4.535669e+001, 0.000000e+000, 0.000000e+000, 0.000000e+000, 0.000000e+000
 2.303500e-001, 1.457713e+003,-3.392951e+003, 1.935898e+003, 1.035061e+001, 7.522524e+001, 4.328799e+001, 0.000000e+000, 0.000000e+000, 0.000000e+000, 0.000000e+000
 2.304000e-001, 1.515209e+003,-3.397219e+003, 1.882834e+003, 1.138367e+001, 7.599524e+001, 4.121172e+001, 0.000000e+000, 0.000000e+000, 0.000000e+000, 0.000000e+000
 2.304500e-001, 1.572062e+003,-3.400209e+003, 1.829093e+003, 1.242207e+001, 7.674762e+001, 3.912884e+001, 0.000000e+000, 0.000000e+000, 0.000000e+000, 0.000000e+000
 2.305000e-001, 1.628472e+003,-3.402056e+003, 1.774714e+003, 1.346476e+001, 7.748177e+001, 3.703978e+001, 0.000000e+000, 0.000000e+000, 0.000000e+000, 0.000000e+000
 2.305500e-001, 1.684184e+003,-3.402630e+003, 1.719690e+003, 1.451155e+001, 7.819734e+001, 3.494545e+001, 0.000000e+000, 0.000000e+000, 0.000000e+000, 0.000000e+000
 2.306000e-001, 1.739427e+003,-3.402052e+003, 1.664075e+003, 1.556140e+001, 7.889365e+001, 3.284623e+001, 0.000000e+000, 0.000000e+000, 0.000000e+000, 0.000000e+000
 2.306500e-001, 1.793922e+003,-3.400207e+003, 1.607848e+003, 1.661403e+001, 7.957037e+001, 3.074296e+001, 0.000000e+000, 0.000000e+000, 0.000000e+000, 0.000000e+000
 2.307000e-001, 1.847919e+003,-3.397205e+003, 1.551075e+003, 1.766840e+001, 8.022670e+001, 2.863601e+001, 0.000000e+000, 0.000000e+000, 0.000000e+000, 0.000000e+000
 2.307500e-001, 1.901120e+003,-3.392943e+003, 1.493726e+003, 1.872409e+001, 8.086234e+001, 2.652611e+001, 0.000000e+000, 0.000000e+000, 0.000000e+000, 0.000000e+000
 2.308000e-001, 1.953794e+003,-3.387520e+003, 1.435877e+003, 1.978011e+001, 8.147643e+001, 2.441364e+001, 0.000000e+000, 0.000000e+000, 0.000000e+000, 0.000000e+000
 2.308500e-001, 2.005628e+003,-3.380848e+003, 1.377488e+003, 2.083591e+001, 8.206863e+001, 2.229926e+001, 0.000000e+000, 0.000000e+000, 0.000000e+000, 0.000000e+000
 2.309000e-001, 2.056904e+003,-3.373009e+003, 1.318645e+003, 2.189055e+001, 8.263804e+001, 2.018331e+001, 0.000000e+000, 0.000000e+000, 0.000000e+000, 0.000000e+000
 2.309500e-001, 2.107298e+003,-3.363936e+003, 1.259301e+003, 2.294337e+001, 8.318435e+001, 1.806637e+001, 0.000000e+000, 0.000000e+000, 0.000000e+000, 0.000000e+000
 2.310000e-001, 2.157102e+003,-3.353692e+003, 1.199548e+003, 2.399345e+001, 8.370656e+001, 1.594879e+001, 0.000000e+000, 0.000000e+000, 0.000000e+000, 0.000000e+000
 2.310500e-001, 2.205988e+003,-3.342230e+003, 1.139334e+003, 2.504004e+001, 8.420438e+001, 1.383107e+001, 0.000000e+000, 0.000000e+000, 0.000000e+000, 0.000000e+000
 2.311000e-001, 2.254248e+003,-3.329594e+003, 1.078756e+003, 2.608227e+001, 8.467679e+001, 1.171354e+001, 0.000000e+000, 0.000000e+000, 0.000000e+000, 0.000000e+000
 2.311500e-001, 2.301556e+003,-3.315761e+003, 1.017758e+003, 2.711928e+001, 8.512348e+001, 9.596646e+000, 0.000000e+000, 0.000000e+000, 0.000000e+000, 0.000000e+000
 2.312000e-001, 2.348204e+003,-3.300750e+003, 9.564413e+002, 2.815027e+001, 8.554338e+001, 7.480712e+000, 0.000000e+000, 0.000000e+000, 0.000000e+000, 0.000000e+000
 2.312500e-001, 2.393869e+003,-3.284564e+003, 8.947479e+002, 2.917430e+001, 8.593623e+001, 5.366115e+000, 0.000000e+000, 0.000000e+000, 0.000000e+000, 0.000000e+000
 2.313000e-001, 2.438838e+003,-3.267200e+003, 8.327797e+002, 3.019062e+001, 8.630092e+001, 3.253179e+000, 0.000000e+000, 0.000000e+000, 0.000000e+000, 0.000000e+000
 2.313500e-001, 2.482796e+003,-3.248685e+003, 7.704787e+002, 3.119820e+001, 8.663719e+001, 1.142231e+000, 0.000000e+000, 0.000000e+000, 0.000000e+000, 0.000000e+000
 2.314000e-001, 2.526020e+003,-3.228990e+003, 7.079471e+002, 3.219638e+001, 8.694392e+001,-9.664099e-001, 0.000000e+000, 0.000000e+000, 0.000000e+000, 0.000000e+000
 2.314500e-001, 2.568210e+003,-3.208171e+003, 6.451277e+002, 3.318404e+001, 8.722089e+001,-3.072458e+000, 0.000000e+000, 0.000000e+000, 0.000000e+000, 0.000000e+000
 2.315000e-001, 2.609627e+003,-3.186174e+003, 5.821217e+002, 3.416062e+001, 8.746696e+001,-5.175591e+000, 0.000000e+000, 0.000000e+000, 0.000000e+000, 0.000000e+000
 2.315500e-001, 2.649990e+003,-3.163082e+003, 5.188737e+002, 3.512492e+001, 8.768192e+001,-7.275559e+000, 0.000000e+000, 0.000000e+000, 0.000000e+000, 0.000000e+000
 2.316000e-001, 2.689541e+003,-3.138813e+003, 4.554827e+002, 3.607644e+001, 8.786466e+001,-9.372038e+000, 0.000000e+000, 0.000000e+000, 0.000000e+000, 0.000000e+000
 2.316500e-001, 2.728020e+003,-3.113480e+003, 3.918961e+002, 3.701396e+001, 8.801500e+001,-1.146480e+001, 0.000000e+000, 0.000000e+000, 0.000000e+000, 0.000000e+000
 2.317000e-001, 2.765647e+003,-3.086975e+003, 3.282102e+002, 3.793706e+001, 8.813184e+001,-1.355351e+001, 0.000000e+000, 0.000000e+000, 0.000000e+000, 0.000000e+000
 2.317500e-001, 2.802188e+003,-3.059437e+003, 2.643756e+002, 3.884447e+001, 8.821501e+001,-1.563796e+001, 0.000000e+000, 0.000000e+000, 0.000000e+000, 0.000000e+000
 2.318000e-001, 2.837838e+003,-3.030733e+003, 2.004852e+002, 3.973586e+001, 8.826348e+001,-1.771781e+001, 0.000000e+000, 0.000000e+000, 0.000000e+000, 0.000000e+000
 2.318500e-001, 2.872389e+003,-3.001029e+003, 1.364932e+002, 4.060992e+001, 8.827711e+001,-1.979285e+001, 0.000000e+000, 0.000000e+000, 0.000000e+000, 0.000000e+000
 2.319000e-001, 2.906010e+003,-2.970167e+003, 7.248895e+001, 4.146640e+001, 8.825491e+001,-2.186272e+001, 0.000000e+000, 0.000000e+000, 0.000000e+000, 0.000000e+000
 2.319500e-001, 2.938522e+003,-2.938341e+003, 8.430427e+000, 4.230402e+001, 8.819676e+001,-2.392722e+001, 0.000000e+000, 0.000000e+000, 0.000000e+000, 0.000000e+000
 2.320000e-001, 2.970066e+003,-2.905365e+003,-5.559697e+001, 4.312256e+001, 8.810177e+001,-2.598598e+001, 0.000000e+000, 0.000000e+000, 0.000000e+000, 0.000000e+000
 2.320500e-001, 3.000493e+003,-2.871460e+003,-1.196313e+002, 4.392076e+001, 8.796984e+001,-2.803877e+001, 0.000000e+000, 0.000000e+000, 0.000000e+000, 0.000000e+000
 2.321000e-001, 3.029913e+003,-2.836419e+003,-1.835911e+002, 4.469847e+001, 8.780015e+001,-3.008521e+001, 0.000000e+000, 0.000000e+000, 0.000000e+000, 0.000000e+000
 2.321500e-001, 3.058212e+003,-2.800485e+003,-2.475107e+002, 4.545448e+001, 8.759267e+001,-3.212503e+001, 0.000000e+000, 0.000000e+000, 0.000000e+000, 0.000000e+000
 2.322000e-001, 3.085467e+003,-2.763428e+003,-3.113123e+002, 4.618866e+001, 8.734663e+001,-3.415786e+001, 0.000000e+000, 0.000000e+000, 0.000000e+000, 0.000000e+000
 2.322500e-001, 3.111596e+003,-2.725517e+003,-3.750269e+002, 4.689986e+001, 8.706207e+001,-3.618341e+001, 0.000000e+000, 0.000000e+000, 0.000000e+000, 0.000000e+000
 2.323000e-001, 3.136647e+003,-2.686498e+003,-4.385799e+002, 4.758802e+001, 8.673833e+001,-3.820124e+001, 0.000000e+000, 0.000000e+000, 0.000000e+000, 0.000000e+000
 2.323500e-001, 3.160569e+003,-2.646663e+003,-5.019995e+002, 4.825204e+001, 8.637547e+001,-4.021106e+001, 0.000000e+000, 0.000000e+000, 0.000000e+000, 0.000000e+000
 2.324000e-001, 3.183380e+003,-2.605740e+003,-5.652141e+002, 4.889189e+001, 8.597297e+001,-4.221240e+001, 0.000000e+000, 0.000000e+000, 0.000000e+000, 0.000000e+000
 2.324500e-001, 3.205059e+003,-2.564037e+003,-6.282494e+002, 4.950657e+001, 8.553093e+001,-4.420491e+001, 0.000000e+000, 0.000000e+000, 0.000000e+000, 0.000000e+000
 2.325000e-001, 3.225597e+003,-2.521269e+003,-6.910359e+002, 5.009607e+001, 8.504895e+001,-4.618814e+001, 0.000000e+000, 0.000000e+000, 0.000000e+000, 0.000000e+000
 2.325500e-001, 3.245003e+003,-2.477759e+003,-7.535983e+002, 5.065948e+001, 8.452718e+001,-4.816165e+001, 0.000000e+000, 0.000000e+000, 0.000000e+000, 0.000000e+000
 2.326000e-001, 3.263238e+003,-2.433208e+003,-8.158681e+002, 5.119685e+001, 8.396535e+001,-5.012497e+001, 0.000000e+000, 0.000000e+000, 0.000000e+000, 0.000000e+000
 2.326500e-001, 3.280341e+003,-2.387953e+003,-8.778694e+002, 5.170734e+001, 8.336368e+001,-5.207762e+001, 0.000000e+000, 0.000000e+000, 0.000000e+000, 0.000000e+000
 2.327000e-001, 3.296247e+003,-2.341684e+003,-9.395344e+002, 5.219104e+001, 8.272202e+001,-5.401910e+001, 0.000000e+000, 0.000000e+000, 0.000000e+000, 0.000000e+000
 2.327500e-001, 3.311022e+003,-2.294749e+003,-1.000888e+003, 5.264722e+001, 8.204065e+001,-5.594888e+001, 0.000000e+000, 0.000000e+000, 0.000000e+000, 0.000000e+000
 2.328000e-001, 3.324577e+003,-2.246828e+003,-1.061861e+003, 5.307599e+001, 8.131957e+001,-5.786644e+001, 0.000000e+000, 0.000000e+000, 0.000000e+000, 0.000000e+000
 2.328500e-001, 3.337001e+003,-2.198281e+003,-1.122479e+003, 5.347674e+001, 8.055909e+001,-5.977118e+001, 0.000000e+000, 0.000000e+000, 0.000000e+000, 0.000000e+000
 2.329000e-001, 3.348185e+003,-2.148779e+003,-1.182674e+003, 5.384961e+001, 7.975938e+001,-6.166255e+001, 0.000000e+000, 0.000000e+000, 0.000000e+000, 0.000000e+000
 2.329500e-001, 3.358240e+003,-2.098688e+003,-1.242473e+003, 5.419410e+001, 7.892081e+001,-6.353991e+001, 0.000000e+000, 0.000000e+000, 0.000000e+000, 0.000000e+000
 2.330000e-001, 3.367037e+003,-2.047677e+003,-1.301805e+003, 5.451038e+001, 7.804368e+001,-6.540268e+001, 0.000000e+000, 0.000000e+000, 0.000000e+000, 0.000000e+000
 2.330500e-001, 3.374707e+003,-1.996114e+003,-1.360701e+003, 5.479806e+001, 7.712841e+001,-6.725016e+001, 0.000000e+000, 0.000000e+000, 0.000000e+000, 0.000000e+000
 2.331000e-001, 3.381104e+003,-1.943668e+003,-1.419086e+003, 5.505734e+001, 7.617546e+001,-6.908176e+001, 0.000000e+000, 0.000000e+000, 0.000000e+000, 0.000000e+000
 2.331500e-001, 3.386376e+003,-1.890707e+003,-1.476995e+003, 5.528797e+001, 7.518530e+001,-7.089670e+001, 0.000000e+000, 0.000000e+000, 0.000000e+000, 0.000000e+000
 2.332000e-001, 3.390365e+003,-1.836902e+003,-1.534351e+003, 5.549015e+001, 7.415854e+001,-7.269437e+001, 0.000000e+000, 0.000000e+000, 0.000000e+000, 0.000000e+000
 2.332500e-001, 3.393230e+003,-1.782619e+003,-1.591192e+003, 5.566375e+001, 7.309569e+001,-7.447398e+001, 0.000000e+000, 0.000000e+000, 0.000000e+000, 0.000000e+000
 2.333000e-001, 3.394804e+003,-1.727534e+003,-1.647437e+003, 5.580902e+001, 7.199750e+001,-7.623486e+001, 0.000000e+000, 0.000000e+000, 0.000000e+000, 0.000000e+000
 2.333500e-001, 3.395258e+003,-1.672005e+003,-1.703131e+003, 5.592593e+001, 7.086454e+001,-7.797617e+001, 0.000000e+000, 0.000000e+000, 0.000000e+000, 0.000000e+000
 2.334000e-001, 3.394415e+003,-1.615719e+003,-1.758187e+003, 5.601476e+001, 6.969769e+001,-7.969724e+001, 0.000000e+000, 0.000000e+000, 0.000000e+000, 0.000000e+000
 2.334500e-001, 3.392455e+003,-1.559026e+003,-1.812654e+003, 5.607558e+001, 6.849755e+001,-8.139719e+001, 0.000000e+000, 0.000000e+000, 0.000000e+000, 0.000000e+000
 2.335000e-001, 3.389196e+003,-1.501620e+003,-1.866443e+003, 5.610872e+001, 6.726515e+001,-8.307531e+001, 0.000000e+000, 0.000000e+000, 0.000000e+000, 0.000000e+000
 2.335500e-001, 3.384823e+003,-1.443842e+003,-1.919608e+003, 5.611434e+001, 6.600112e+001,-8.473070e+001, 0.000000e+000, 0.000000e+000, 0.000000e+000, 0.000000e+000
 2.336000e-001, 3.379152e+003,-1.385400e+003,-1.972053e+003, 5.609281e+001, 6.470661e+001,-8.636263e+001, 0.000000e+000, 0.000000e+000, 0.000000e+000, 0.000000e+000
 2.336500e-001, 3.372373e+003,-1.326620e+003,-2.023840e+003, 5.604440e+001, 6.338229e+001,-8.797018e+001, 0.000000e+000, 0.000000e+000, 0.000000e+000, 0.000000e+000
 2.337000e-001, 3.364298e+003,-1.267226e+003,-2.074869e+003, 5.596948e+001, 6.202941e+001,-8.955258e+001, 0.000000e+000, 0.000000e+000, 0.000000e+000, 0.000000e+000
 2.337500e-001, 3.355120e+003,-1.207527e+003,-2.125205e+003, 5.586844e+001, 6.064866e+001,-9.110892e+001, 0.000000e+000, 0.000000e+000, 0.000000e+000, 0.000000e+000
 2.338000e-001, 3.344652e+003,-1.147267e+003,-2.174744e+003, 5.574169e+001, 5.924141e+001,-9.263841e+001, 0.000000e+000, 0.000000e+000, 0.000000e+000, 0.000000e+000
 2.338500e-001, 3.333087e+003,-1.086734e+003,-2.223558e+003, 5.558967e+001, 5.780838e+001,-9.414012e+001, 0.000000e+000, 0.000000e+000, 0.000000e+000, 0.000000e+000
 2.339000e-001, 3.320241e+003,-1.025694e+003,-2.271539e+003, 5.541284e+001, 5.635099e+001,-9.561324e+001, 0.000000e+000, 0.000000e+000, 0.000000e+000, 0.000000e+000
 2.339500e-001, 3.306306e+003,-9.644140e+002,-2.318761e+003, 5.521173e+001, 5.487000e+001,-9.705685e+001, 0.000000e+000, 0.000000e+000, 0.000000e+000, 0.000000e+000
 2.340000e-001, 3.291100e+003,-9.026814e+002,-2.365116e+003, 5.498680e+001, 5.336691e+001,-9.847012e+001, 0.000000e+000, 0.000000e+000, 0.000000e+000, 0.000000e+000
 2.340500e-001, 3.274813e+003,-8.407410e+002,-2.410680e+003, 5.473867e+001, 5.184247e+001,-9.985217e+001, 0.000000e+000, 0.000000e+000, 0.000000e+000, 0.000000e+000
 2.341000e-001, 3.257268e+003,-7.784045e+002,-2.455343e+003, 5.446782e+001, 5.029826e+001,-1.012021e+002, 0.000000e+000, 0.000000e+000, 0.000000e+000, 0.000000e+000
 2.341500e-001, 3.238651e+003,-7.158915e+002,-2.499184e+003, 5.417493e+001, 4.873500e+001,-1.025191e+002, 0.000000e+000, 0.000000e+000, 0.000000e+000, 0.000000e+000
 2.342000e-001, 3.218792e+003,-6.530402e+002,-2.542093e+003, 5.386050e+001, 4.715435e+001,-1.038023e+002, 0.000000e+000, 0.000000e+000, 0.000000e+000, 0.000000e+000
 2.342500e-001, 3.197872e+003,-5.900432e+002,-2.584148e+003, 5.352527e+001, 4.555703e+001,-1.050508e+002, 0.000000e+000, 0.000000e+000, 0.000000e+000, 0.000000e+000
 2.343000e-001, 3.175728e+003,-5.267667e+002,-2.625242e+003, 5.316975e+001, 4.394470e+001,-1.062638e+002, 0.000000e+000, 0.000000e+000, 0.000000e+000, 0.000000e+000
 2.343500e-001, 3.152533e+003,-4.633748e+002,-2.665451e+003, 5.279473e+001, 4.231807e+001,-1.074404e+002, 0.000000e+000, 0.000000e+000, 0.000000e+000, 0.000000e+000
 2.344000e-001, 3.128135e+003,-3.997632e+002,-2.704673e+003, 5.240071e+001, 4.067884e+001,-1.085798e+002, 0.000000e+000, 0.000000e+000, 0.000000e+000, 0.000000e+000
 2.344500e-001, 3.102699e+003,-3.360661e+002,-2.742979e+003, 5.198854e+001, 3.902768e+001,-1.096813e+002, 0.000000e+000, 0.000000e+000, 0.000000e+000, 0.000000e+000
 2.345000e-001, 3.076082e+003,-2.722099e+002,-2.780273e+003, 5.155873e+001, 3.736631e+001,-1.107439e+002, 0.000000e+000, 0.000000e+000, 0.000000e+000, 0.000000e+000
 2.345500e-001, 3.048439e+003,-2.082975e+002,-2.816621e+003, 5.111214e+001, 3.569537e+001,-1.117670e+002, 0.000000e+000, 0.000000e+000, 0.000000e+000, 0.000000e+000
 2.346000e-001, 3.019641e+003,-1.442871e+002,-2.851934e+003, 5.064927e+001, 3.401657e+001,-1.127497e+002, 0.000000e+000, 0.000000e+000, 0.000000e+000, 0.000000e+000
 2.346500e-001, 2.989831e+003,-8.024966e+001,-2.886271e+003, 5.017103e+001, 3.233051e+001,-1.136913e+002, 0.000000e+000, 0.000000e+000, 0.000000e+000, 0.000000e+000
 2.347000e-001, 2.958893e+003,-1.617582e+001,-2.919555e+003, 4.967788e+001, 3.063887e+001,-1.145910e+002, 0.000000e+000, 0.000000e+000, 0.000000e+000, 0.000000e+000
 2.347500e-001, 2.926959e+003, 4.789631e+001,-2.951833e+003, 4.917074e+001, 2.894222e+001,-1.154482e+002, 0.000000e+000, 0.000000e+000, 0.000000e+000, 0.000000e+000
 2.348000e-001, 2.893926e+003, 1.119432e+002,-2.983039e+003, 4.865007e+001, 2.724222e+001,-1.162620e+002, 0.000000e+000, 0.000000e+000, 0.000000e+000, 0.000000e+000
 2.348500e-001, 2.859912e+003, 1.759596e+002,-3.013210e+003, 4.811681e+001, 2.553938e+001,-1.170320e+002, 0.000000e+000, 0.000000e+000, 0.000000e+000, 0.000000e+000
 2.349000e-001, 2.824831e+003, 2.398892e+002,-3.042296e+003, 4.757135e+001, 2.383532e+001,-1.177573e+002, 0.000000e+000, 0.000000e+000, 0.000000e+000, 0.000000e+000
 2.349500e-001, 2.788787e+003, 3.037597e+002,-3.070316e+003, 4.701465e+001, 2.213049e+001,-1.184375e+002, 0.000000e+000, 0.000000e+000, 0.000000e+000, 0.000000e+000
 2.350000e-001, 2.751708e+003, 3.674821e+002,-3.097240e+003, 4.644706e+001, 2.042645e+001,-1.190718e+002, 0.000000e+000, 0.000000e+000, 0.000000e+000, 0.000000e+000
 2.350500e-001, 2.713685e+003, 4.311165e+002,-3.123070e+003, 4.586953e+001, 1.872363e+001,-1.196599e+002, 0.000000e+000, 0.000000e+000, 0.000000e+000, 0.000000e+000
 2.351000e-001, 2.674663e+003, 4.945421e+002,-3.147794e+003, 4.528238e+001, 1.702349e+001,-1.202009e+002, 0.000000e+000, 0.000000e+000, 0.000000e+000, 0.000000e+000
 2.351500e-001, 2.634714e+003, 5.578507e+002,-3.171395e+003, 4.468652e+001, 1.532641e+001,-1.206947e+002, 0.000000e+000, 0.000000e+000, 0.000000e+000, 0.000000e+000
 2.352000e-001, 2.593804e+003, 6.208908e+002,-3.193884e+003, 4.408223e+001, 1.363378e+001,-1.211404e+002, 0.000000e+000, 0.000000e+000, 0.000000e+000, 0.000000e+000
 2.352500e-001, 2.551988e+003, 6.837842e+002,-3.215222e+003, 4.347039e+001, 1.194594e+001,-1.215379e+002, 0.000000e+000, 0.000000e+000, 0.000000e+000, 0.000000e+000
 2.353000e-001, 2.509250e+003, 7.463504e+002,-3.235444e+003, 4.285123e+001, 1.026418e+001,-1.218866e+002, 0.000000e+000, 0.000000e+000, 0.000000e+000, 0.000000e+000
 2.353500e-001, 2.465625e+003, 8.087399e+002,-3.254488e+003, 4.222559e+001, 8.588778e+000,-1.221862e+002, 0.000000e+000, 0.000000e+000, 0.000000e+000, 0.000000e+000
 2.354000e-001, 2.421120e+003, 8.707447e+002,-3.272414e+003, 4.159365e+001, 6.920929e+000,-1.224362e+002, 0.000000e+000, 0.000000e+000, 0.000000e+000, 0.000000e+000
 2.354500e-001, 2.375750e+003, 9.325421e+002,-3.289136e+003, 4.095621e+001, 5.260894e+000,-1.226367e+002, 0.000000e+000, 0.000000e+000, 0.000000e+000, 0.000000e+000
 2.355000e-001, 2.329543e+003, 9.938991e+002,-3.304740e+003, 4.031338e+001, 3.609731e+000,-1.227868e+002, 0.000000e+000, 0.000000e+000, 0.000000e+000, 0.000000e+000
 2.355500e-001, 2.282493e+003, 1.055017e+003,-3.319115e+003, 3.966590e+001, 1.967676e+000,-1.228869e+002, 0.000000e+000, 0.000000e+000, 0.000000e+000, 0.000000e+000
 2.356000e-001, 2.234650e+003, 1.115641e+003,-3.332375e+003, 3.901383e+001, 3.356649e-001,-1.229363e+002, 0.000000e+000, 0.000000e+000, 0.000000e+000, 0.000000e+000
 2.356500e-001, 2.185988e+003, 1.175993e+003,-3.344383e+003, 3.835786e+001,-1.286092e+000,-1.229352e+002, 0.000000e+000, 0.000000e+000, 0.000000e+000, 0.000000e+000
 2.357000e-001, 2.136579e+003, 1.235798e+003,-3.355280e+003, 3.769797e+001,-2.896787e+000,-1.228832e+002, 0.000000e+000, 0.000000e+000, 0.000000e+000, 0.000000e+000
 2.357500e-001, 2.086374e+003, 1.295299e+003,-3.364902e+003, 3.703480e+001,-4.496229e+000,-1.227805e+002, 0.000000e+000, 0.000000e+000, 0.000000e+000, 0.000000e+000
 2.358000e-001, 2.035469e+003, 1.354203e+003,-3.373419e+003, 3.636826e+001,-6.083741e+000,-1.226267e+002, 0.000000e+000, 0.000000e+000, 0.000000e+000, 0.000000e+000
 2.358500e-001, 1.983794e+003, 1.412768e+003,-3.380642e+003, 3.569891e+001,-7.659146e+000,-1.224223e+002, 0.000000e+000, 0.000000e+000, 0.000000e+000, 0.000000e+000
 2.359000e-001, 1.931467e+003, 1.470690e+003,-3.386765e+003, 3.502662e+001,-9.221900e+000,-1.221668e+002, 0.000000e+000, 0.000000e+000, 0.000000e+000, 0.000000e+000
 2.359500e-001, 1.878397e+003, 1.528236e+003,-3.391578e+003, 3.435188e+001,-1.077183e+001,-1.218607e+002, 0.000000e+000, 0.000000e+000, 0.000000e+000, 0.000000e+000
 2.360000e-001, 1.824723e+003, 1.585094e+003,-3.395300e+003, 3.367449e+001,-1.230853e+001,-1.215037e+002, 0.000000e+000, 0.000000e+000, 0.000000e+000, 0.000000e+000
 2.360500e-001, 1.770334e+003, 1.641539e+003,-3.397695e+003, 3.299486e+001,-1.383183e+001,-1.210965e+002, 0.000000e+000, 0.000000e+000, 0.000000e+000, 0.000000e+000
 2.361000e-001, 1.715390e+003, 1.697254e+003,-3.399008e+003, 3.231274e+001,-1.534145e+001,-1.206388e+002, 0.000000e+000, 0.000000e+000, 0.000000e+000, 0.000000e+000
 2.361500e-001, 1.659761e+003, 1.752518e+003,-3.398981e+003, 3.162846e+001,-1.683722e+001,-1.201312e+002, 0.000000e+000, 0.000000e+000, 0.000000e+000, 0.000000e+000
 2.362000e-001, 1.603625e+003, 1.807013e+003,-3.397883e+003, 3.094173e+001,-1.831897e+001,-1.195737e+002, 0.000000e+000, 0.000000e+000, 0.000000e+000, 0.000000e+000
 2.362500e-001, 1.546837e+003, 1.861017e+003,-3.395435e+003, 3.025280e+001,-1.978654e+001,-1.189669e+002, 0.000000e+000, 0.000000e+000, 0.000000e+000, 0.000000e+000
 2.363000e-001, 1.489591e+003, 1.914216e+003,-3.391926e+003, 2.956134e+001,-2.123988e+001,-1.183109e+002, 0.000000e+000, 0.000000e+000, 0.000000e+000, 0.000000e+000
 2.363500e-001, 1.431724e+003, 1.966884e+003,-3.387060e+003, 2.886751e+001,-2.267880e+001,-1.176064e+002, 0.000000e+000, 0.000000e+000, 0.000000e+000, 0.000000e+000
 2.364000e-001, 1.373449e+003, 2.018712e+003,-3.381143e+003, 2.817096e+001,-2.410338e+001,-1.168535e+002, 0.000000e+000, 0.000000e+000, 0.000000e+000, 0.000000e+000
 2.364500e-001, 1.314588e+003, 2.069968e+003,-3.373865e+003, 2.747176e+001,-2.551341e+001,-1.160529e+002, 0.000000e+000, 0.000000e+000, 0.000000e+000, 0.000000e+000
 2.365000e-001, 1.255367e+003, 2.120354e+003,-3.365548e+003, 2.676953e+001,-2.690907e+001,-1.152050e+002, 0.000000e+000, 0.000000e+000, 0.000000e+000, 0.000000e+000
 2.365500e-001, 1.195597e+003, 2.170125e+003,-3.355870e+003, 2.606428e+001,-2.829013e+001,-1.143106e+002, 0.000000e+000, 0.000000e+000, 0.000000e+000, 0.000000e+000
 2.366000e-001, 1.135514e+003, 2.218998e+003,-3.345163e+003, 2.535562e+001,-2.965687e+001,-1.133700e+002, 0.000000e+000, 0.000000e+000, 0.000000e+000, 0.000000e+000
 2.366500e-001, 1.074920e+003, 2.267212e+003,-3.333098e+003, 2.464347e+001,-3.100903e+001,-1.123840e+002, 0.000000e+000, 0.000000e+000, 0.000000e+000, 0.000000e+000
 2.367000e-001, 1.014061e+003, 2.314504e+003,-3.320016e+003, 2.392744e+001,-3.234697e+001,-1.113531e+002, 0.000000e+000, 0.000000e+000, 0.000000e+000, 0.000000e+000
 2.367500e-001, 9.527313e+002, 2.361093e+003,-3.305581e+003, 2.320738e+001,-3.367042e+001,-1.102782e+002, 0.000000e+000, 0.000000e+000, 0.000000e+000, 0.000000e+000
 2.368000e-001, 8.911829e+002, 2.406737e+003,-3.290140e+003, 2.248291e+001,-3.497981e+001,-1.091599e+002, 0.000000e+000, 0.000000e+000, 0.000000e+000, 0.000000e+000
 2.368500e-001, 8.292050e+002, 2.451635e+003,-3.273356e+003, 2.175382e+001,-3.627483e+001,-1.079990e+002, 0.000000e+000, 0.000000e+000, 0.000000e+000, 0.000000e+000
 2.369000e-001, 7.670545e+002, 2.495566e+003,-3.255577e+003, 2.101973e+001,-3.755598e+001,-1.067962e+002, 0.000000e+000, 0.000000e+000, 0.000000e+000, 0.000000e+000
 2.369500e-001, 7.045173e+002, 2.538709e+003,-3.236469e+003, 2.028039e+001,-3.882293e+001,-1.055524e+002, 0.000000e+000, 0.000000e+000, 0.000000e+000, 0.000000e+000
 2.370000e-001, 6.418528e+002, 2.580866e+003,-3.216376e+003, 1.953544e+001,-4.007620e+001,-1.042685e+002, 0.000000e+000, 0.000000e+000, 0.000000e+000, 0.000000e+000
 2.370500e-001, 5.788460e+002, 2.622191e+003,-3.194971e+003, 1.878457e+001,-4.131546e+001,-1.029453e+002, 0.000000e+000, 0.000000e+000, 0.000000e+000, 0.000000e+000
 2.371000e-001, 5.157563e+002, 2.662514e+003,-3.172592e+003, 1.802748e+001,-4.254126e+001,-1.015837e+002, 0.000000e+000, 0.000000e+000, 0.000000e+000, 0.000000e+000
 2.371500e-001, 4.523698e+002, 2.701963e+003,-3.148920e+003, 1.726381e+001,-4.375324e+001,-1.001845e+002, 0.000000e+000, 0.000000e+000, 0.000000e+000, 0.000000e+000
 2.372000e-001, 3.889441e+002, 2.740395e+003,-3.124286e+003, 1.649329e+001,-4.495197e+001,-9.874883e+001, 0.000000e+000, 0.000000e+000, 0.000000e+000, 0.000000e+000
 2.372500e-001, 3.252686e+002, 2.777911e+003,-3.098382e+003, 1.571554e+001,-4.613707e+001,-9.727744e+001, 0.000000e+000, 0.000000e+000, 0.000000e+000, 0.000000e+000
 2.373000e-001, 2.615963e+002, 2.814396e+003,-3.071527e+003, 1.493035e+001,-4.730910e+001,-9.577155e+001, 0.000000e+000, 0.000000e+000, 0.000000e+000, 0.000000e+000
 2.373500e-001, 1.977224e+002, 2.849927e+003,-3.043429e+003, 1.413731e+001,-4.846770e+001,-9.423184e+001, 0.000000e+000, 0.000000e+000, 0.000000e+000, 0.000000e+000
 2.374000e-001, 1.338937e+002, 2.884414e+003,-3.014390e+003, 1.333627e+001,-4.961337e+001,-9.265962e+001, 0.000000e+000, 0.000000e+000, 0.000000e+000, 0.000000e+000
 2.374500e-001, 6.991216e+001, 2.917907e+003,-2.984137e+003, 1.252682e+001,-5.074576e+001,-9.105559e+001, 0.000000e+000, 0.000000e+000, 0.000000e+000, 0.000000e+000
 2.375000e-001, 6.016980e+000, 2.950346e+003,-2.952955e+003, 1.170885e+001,-5.186535e+001,-8.942109e+001, 0.000000e+000, 0.000000e+000, 0.000000e+000, 0.000000e+000
 2.375500e-001,-5.798139e+001, 2.981755e+003,-2.920591e+003, 1.088199e+001,-5.297176e+001,-8.775679e+001, 0.000000e+000, 0.000000e+000, 0.000000e+000, 0.000000e+000
 2.376000e-001,-1.218529e+002, 3.012098e+003,-2.887310e+003, 1.004618e+001,-5.406545e+001,-8.606411e+001, 0.000000e+000, 0.000000e+000, 0.000000e+000, 0.000000e+000
 2.376500e-001,-1.857775e+002, 3.041378e+003,-2.852883e+003, 9.201062e+000,-5.514604e+001,-8.434367e+001, 0.000000e+000, 0.000000e+000, 0.000000e+000, 0.000000e+000
 2.377000e-001,-2.495354e+002, 3.069582e+003,-2.817550e+003, 8.346647e+000,-5.621391e+001,-8.259694e+001, 0.000000e+000, 0.000000e+000, 0.000000e+000, 0.000000e+000
 2.377500e-001,-3.132958e+002, 3.096691e+003,-2.781107e+003, 7.482611e+000,-5.726870e+001,-8.082452e+001, 0.000000e+000, 0.000000e+000, 0.000000e+000, 0.000000e+000
 2.378000e-001,-3.768503e+002, 3.122715e+003,-2.743773e+003, 6.609033e+000,-5.831071e+001,-7.902788e+001, 0.000000e+000, 0.000000e+000, 0.000000e+000, 0.000000e+000
 2.378500e-001,-4.403565e+002, 3.147615e+003,-2.705368e+003, 5.725631e+000,-5.933960e+001,-7.720761e+001, 0.000000e+000, 0.000000e+000, 0.000000e+000, 0.000000e+000
 2.379000e-001,-5.036180e+002, 3.171419e+003,-2.666085e+003, 4.832552e+000,-6.035558e+001,-7.536520e+001, 0.000000e+000, 0.000000e+000, 0.000000e+000, 0.000000e+000
 2.379500e-001,-5.667806e+002, 3.194075e+003,-2.625773e+003, 3.929571e+000,-6.135833e+001,-7.350118e+001, 0.000000e+000, 0.000000e+000, 0.000000e+000, 0.000000e+000
 2.380000e-001,-6.296600e+002, 3.215625e+003,-2.584597e+003, 3.016901e+000,-6.234795e+001,-7.161706e+001, 0.000000e+000, 0.000000e+000, 0.000000e+000, 0.000000e+000
 2.380500e-001,-6.923901e+002, 3.236004e+003,-2.542437e+003, 2.094379e+000,-6.332415e+001,-6.971334e+001, 0.000000e+000, 0.000000e+000, 0.000000e+000, 0.000000e+000
 2.381000e-001,-7.547990e+002, 3.255268e+003,-2.499427e+003, 1.162287e+000,-6.428694e+001,-6.779150e+001, 0.000000e+000, 0.000000e+000, 0.000000e+000, 0.000000e+000
 2.381500e-001,-8.170084e+002, 3.273341e+003,-2.455478e+003, 2.205318e-001,-6.523602e+001,-6.585204e+001, 0.000000e+000, 0.000000e+000, 0.000000e+000, 0.000000e+000
 2.382000e-001,-8.788588e+002, 3.290289e+003,-2.410697e+003,-7.305371e-001,-6.617133e+001,-6.389639e+001, 0.000000e+000, 0.000000e+000, 0.000000e+000, 0.000000e+000
 2.382500e-001,-9.404602e+002, 3.306031e+003,-2.365022e+003,-1.690939e+000,-6.709256e+001,-6.192501e+001, 0.000000e+000, 0.000000e+000, 0.000000e+000, 0.000000e+000
 2.383000e-001,-1.001665e+003, 3.320638e+003,-2.318534e+003,-2.660258e+000,-6.799955e+001,-5.993930e+001, 0.000000e+000, 0.000000e+000, 0.000000e+000, 0.000000e+000
 2.383500e-001,-1.062572e+003, 3.334026e+003,-2.271198e+003,-3.638435e+000,-6.889201e+001,-5.793971e+001, 0.000000e+000, 0.000000e+000, 0.000000e+000, 0.000000e+000
 2.384000e-001,-1.123045e+003, 3.346270e+003,-2.223070e+003,-4.624989e+000,-6.976966e+001,-5.592758e+001, 0.000000e+000, 0.000000e+000, 0.000000e+000, 0.000000e+000
 2.384500e-001,-1.183172e+003, 3.357285e+003,-2.174142e+003,-5.619782e+000,-7.063224e+001,-5.390332e+001, 0.000000e+000, 0.000000e+000, 0.000000e+000, 0.000000e+000
 2.385000e-001,-1.242829e+003, 3.367146e+003,-2.124443e+003,-6.622269e+000,-7.147936e+001,-5.186822e+001, 0.000000e+000, 0.000000e+000, 0.000000e+000, 0.000000e+000
 2.385500e-001,-1.302092e+003, 3.375773e+003,-2.073992e+003,-7.632234e+000,-7.231078e+001,-4.982267e+001, 0.000000e+000, 0.000000e+000, 0.000000e+000, 0.000000e+000
 2.386000e-001,-1.360848e+003, 3.383236e+003,-2.022794e+003,-8.649069e+000,-7.312599e+001,-4.776788e+001, 0.000000e+000, 0.000000e+000, 0.000000e+000, 0.000000e+000
 2.386500e-001,-1.419163e+003, 3.389462e+003,-1.970892e+003,-9.672482e+000,-7.392475e+001,-4.570421e+001, 0.000000e+000, 0.000000e+000, 0.000000e+000, 0.000000e+000
 2.387000e-001,-1.476936e+003, 3.394515e+003,-1.918269e+003,-1.070181e+001,-7.470649e+001,-4.363282e+001, 0.000000e+000, 0.000000e+000, 0.000000e+000, 0.000000e+000
 2.387500e-001,-1.534222e+003, 3.398331e+003,-1.864992e+003,-1.173668e+001,-7.547093e+001,-4.155405e+001, 0.000000e+000, 0.000000e+000, 0.000000e+000, 0.000000e+000
 2.388000e-001,-1.590930e+003, 3.400965e+003,-1.811020e+003,-1.277637e+001,-7.621745e+001,-3.946895e+001, 0.000000e+000, 0.000000e+000, 0.000000e+000, 0.000000e+000
 2.388500e-001,-1.647106e+003, 3.402365e+003,-1.756442e+003,-1.382046e+001,-7.694574e+001,-3.737785e+001, 0.000000e+000, 0.000000e+000, 0.000000e+000, 0.000000e+000
 2.389000e-001,-1.702670e+003, 3.402575e+003,-1.701199e+003,-1.486815e+001,-7.765511e+001,-3.528174e+001, 0.000000e+000, 0.000000e+000, 0.000000e+000, 0.000000e+000
 2.389500e-001,-1.757658e+003, 3.401557e+003,-1.645399e+003,-1.591897e+001,-7.834525e+001,-3.318091e+001, 0.000000e+000, 0.000000e+000, 0.000000e+000, 0.000000e+000
 2.390000e-001,-1.811998e+003, 3.399342e+003,-1.588964e+003,-1.697208e+001,-7.901538e+001,-3.107627e+001, 0.000000e+000, 0.000000e+000, 0.000000e+000, 0.000000e+000
 2.390500e-001,-1.865720e+003, 3.395907e+003,-1.532023e+003,-1.802692e+001,-7.966519e+001,-2.896809e+001, 0.000000e+000, 0.000000e+000, 0.000000e+000, 0.000000e+000
 2.391000e-001,-1.918761e+003, 3.391268e+003,-1.474477e+003,-1.908264e+001,-8.029386e+001,-2.685721e+001, 0.000000e+000, 0.000000e+000, 0.000000e+000, 0.000000e+000
 2.391500e-001,-1.971142e+003, 3.385420e+003,-1.416475e+003,-2.013864e+001,-8.090104e+001,-2.474388e+001, 0.000000e+000, 0.000000e+000, 0.000000e+000, 0.000000e+000
 2.392000e-001,-2.022809e+003, 3.378365e+003,-1.357902e+003,-2.119399e+001,-8.148587e+001,-2.262885e+001, 0.000000e+000, 0.000000e+000, 0.000000e+000, 0.000000e+000
 2.392500e-001,-2.073774e+003, 3.370111e+003,-1.298921e+003,-2.224806e+001,-8.204797e+001,-2.051237e+001, 0.000000e+000, 0.000000e+000, 0.000000e+000, 0.000000e+000
 2.393000e-001,-2.123994e+003, 3.360647e+003,-1.239405e+003,-2.329992e+001,-8.258647e+001,-1.839511e+001, 0.000000e+000, 0.000000e+000, 0.000000e+000, 0.000000e+000
 2.393500e-001,-2.173472e+003, 3.350000e+003,-1.179530e+003,-2.434888e+001,-8.310096e+001,-1.627729e+001, 0.000000e+000, 0.000000e+000, 0.000000e+000, 0.000000e+000
 2.394000e-001,-2.222174e+003, 3.338141e+003,-1.119157e+003,-2.539398e+001,-8.359054e+001,-1.415954e+001, 0.000000e+000, 0.000000e+000, 0.000000e+000, 0.000000e+000
 2.394500e-001,-2.270095e+003, 3.325114e+003,-1.058473e+003,-2.643452e+001,-8.405477e+001,-1.204206e+001, 0.000000e+000, 0.000000e+000, 0.000000e+000, 0.000000e+000
 2.395000e-001,-2.317210e+003, 3.310877e+003,-9.973289e+002,-2.746950e+001,-8.449277e+001,-9.925395e+000, 0.000000e+000, 0.000000e+000, 0.000000e+000, 0.000000e+000
 2.395500e-001,-2.363507e+003, 3.295487e+003,-9.359233e+002,-2.849822e+001,-8.490406e+001,-7.809752e+000, 0.000000e+000, 0.000000e+000, 0.000000e+000, 0.000000e+000
 2.396000e-001,-2.408968e+003, 3.278892e+003,-8.740955e+002,-2.951967e+001,-8.528777e+001,-5.695633e+000, 0.000000e+000, 0.000000e+000, 0.000000e+000, 0.000000e+000
 2.396500e-001,-2.453574e+003, 3.261161e+003,-8.120552e+002,-3.053312e+001,-8.564338e+001,-3.583220e+000, 0.000000e+000, 0.000000e+000, 0.000000e+000, 0.000000e+000
 2.397000e-001,-2.497317e+003, 3.242231e+003,-7.496324e+002,-3.153757e+001,-8.597005e+001,-1.472974e+000, 0.000000e+000, 0.000000e+000, 0.000000e+000, 0.000000e+000
 2.397500e-001,-2.540169e+003, 3.222183e+003,-6.870458e+002,-3.253229e+001,-8.626725e+001, 6.349281e-001, 0.000000e+000, 0.000000e+000, 0.000000e+000, 0.000000e+000
 2.398000e-001,-2.582133e+003, 3.200947e+003,-6.241174e+002,-3.351627e+001,-8.653417e+001, 2.740062e+000, 0.000000e+000, 0.000000e+000, 0.000000e+000, 0.000000e+000
 2.398500e-001,-2.623171e+003, 3.178610e+003,-5.610734e+002,-3.448879e+001,-8.677025e+001, 4.842254e+000, 0.000000e+000, 0.000000e+000, 0.000000e+000, 0.000000e+000
 2.399000e-001,-2.663294e+003, 3.155097e+003,-4.977290e+002,-3.544885e+001,-8.697473e+001, 6.941109e+000, 0.000000e+000, 0.000000e+000, 0.000000e+000, 0.000000e+000
 2.399500e-001,-2.702459e+003, 3.130502e+003,-4.343173e+002,-3.639574e+001,-8.714703e+001, 9.036451e+000, 0.000000e+000, 0.000000e+000, 0.000000e+000, 0.000000e+000
 2.400000e-001,-2.740686e+003, 3.104747e+003,-3.706472e+002,-3.732848e+001,-8.728646e+001, 1.112790e+001, 0.000000e+000, 0.000000e+000, 0.000000e+000, 0.000000e+000
 2.400500e-001,-2.777923e+003, 3.077928e+003,-3.069579e+002,-3.824638e+001,-8.739241e+001, 1.321529e+001, 0.000000e+000, 0.000000e+000, 0.000000e+000, 0.000000e+000
 2.401000e-001,-2.814198e+003, 3.049967e+003,-2.430527e+002,-3.914849e+001,-8.746429e+001, 1.529824e+001, 0.000000e+000, 0.000000e+000, 0.000000e+000, 0.000000e+000
 2.401500e-001,-2.849453e+003, 3.020962e+003,-1.791761e+002,-4.003411e+001,-8.750146e+001, 1.737658e+001, 0.000000e+000, 0.000000e+000, 0.000000e+000, 0.000000e+000
 2.402000e-001,-2.883724e+003, 2.990837e+003,-1.151265e+002,-4.090236e+001,-8.750342e+001, 1.944992e+001, 0.000000e+000, 0.000000e+000, 0.000000e+000, 0.000000e+000
 2.402500e-001,-2.916948e+003, 2.959687e+003,-5.115334e+001,-4.175256e+001,-8.746953e+001, 2.151809e+001, 0.000000e+000, 0.000000e+000, 0.000000e+000, 0.000000e+000
 2.403000e-001,-2.949167e+003, 2.927441e+003, 1.294975e+001,-4.258387e+001,-8.739937e+001, 2.358070e+001, 0.000000e+000, 0.000000e+000, 0.000000e+000, 0.000000e+000
 2.403500e-001,-2.980312e+003, 2.894189e+003, 7.692894e+001,-4.339562e+001,-8.729233e+001, 2.563754e+001, 0.000000e+000, 0.000000e+000, 0.000000e+000, 0.000000e+000
 2.404000e-001,-3.010432e+003, 2.859869e+003, 1.409947e+002,-4.418705e+001,-8.714809e+001, 2.768824e+001, 0.000000e+000, 0.000000e+000, 0.000000e+000, 0.000000e+000
 2.404500e-001,-3.039454e+003, 2.824564e+003, 2.048893e+002,-4.495751e+001,-8.696603e+001, 2.973255e+001, 0.000000e+000, 0.000000e+000, 0.000000e+000, 0.000000e+000
 2.405000e-001,-3.067430e+003, 2.788220e+003, 2.688270e+002,-4.570629e+001,-8.674596e+001, 3.177007e+001, 0.000000e+000, 0.000000e+000, 0.000000e+000, 0.000000e+000
 2.405500e-001,-3.094288e+003, 2.750910e+003, 3.325466e+002,-4.643279e+001,-8.648729e+001, 3.380054e+001, 0.000000e+000, 0.000000e+000, 0.000000e+000, 0.000000e+000
 2.406000e-001,-3.120081e+003, 2.712595e+003, 3.962658e+002,-4.713636e+001,-8.618992e+001, 3.582355e+001, 0.000000e+000, 0.000000e+000, 0.000000e+000, 0.000000e+000
 2.406500e-001,-3.144735e+003, 2.673335e+003, 4.597203e+002,-4.781643e+001,-8.585332e+001, 3.783878e+001, 0.000000e+000, 0.000000e+000, 0.000000e+000, 0.000000e+000
 2.407000e-001,-3.168307e+003, 2.633104e+003, 5.231311e+002,-4.847244e+001,-8.547749e+001, 3.984581e+001, 0.000000e+000, 0.000000e+000, 0.000000e+000, 0.000000e+000
 2.407500e-001,-3.190724e+003, 2.591949e+003, 5.862309e+002,-4.910385e+001,-8.506196e+001, 4.184428e+001, 0.000000e+000, 0.000000e+000, 0.000000e+000, 0.000000e+000
 2.408000e-001,-3.212040e+003, 2.549862e+003, 6.492437e+002,-4.971019e+001,-8.460683e+001, 4.383373e+001, 0.000000e+000, 0.000000e+000, 0.000000e+000, 0.000000e+000
 2.408500e-001,-3.232186e+003, 2.506871e+003, 7.118997e+002,-5.029093e+001,-8.411171e+001, 4.581379e+001, 0.000000e+000, 0.000000e+000, 0.000000e+000, 0.000000e+000
 2.409000e-001,-3.251216e+003, 2.462988e+003, 7.744255e+002,-5.084570e+001,-8.357681e+001, 4.778395e+001, 0.000000e+000, 0.000000e+000, 0.000000e+000, 0.000000e+000
 2.409500e-001,-3.269063e+003, 2.418223e+003, 8.365495e+002,-5.137403e+001,-8.300178e+001, 4.974378e+001, 0.000000e+000, 0.000000e+000, 0.000000e+000, 0.000000e+000
 2.410000e-001,-3.285777e+003, 2.372607e+003, 8.985001e+002,-5.187563e+001,-8.238698e+001, 5.169277e+001, 0.000000e+000, 0.000000e+000, 0.000000e+000, 0.000000e+000
 2.410500e-001,-3.301299e+003, 2.326133e+003, 9.600044e+002,-5.235006e+001,-8.173214e+001, 5.363042e+001, 0.000000e+000, 0.000000e+000, 0.000000e+000, 0.000000e+000
 2.411000e-001,-3.315674e+003, 2.278850e+003, 1.021292e+003,-5.279714e+001,-8.103770e+001, 5.555620e+001, 0.000000e+000, 0.000000e+000, 0.000000e+000, 0.000000e+000
 2.411500e-001,-3.328849e+003, 2.230734e+003, 1.082090e+003,-5.321646e+001,-8.030352e+001, 5.746956e+001, 0.000000e+000, 0.000000e+000, 0.000000e+000, 0.000000e+000
 2.412000e-001,-3.340862e+003, 2.181853e+003, 1.142630e+003,-5.360795e+001,-7.953012e+001, 5.936993e+001, 0.000000e+000, 0.000000e+000, 0.000000e+000, 0.000000e+000
 2.412500e-001,-3.351670e+003, 2.132164e+003, 1.202636e+003,-5.397123e+001,-7.871745e+001, 6.125671e+001, 0.000000e+000, 0.000000e+000, 0.000000e+000, 0.000000e+000
 2.413000e-001,-3.361304e+003, 2.081755e+003, 1.262341e+003,-5.430634e+001,-7.786616e+001, 6.312930e+001, 0.000000e+000, 0.000000e+000, 0.000000e+000, 0.000000e+000
 2.413500e-001,-3.369730e+003, 2.030564e+003, 1.321470e+003,-5.461295e+001,-7.697628e+001, 6.498707e+001, 0.000000e+000, 0.000000e+000, 0.000000e+000, 0.000000e+000
 2.414000e-001,-3.376969e+003, 1.978701e+003, 1.380257e+003,-5.489117e+001,-7.604856e+001, 6.682936e+001, 0.000000e+000, 0.000000e+000, 0.000000e+000, 0.000000e+000
 2.414500e-001,-3.383001e+003, 1.926083e+003, 1.438427e+003,-5.514075e+001,-7.508315e+001, 6.865549e+001, 0.000000e+000, 0.000000e+000, 0.000000e+000, 0.000000e+000
 2.415000e-001,-3.387834e+003, 1.872839e+003, 1.496212e+003,-5.536190e+001,-7.408087e+001, 7.046481e+001, 0.000000e+000, 0.000000e+000, 0.000000e+000, 0.000000e+000
 2.415500e-001,-3.391462e+003, 1.818870e+003, 1.553341e+003,-5.555440e+001,-7.304199e+001, 7.225656e+001, 0.000000e+000, 0.000000e+000, 0.000000e+000, 0.000000e+000
 2.416000e-001,-3.393881e+003, 1.764322e+003, 1.610042e+003,-5.571854e+001,-7.196742e+001, 7.403007e+001, 0.000000e+000, 0.000000e+000, 0.000000e+000, 0.000000e+000
 2.416500e-001,-3.395100e+003, 1.709079e+003, 1.666050e+003,-5.585419e+001,-7.085754e+001, 7.578453e+001, 0.000000e+000, 0.000000e+000, 0.000000e+000, 0.000000e+000
 2.417000e-001,-3.395101e+003, 1.653306e+003, 1.721589e+003,-5.596171e+001,-6.971330e+001, 7.751926e+001, 0.000000e+000, 0.000000e+000, 0.000000e+000, 0.000000e+000
 2.417500e-001,-3.393908e+003, 1.596870e+003, 1.776396e+003,-5.604102e+001,-6.853523e+001, 7.923340e+001, 0.000000e+000, 0.000000e+000, 0.000000e+000, 0.000000e+000
 2.418000e-001,-3.391490e+003, 1.539951e+003, 1.830693e+003,-5.609257e+001,-6.732435e+001, 8.092625e+001, 0.000000e+000, 0.000000e+000, 0.000000e+000, 0.000000e+000
 2.418500e-001,-3.387887e+003, 1.482403e+003, 1.884223e+003,-5.611635e+001,-6.608125e+001, 8.259691e+001, 0.000000e+000, 0.000000e+000, 0.000000e+000, 0.000000e+000
 2.419000e-001,-3.383052e+003, 1.424419e+003, 1.937202e+003,-5.611287e+001,-6.480704e+001, 8.424467e+001, 0.000000e+000, 0.000000e+000, 0.000000e+000, 0.000000e+000
 2.419500e-001,-3.377043e+003, 1.365842e+003, 1.989379e+003,-5.608218e+001,-6.350243e+001, 8.586861e+001, 0.000000e+000, 0.000000e+000, 0.000000e+000, 0.000000e+000
 2.420000e-001,-3.369798e+003, 1.306876e+003, 2.040965e+003,-5.602486e+001,-6.216854e+001, 8.746799e+001, 0.000000e+000, 0.000000e+000, 0.000000e+000, 0.000000e+000
 2.420500e-001,-3.361390e+003, 1.247355e+003, 2.091716e+003,-5.594105e+001,-6.080619e+001, 8.904184e+001, 0.000000e+000, 0.000000e+000, 0.000000e+000, 0.000000e+000
 2.421000e-001,-3.351745e+003, 1.187492e+003, 2.141835e+003,-5.583134e+001,-5.941654e+001, 9.058945e+001, 0.000000e+000, 0.000000e+000, 0.000000e+000, 0.000000e+000
 2.421500e-001,-3.340949e+003, 1.127111e+003, 2.191089e+003,-5.569597e+001,-5.800051e+001, 9.210983e+001, 0.000000e+000, 0.000000e+000, 0.000000e+000, 0.000000e+000
 2.422000e-001,-3.328918e+003, 1.066435e+003, 2.239671e+003,-5.553558e+001,-5.655926e+001, 9.360225e+001, 0.000000e+000, 0.000000e+000, 0.000000e+000, 0.000000e+000
 2.422500e-001,-3.315749e+003, 1.005283e+003, 2.287358e+003,-5.535045e+001,-5.509381e+001, 9.506568e+001, 0.000000e+000, 0.000000e+000, 0.000000e+000, 0.000000e+000
 2.423000e-001,-3.301348e+003, 9.438805e+002, 2.334335e+003,-5.514127e+001,-5.360533e+001, 9.649944e+001, 0.000000e+000, 0.000000e+000, 0.000000e+000, 0.000000e+000
 2.423500e-001,-3.285823e+003, 8.820447e+002, 2.380388e+003,-5.490842e+001,-5.209492e+001, 9.790246e+001, 0.000000e+000, 0.000000e+000, 0.000000e+000, 0.000000e+000
 2.424000e-001,-3.269073e+003, 8.200021e+002, 2.425691e+003,-5.465257e+001,-5.056375e+001, 9.927409e+001, 0.000000e+000, 0.000000e+000, 0.000000e+000, 0.000000e+000
 2.424500e-001,-3.251214e+003, 7.575712e+002, 2.470045e+003,-5.437418e+001,-4.901299e+001, 1.006132e+002, 0.000000e+000, 0.000000e+000, 0.000000e+000, 0.000000e+000
 2.425000e-001,-3.232138e+003, 6.949767e+002, 2.513612e+003,-5.407394e+001,-4.744378e+001, 1.019192e+002, 0.000000e+000, 0.000000e+000, 0.000000e+000, 0.000000e+000
 2.425500e-001,-3.211969e+003, 6.320401e+002, 2.556205e+003,-5.375240e+001,-4.585737e+001, 1.031910e+002, 0.000000e+000, 0.000000e+000, 0.000000e+000, 0.000000e+000
 2.426000e-001,-3.190596e+003, 5.689819e+002, 2.597973e+003,-5.341022e+001,-4.425486e+001, 1.044280e+002, 0.000000e+000, 0.000000e+000, 0.000000e+000, 0.000000e+000
 2.426500e-001,-3.168145e+003, 5.056297e+002, 2.638744e+003,-5.304802e+001,-4.263757e+001, 1.056290e+002, 0.000000e+000, 0.000000e+000, 0.000000e+000, 0.000000e+000
 2.427000e-001,-3.144504e+003, 4.421969e+002, 2.678653e+003,-5.266647e+001,-4.100655e+001, 1.067936e+002, 0.000000e+000, 0.000000e+000, 0.000000e+000, 0.000000e+000
 2.427500e-001,-3.119802e+003, 3.785195e+002, 2.717545e+003,-5.226623e+001,-3.936315e+001, 1.079206e+002, 0.000000e+000, 0.000000e+000, 0.000000e+000, 0.000000e+000
 2.428000e-001,-3.093928e+003, 3.148015e+002, 2.755539e+003,-5.184797e+001,-3.770839e+001, 1.090094e+002, 0.000000e+000, 0.000000e+000, 0.000000e+000, 0.000000e+000
 2.428500e-001,-3.067010e+003, 2.508896e+002, 2.792498e+003,-5.141240e+001,-3.604364e+001, 1.100590e+002, 0.000000e+000, 0.000000e+000, 0.000000e+000, 0.000000e+000
 2.429000e-001,-3.038940e+003, 1.869760e+002, 2.828521e+003,-5.096016e+001,-3.436987e+001, 1.110690e+002, 0.000000e+000, 0.000000e+000, 0.000000e+000, 0.000000e+000
 2.429500e-001,-3.009844e+003, 1.229207e+002, 2.863493e+003,-5.049202e+001,-3.268847e+001, 1.120381e+002, 0.000000e+000, 0.000000e+000, 0.000000e+000, 0.000000e+000
 2.430000e-001,-2.979618e+003, 5.890131e+001, 2.897496e+003,-5.000856e+001,-3.100033e+001, 1.129661e+002, 0.000000e+000, 0.000000e+000, 0.000000e+000, 0.000000e+000
 2.430500e-001,-2.948384e+003,-5.206378e+000, 2.930432e+003,-4.951061e+001,-2.930686e+001, 1.138518e+002, 0.000000e+000, 0.000000e+000, 0.000000e+000, 0.000000e+000
 2.431000e-001,-2.916047e+003,-6.924162e+001, 2.962365e+003,-4.899872e+001,-2.760887e+001, 1.146949e+002, 0.000000e+000, 0.000000e+000, 0.000000e+000, 0.000000e+000
 2.431500e-001,-2.882719e+003,-1.333108e+002, 2.993219e+003,-4.847373e+001,-2.590777e+001, 1.154943e+002, 0.000000e+000, 0.000000e+000, 0.000000e+000, 0.000000e+000
 2.432000e-001,-2.848317e+003,-1.972720e+002, 3.023036e+003,-4.793614e+001,-2.420430e+001, 1.162498e+002, 0.000000e+000, 0.000000e+000, 0.000000e+000, 0.000000e+000
 2.432500e-001,-2.812942e+003,-2.612119e+002, 3.051763e+003,-4.738683e+001,-2.249985e+001, 1.169603e+002, 0.000000e+000, 0.000000e+000, 0.000000e+000, 0.000000e+000
 2.433000e-001,-2.776525e+003,-3.250093e+002, 3.079422e+003,-4.682623e+001,-2.079506e+001, 1.176256e+002, 0.000000e+000, 0.000000e+000, 0.000000e+000, 0.000000e+000
 2.433500e-001,-2.739155e+003,-3.887296e+002, 3.105981e+003,-4.625524e+001,-1.909131e+001, 1.182447e+002, 0.000000e+000, 0.000000e+000, 0.000000e+000, 0.000000e+000
 2.434000e-001,-2.700775e+003,-4.522736e+002, 3.131442e+003,-4.567424e+001,-1.738916e+001, 1.188174e+002, 0.000000e+000, 0.000000e+000, 0.000000e+000, 0.000000e+000
 2.434500e-001,-2.661461e+003,-5.156844e+002, 3.155796e+003,-4.508410e+001,-1.568993e+001, 1.193429e+002, 0.000000e+000, 0.000000e+000, 0.000000e+000, 0.000000e+000
 2.435000e-001,-2.621174e+003,-5.788860e+002, 3.179022e+003,-4.448516e+001,-1.399413e+001, 1.198210e+002, 0.000000e+000, 0.000000e+000, 0.000000e+000, 0.000000e+000
 2.435500e-001,-2.579974e+003,-6.418978e+002, 3.201135e+003,-4.387829e+001,-1.230301e+001, 1.202509e+002, 0.000000e+000, 0.000000e+000, 0.000000e+000, 0.000000e+000
 2.436000e-001,-2.537838e+003,-7.046682e+002, 3.222093e+003,-4.326375e+001,-1.061699e+001, 1.206325e+002, 0.000000e+000, 0.000000e+000, 0.000000e+000, 0.000000e+000
 2.436500e-001,-2.494810e+003,-7.671923e+002, 3.241933e+003,-4.264238e+001,-8.937276e+000, 1.209650e+002, 0.000000e+000, 0.000000e+000, 0.000000e+000, 0.000000e+000
 2.437000e-001,-2.450886e+003,-8.294435e+002, 3.260594e+003,-4.201439e+001,-7.264201e+000, 1.212484e+002, 0.000000e+000, 0.000000e+000, 0.000000e+000, 0.000000e+000
 2.437500e-001,-2.406092e+003,-8.913921e+002, 3.278132e+003,-4.138058e+001,-5.598905e+000, 1.214821e+002, 0.000000e+000, 0.000000e+000, 0.000000e+000, 0.000000e+000
 2.438000e-001,-2.360444e+003,-9.530367e+002, 3.294468e+003,-4.074110e+001,-3.941645e+000, 1.216661e+002, 0.000000e+000, 0.000000e+000, 0.000000e+000, 0.000000e+000
 2.438500e-001,-2.313948e+003,-1.014323e+003, 3.309679e+003,-4.009670e+001,-2.293484e+000, 1.217998e+002, 0.000000e+000, 0.000000e+000, 0.000000e+000, 0.000000e+000
 2.439000e-001,-2.266641e+003,-1.075274e+003, 3.323666e+003,-3.944746e+001,-6.546089e-001, 1.218834e+002, 0.000000e+000, 0.000000e+000, 0.000000e+000, 0.000000e+000
 2.439500e-001,-2.218511e+003,-1.135811e+003, 3.336528e+003,-3.879408e+001, 9.739997e-001, 1.219162e+002, 0.000000e+000, 0.000000e+000, 0.000000e+000, 0.000000e+000
 2.440000e-001,-2.169613e+003,-1.195984e+003, 3.348145e+003,-3.813659e+001, 2.592222e+000, 1.218984e+002, 0.000000e+000, 0.000000e+000, 0.000000e+000, 0.000000e+000
 2.440500e-001,-2.119917e+003,-1.255688e+003, 3.358639e+003,-3.747561e+001, 4.199164e+000, 1.218297e+002, 0.000000e+000, 0.000000e+000, 0.000000e+000, 0.000000e+000
 2.441000e-001,-2.069500e+003,-1.314996e+003, 3.367871e+003,-3.681110e+001, 5.794766e+000, 1.217103e+002, 0.000000e+000, 0.000000e+000, 0.000000e+000, 0.000000e+000
 2.441500e-001,-2.018310e+003,-1.373783e+003, 3.375980e+003,-3.614365e+001, 7.378225e+000, 1.215399e+002, 0.000000e+000, 0.000000e+000, 0.000000e+000, 0.000000e+000
 2.442000e-001,-1.966445e+003,-1.432145e+003, 3.382812e+003,-3.547314e+001, 8.949531e+000, 1.213187e+002, 0.000000e+000, 0.000000e+000, 0.000000e+000, 0.000000e+000
 2.442500e-001,-1.913836e+003,-1.489932e+003, 3.388524e+003,-3.480007e+001, 1.050798e+001, 1.210466e+002, 0.000000e+000, 0.000000e+000, 0.000000e+000, 0.000000e+000
 2.443000e-001,-1.860598e+003,-1.547264e+003, 3.392948e+003,-3.412427e+001, 1.205360e+001, 1.207238e+002, 0.000000e+000, 0.000000e+000, 0.000000e+000, 0.000000e+000
 2.443500e-001,-1.806644e+003,-1.603971e+003, 3.396254e+003,-3.344618e+001, 1.358579e+001, 1.203504e+002, 0.000000e+000, 0.000000e+000, 0.000000e+000, 0.000000e+000
 2.444000e-001,-1.752111e+003,-1.660192e+003, 3.398261e+003,-3.276557e+001, 1.510460e+001, 1.199266e+002, 0.000000e+000, 0.000000e+000, 0.000000e+000, 0.000000e+000
 2.444500e-001,-1.696890e+003,-1.715740e+003, 3.399155e+003,-3.208279e+001, 1.660954e+001, 1.194525e+002, 0.000000e+000, 0.000000e+000, 0.000000e+000, 0.000000e+000
 2.445000e-001,-1.641139e+003,-1.770771e+003, 3.398744e+003,-3.139756e+001, 1.810070e+001, 1.189285e+002, 0.000000e+000, 0.000000e+000, 0.000000e+000, 0.000000e+000
 2.445500e-001,-1.584732e+003,-1.825082e+003, 3.397224e+003,-3.071018e+001, 1.957765e+001, 1.183548e+002, 0.000000e+000, 0.000000e+000, 0.000000e+000, 0.000000e+000
 2.446000e-001,-1.527843e+003,-1.878844e+003, 3.394394e+003,-3.002029e+001, 2.104051e+001, 1.177318e+002, 0.000000e+000, 0.000000e+000, 0.000000e+000, 0.000000e+000
 2.446500e-001,-1.470330e+003,-1.931842e+003, 3.390460e+003,-2.932813e+001, 2.248896e+001, 1.170598e+002, 0.000000e+000, 0.000000e+000, 0.000000e+000, 0.000000e+000
 2.447000e-001,-1.412385e+003,-1.984259e+003, 3.385215e+003,-2.863329e+001, 2.392312e+001, 1.163394e+002, 0.000000e+000, 0.000000e+000, 0.000000e+000, 0.000000e+000
 2.447500e-001,-1.353849e+003,-2.035870e+003, 3.378873e+003,-2.793596e+001, 2.534276e+001, 1.155708e+002, 0.000000e+000, 0.000000e+000, 0.000000e+000, 0.000000e+000
 2.448000e-001,-1.294932e+003,-2.086868e+003, 3.371221e+003,-2.723567e+001, 2.674799e+001, 1.147547e+002, 0.000000e+000, 0.000000e+000, 0.000000e+000, 0.000000e+000
 2.448500e-001,-1.235456e+003,-2.137019e+003, 3.362477e+003,-2.653254e+001, 2.813869e+001, 1.138915e+002, 0.000000e+000, 0.000000e+000, 0.000000e+000, 0.000000e+000
 2.449000e-001,-1.175651e+003,-2.186525e+003, 3.352428e+003,-2.582610e+001, 2.951494e+001, 1.129819e+002, 0.000000e+000, 0.000000e+000, 0.000000e+000, 0.000000e+000
 2.449500e-001,-1.115321e+003,-2.235147e+003, 3.341295e+003,-2.511639e+001, 3.087672e+001, 1.120264e+002, 0.000000e+000, 0.000000e+000, 0.000000e+000, 0.000000e+000
 2.450000e-001,-1.054714e+003,-2.283091e+003, 3.328864e+003,-2.440290e+001, 3.222409e+001, 1.110256e+002, 0.000000e+000, 0.000000e+000, 0.000000e+000, 0.000000e+000
 2.450500e-001,-9.936160e+002,-2.330115e+003, 3.315356e+003,-2.368566e+001, 3.355709e+001, 1.099802e+002, 0.000000e+000, 0.000000e+000, 0.000000e+000, 0.000000e+000
 2.451000e-001,-9.322925e+002,-2.376427e+003, 3.300560e+003,-2.296410e+001, 3.487578e+001, 1.088910e+002, 0.000000e+000, 0.000000e+000, 0.000000e+000, 0.000000e+000
 2.451500e-001,-8.705145e+002,-2.421787e+003, 3.284695e+003,-2.223822e+001, 3.618027e+001, 1.077587e+002, 0.000000e+000, 0.000000e+000, 0.000000e+000, 0.000000e+000
 2.452000e-001,-8.085628e+002,-2.466401e+003, 3.267555e+003,-2.150744e+001, 3.747057e+001, 1.065840e+002, 0.000000e+000, 0.000000e+000, 0.000000e+000, 0.000000e+000
 2.452500e-001,-7.461925e+002,-2.510034e+003, 3.249355e+003,-2.077174e+001, 3.874687e+001, 1.053678e+002, 0.000000e+000, 0.000000e+000, 0.000000e+000, 0.000000e+000
 2.453000e-001,-6.837010e+002,-2.552887e+003, 3.229896e+003,-2.003052e+001, 4.000914e+001, 1.041107e+002, 0.000000e+000, 0.000000e+000, 0.000000e+000, 0.000000e+000
 2.453500e-001,-6.208272e+002,-2.594731e+003, 3.209386e+003,-1.928374e+001, 4.125763e+001, 1.028139e+002, 0.000000e+000, 0.000000e+000, 0.000000e+000, 0.000000e+000
 2.454000e-001,-5.578849e+002,-2.635761e+003, 3.187635e+003,-1.853081e+001, 4.249227e+001, 1.014780e+002, 0.000000e+000, 0.000000e+000, 0.000000e+000, 0.000000e+000
 2.454500e-001,-4.945971e+002,-2.675758e+003, 3.164844e+003,-1.777167e+001, 4.371335e+001, 1.001040e+002, 0.000000e+000, 0.000000e+000, 0.000000e+000, 0.000000e+000
 2.455000e-001,-4.312936e+002,-2.714905e+003, 3.140833e+003,-1.700573e+001, 4.492076e+001, 9.869277e+001, 0.000000e+000, 0.000000e+000, 0.000000e+000, 0.000000e+000
 2.455500e-001,-3.676817e+002,-2.752998e+003, 3.115792e+003,-1.623294e+001, 4.611483e+001, 9.724538e+001, 0.000000e+000, 0.000000e+000, 0.000000e+000, 0.000000e+000
 2.456000e-001,-3.041068e+002,-2.790206e+003, 3.089553e+003,-1.545273e+001, 4.729541e+001, 9.576258e+001, 0.000000e+000, 0.000000e+000, 0.000000e+000, 0.000000e+000
 2.456500e-001,-2.402612e+002,-2.826342e+003, 3.062298e+003,-1.466506e+001, 4.846284e+001, 9.424557e+001, 0.000000e+000, 0.000000e+000, 0.000000e+000, 0.000000e+000
 2.457000e-001,-1.765050e+002,-2.861557e+003, 3.033870e+003,-1.386938e+001, 4.961694e+001, 9.269511e+001, 0.000000e+000, 0.000000e+000, 0.000000e+000, 0.000000e+000
 2.457500e-001,-1.125162e+002,-2.895684e+003, 3.004439e+003,-1.306567e+001, 5.075808e+001, 9.111244e+001, 0.000000e+000, 0.000000e+000, 0.000000e+000, 0.000000e+000
 2.458000e-001,-4.866883e+001,-2.928856e+003, 2.973863e+003,-1.225342e+001, 5.188599e+001, 8.949833e+001, 0.000000e+000, 0.000000e+000, 0.000000e+000, 0.000000e+000
 2.458500e-001, 1.537235e+001,-2.960925e+003, 2.942298e+003,-1.143261e+001, 5.300108e+001, 8.785403e+001, 0.000000e+000, 0.000000e+000, 0.000000e+000, 0.000000e+000
 2.459000e-001, 7.922079e+001,-2.992006e+003, 2.909616e+003,-1.060281e+001, 5.410304e+001, 8.618035e+001, 0.000000e+000, 0.000000e+000, 0.000000e+000, 0.000000e+000
 2.459500e-001, 1.432237e+002,-3.021972e+003, 2.875962e+003,-9.764004e+000, 5.519225e+001, 8.447854e+001, 0.000000e+000, 0.000000e+000, 0.000000e+000, 0.000000e+000
 2.460000e-001, 2.069832e+002,-3.050917e+003, 2.841221e+003,-8.915834e+000, 5.626837e+001, 8.274941e+001, 0.000000e+000, 0.000000e+000, 0.000000e+000, 0.000000e+000
 2.460500e-001, 2.708571e+002,-3.078736e+003, 2.805526e+003,-8.058307e+000, 5.733177e+001, 8.099422e+001, 0.000000e+000, 0.000000e+000, 0.000000e+000, 0.000000e+000
 2.461000e-001, 3.344381e+002,-3.105504e+003, 2.768777e+003,-7.191143e+000, 5.838206e+001, 7.921380e+001, 0.000000e+000, 0.000000e+000, 0.000000e+000, 0.000000e+000
 2.461500e-001, 3.980927e+002,-3.131136e+003, 2.731092e+003,-6.314368e+000, 5.941959e+001, 7.740939e+001, 0.000000e+000, 0.000000e+000, 0.000000e+000, 0.000000e+000
 2.462000e-001, 4.614058e+002,-3.155688e+003, 2.692385e+003,-5.427796e+000, 6.044393e+001, 7.558179e+001, 0.000000e+000, 0.000000e+000, 0.000000e+000, 0.000000e+000
 2.462500e-001, 5.247509e+002,-3.179097e+003, 2.652764e+003,-4.531476e+000, 6.145539e+001, 7.373227e+001, 0.000000e+000, 0.000000e+000, 0.000000e+000, 0.000000e+000
 2.463000e-001, 5.877075e+002,-3.201396e+003, 2.612157e+003,-3.625325e+000, 6.245351e+001, 7.186162e+001, 0.000000e+000, 0.000000e+000, 0.000000e+000, 0.000000e+000
 2.463500e-001, 6.506534e+002,-3.222547e+003, 2.570657e+003,-2.709410e+000, 6.343855e+001, 6.997104e+001, 0.000000e+000, 0.000000e+000, 0.000000e+000, 0.000000e+000
 2.464000e-001, 7.131655e+002,-3.242562e+003, 2.528206e+003,-1.783760e+000, 6.441001e+001, 6.806135e+001, 0.000000e+000, 0.000000e+000, 0.000000e+000, 0.000000e+000
 2.464500e-001, 7.756231e+002,-3.261425e+003, 2.484887e+003,-8.484639e-001, 6.536813e+001, 6.613370e+001, 0.000000e+000, 0.000000e+000, 0.000000e+000, 0.000000e+000
 2.465000e-001, 8.376033e+002,-3.279126e+003, 2.440653e+003, 9.633085e-002, 6.631235e+001, 6.418890e+001, 0.000000e+000, 0.000000e+000, 0.000000e+000, 0.000000e+000
 2.465500e-001, 8.994841e+002,-3.295673e+003, 2.395578e+003, 1.050518e+000, 6.724284e+001, 6.222806e+001, 0.000000e+000, 0.000000e+000, 0.000000e+000, 0.000000e+000
 2.466000e-001, 9.608459e+002,-3.311035e+003, 2.349625e+003, 2.013825e+000, 6.815907e+001, 6.025197e+001, 0.000000e+000, 0.000000e+000, 0.000000e+000, 0.000000e+000
 2.466500e-001, 1.022062e+003,-3.325240e+003, 2.302858e+003, 2.986129e+000, 6.906109e+001, 5.826168e+001, 0.000000e+000, 0.000000e+000, 0.000000e+000, 0.000000e+000
 2.467000e-001, 1.082720e+003,-3.338242e+003, 2.255250e+003, 3.967028e+000, 6.994834e+001, 5.625798e+001, 0.000000e+000, 0.000000e+000, 0.000000e+000, 0.000000e+000
 2.467500e-001, 1.143185e+003,-3.350084e+003, 2.206860e+003, 4.956387e+000, 7.082085e+001, 5.424184e+001, 0.000000e+000, 0.000000e+000, 0.000000e+000, 0.000000e+000
 2.468000e-001, 1.203055e+003,-3.360705e+003, 2.157666e+003, 5.953671e+000, 7.167801e+001, 5.221403e+001, 0.000000e+000, 0.000000e+000, 0.000000e+000, 0.000000e+000
 2.468500e-001, 1.262683e+003,-3.370167e+003, 2.107722e+003, 6.958737e+000, 7.251977e+001, 5.017548e+001, 0.000000e+000, 0.000000e+000, 0.000000e+000, 0.000000e+000
 2.469000e-001, 1.321682e+003,-3.378393e+003, 2.057012e+003, 7.970915e+000, 7.334552e+001, 4.812690e+001, 0.000000e+000, 0.000000e+000, 0.000000e+000, 0.000000e+000
 2.469500e-001, 1.380388e+003,-3.385459e+003, 2.005586e+003, 8.990056e+000, 7.415511e+001, 4.606918e+001, 0.000000e+000, 0.000000e+000, 0.000000e+000, 0.000000e+000
 2.470000e-001, 1.438432e+003,-3.391277e+003, 1.953433e+003, 1.001536e+001, 7.494793e+001, 4.400301e+001, 0.000000e+000, 0.000000e+000, 0.000000e+000, 0.000000e+000
 2.470500e-001, 1.496134e+003,-3.395937e+003, 1.900599e+003, 1.104667e+001, 7.572375e+001, 4.192917e+001, 0.000000e+000, 0.000000e+000, 0.000000e+000, 0.000000e+000
 2.471000e-001, 1.553144e+003,-3.399339e+003, 1.847078e+003, 1.208307e+001, 7.648197e+001, 3.984835e+001, 0.000000e+000, 0.000000e+000, 0.000000e+000, 0.000000e+000
 2.471500e-001, 1.609759e+003,-3.401583e+003, 1.792913e+003, 1.312439e+001, 7.722225e+001, 3.776126e+001, 0.000000e+000, 0.000000e+000, 0.000000e+000, 0.000000e+000
 2.472000e-001, 1.665655e+003,-3.402563e+003, 1.738099e+003, 1.416960e+001, 7.794399e+001, 3.566856e+001, 0.000000e+000, 0.000000e+000, 0.000000e+000, 0.000000e+000
 2.472500e-001, 1.721103e+003,-3.402388e+003, 1.682681e+003, 1.521852e+001, 7.864678e+001, 3.357088e+001, 0.000000e+000, 0.000000e+000, 0.000000e+000, 0.000000e+000
 2.473000e-001, 1.775807e+003,-3.400946e+003, 1.626654e+003, 1.627001e+001, 7.933001e+001, 3.146884e+001, 0.000000e+000, 0.000000e+000, 0.000000e+000, 0.000000e+000
 2.473500e-001, 1.830010e+003,-3.398350e+003, 1.570062e+003, 1.732391e+001, 7.999319e+001, 2.936303e+001, 0.000000e+000, 0.000000e+000, 0.000000e+000, 0.000000e+000
 2.474000e-001, 1.883446e+003,-3.394487e+003, 1.512902e+003, 1.837896e+001, 8.063571e+001, 2.725400e+001, 0.000000e+000, 0.000000e+000, 0.000000e+000, 0.000000e+000
 2.474500e-001, 1.936325e+003,-3.389473e+003, 1.455217e+003, 1.943500e+001, 8.125703e+001, 2.514232e+001, 0.000000e+000, 0.000000e+000, 0.000000e+000, 0.000000e+000
 2.475000e-001, 1.988418e+003,-3.383193e+003, 1.397006e+003, 2.049069e+001, 8.185652e+001, 2.302847e+001, 0.000000e+000, 0.000000e+000, 0.000000e+000, 0.000000e+000
 2.475500e-001, 2.039900e+003,-3.375767e+003, 1.338312e+003, 2.154587e+001, 8.243357e+001, 2.091297e+001, 0.000000e+000, 0.000000e+000, 0.000000e+000, 0.000000e+000
 2.476000e-001, 2.090577e+003,-3.367081e+003, 1.279133e+003, 2.259911e+001, 8.298759e+001, 1.879626e+001, 0.000000e+000, 0.000000e+000, 0.000000e+000, 0.000000e+000
 2.476500e-001, 2.140588e+003,-3.357251e+003, 1.219513e+003, 2.365027e+001, 8.351786e+001, 1.667883e+001, 0.000000e+000, 0.000000e+000, 0.000000e+000, 0.000000e+000
 2.477000e-001, 2.189778e+003,-3.346170e+003, 1.159452e+003, 2.469785e+001, 8.402383e+001, 1.456107e+001, 0.000000e+000, 0.000000e+000, 0.000000e+000, 0.000000e+000
 2.477500e-001, 2.238248e+003,-3.333951e+003, 1.098990e+003, 2.574171e+001, 8.450472e+001, 1.244342e+001, 0.000000e+000, 0.000000e+000, 0.000000e+000, 0.000000e+000
 2.478000e-001, 2.285882e+003,-3.320490e+003, 1.038133e+003, 2.678031e+001, 8.496000e+001, 1.032624e+001, 0.000000e+000, 0.000000e+000, 0.000000e+000, 0.000000e+000
 2.478500e-001, 2.332740e+003,-3.305897e+003, 9.769169e+002, 2.781349e+001, 8.538885e+001, 8.209938e+000, 0.000000e+000, 0.000000e+000, 0.000000e+000, 0.000000e+000
 2.479000e-001, 2.378751e+003,-3.290077e+003, 9.153504e+002, 2.883970e+001, 8.579073e+001, 6.094818e+000, 0.000000e+000, 0.000000e+000, 0.000000e+000, 0.000000e+000
 2.479500e-001, 2.423932e+003,-3.273130e+003, 8.534669e+002, 2.985877e+001, 8.616482e+001, 3.981293e+000, 0.000000e+000, 0.000000e+000, 0.000000e+000, 0.000000e+000
 2.480000e-001, 2.468254e+003,-3.254972e+003, 7.912794e+002, 3.086914e+001, 8.651057e+001, 1.869606e+000, 0.000000e+000, 0.000000e+000, 0.000000e+000, 0.000000e+000
 2.480500e-001, 2.511695e+003,-3.235695e+003, 7.288165e+002, 3.187064e+001, 8.682715e+001,-2.398276e-001, 0.000000e+000, 0.000000e+000, 0.000000e+000, 0.000000e+000
 2.481000e-001, 2.554266e+003,-3.215225e+003, 6.660970e+002, 3.286170e+001, 8.711405e+001,-2.346813e+000, 0.000000e+000, 0.000000e+000, 0.000000e+000, 0.000000e+000
 2.481500e-001, 2.595903e+003,-3.193645e+003, 6.031433e+002, 3.384216e+001, 8.737041e+001,-4.450932e+000, 0.000000e+000, 0.000000e+000, 0.000000e+000, 0.000000e+000
 2.482000e-001, 2.636662e+003,-3.170892e+003, 5.399818e+002, 3.481045e+001, 8.759574e+001,-6.552029e+000, 0.000000e+000, 0.000000e+000, 0.000000e+000, 0.000000e+000
 2.482500e-001, 2.676438e+003,-3.147039e+003, 4.766266e+002, 3.576641e+001, 8.778921e+001,-8.649673e+000, 0.000000e+000, 0.000000e+000, 0.000000e+000, 0.000000e+000
 2.483000e-001, 2.715327e+003,-3.122035e+003, 4.131132e+002, 3.670852e+001, 8.795034e+001,-1.074375e+001, 0.000000e+000, 0.000000e+000, 0.000000e+000, 0.000000e+000
 2.483500e-001, 2.753185e+003,-3.095944e+003, 3.494461e+002, 3.763660e+001, 8.807831e+001,-1.283380e+001, 0.000000e+000, 0.000000e+000, 0.000000e+000, 0.000000e+000
 2.484000e-001, 2.790148e+003,-3.068725e+003, 2.856716e+002, 3.854916e+001, 8.817269e+001,-1.491975e+001, 0.000000e+000, 0.000000e+000, 0.000000e+000, 0.000000e+000
 2.484500e-001, 2.826034e+003,-3.040432e+003, 2.217828e+002, 3.944605e+001, 8.823268e+001,-1.700112e+001, 0.000000e+000, 0.000000e+000, 0.000000e+000, 0.000000e+000
 2.485000e-001, 2.861019e+003,-3.011037e+003, 1.578382e+002, 4.032583e+001, 8.825790e+001,-1.907784e+001, 0.000000e+000, 0.000000e+000, 0.000000e+000, 0.000000e+000
 2.485500e-001, 2.894881e+003,-2.980583e+003, 9.381784e+001, 4.118833e+001, 8.824758e+001,-2.114941e+001, 0.000000e+000, 0.000000e+000, 0.000000e+000, 0.000000e+000
 2.486000e-001, 2.927837e+003,-2.949054e+003, 2.979414e+001, 4.203218e+001, 8.820139e+001,-2.321578e+001, 0.000000e+000, 0.000000e+000, 0.000000e+000, 0.000000e+000
 2.486500e-001, 2.959629e+003,-2.916482e+003,-3.426719e+001, 4.285722e+001, 8.811861e+001,-2.527642e+001, 0.000000e+000, 0.000000e+000, 0.000000e+000, 0.000000e+000
 2.487000e-001, 2.990508e+003,-2.882865e+003,-9.827890e+001, 4.366216e+001, 8.799894e+001,-2.733129e+001, 0.000000e+000, 0.000000e+000, 0.000000e+000, 0.000000e+000
 2.487500e-001, 3.020184e+003,-2.848222e+003,-1.622908e+002, 4.444682e+001, 8.784175e+001,-2.937980e+001, 0.000000e+000, 0.000000e+000, 0.000000e+000, 0.000000e+000
 2.488000e-001, 3.048941e+003,-2.812563e+003,-2.261996e+002, 4.521002e+001, 8.764680e+001,-3.142192e+001, 0.000000e+000, 0.000000e+000, 0.000000e+000, 0.000000e+000
 2.488500e-001, 3.076460e+003,-2.775900e+003,-2.900717e+002, 4.595159e+001, 8.741351e+001,-3.345705e+001, 0.000000e+000, 0.000000e+000, 0.000000e+000, 0.000000e+000
 2.489000e-001, 3.103053e+003,-2.738251e+003,-3.537871e+002, 4.667042e+001, 8.714171e+001,-3.548512e+001, 0.000000e+000, 0.000000e+000, 0.000000e+000, 0.000000e+000
 2.489500e-001, 3.128375e+003,-2.699620e+003,-4.174292e+002, 4.736636e+001, 8.683090e+001,-3.750548e+001, 0.000000e+000, 0.000000e+000, 0.000000e+000, 0.000000e+000
 2.490000e-001, 3.152766e+003,-2.660036e+003,-4.808610e+002, 4.803839e+001, 8.648099e+001,-3.951807e+001, 0.000000e+000, 0.000000e+000, 0.000000e+000, 0.000000e+000
 2.490500e-001, 3.175854e+003,-2.619493e+003,-5.441833e+002, 4.868638e+001, 8.609157e+001,-4.152220e+001, 0.000000e+000, 0.000000e+000, 0.000000e+000, 0.000000e+000
 2.491000e-001, 3.198007e+003,-2.578030e+003,-6.072419e+002, 4.930941e+001, 8.566260e+001,-4.351775e+001, 0.000000e+000, 0.000000e+000, 0.000000e+000, 0.000000e+000
 2.491500e-001, 3.218829e+003,-2.535633e+003,-6.701548e+002, 4.990737e+001, 8.519377e+001,-4.550404e+001, 0.000000e+000, 0.000000e+000, 0.000000e+000, 0.000000e+000
 2.492000e-001, 3.238711e+003,-2.492352e+003,-7.327514e+002, 5.047945e+001, 8.468513e+001,-4.748089e+001, 0.000000e+000, 0.000000e+000, 0.000000e+000, 0.000000e+000
 2.492500e-001, 3.257238e+003,-2.448162e+003,-7.951661e+002, 5.102555e+001, 8.413649e+001,-4.944758e+001, 0.000000e+000, 0.000000e+000, 0.000000e+000, 0.000000e+000
 2.493000e-001, 3.274819e+003,-2.403124e+003,-8.572125e+002, 5.154497e+001, 8.354796e+001,-5.140389e+001, 0.000000e+000, 0.000000e+000, 0.000000e+000, 0.000000e+000
 2.493500e-001, 3.291024e+003,-2.357207e+003,-9.190406e+002, 5.203762e+001, 8.291944e+001,-5.334908e+001, 0.000000e+000, 0.000000e+000, 0.000000e+000, 0.000000e+000
 2.494000e-001, 3.306279e+003,-2.310476e+003,-9.804498e+002, 5.250294e+001, 8.225114e+001,-5.528287e+001, 0.000000e+000, 0.000000e+000, 0.000000e+000, 0.000000e+000
 2.494500e-001, 3.320138e+003,-2.262897e+003,-1.041604e+003, 5.294086e+001, 8.154310e+001,-5.720449e+001, 0.000000e+000, 0.000000e+000, 0.000000e+000, 0.000000e+000
 2.495000e-001, 3.333043e+003,-2.214542e+003,-1.102290e+003, 5.335092e+001, 8.079557e+001,-5.911361e+001, 0.000000e+000, 0.000000e+000, 0.000000e+000, 0.000000e+000
 2.495500e-001, 3.344538e+003,-2.165370e+003,-1.162683e+003, 5.373307e+001, 8.000872e+001,-6.100945e+001, 0.000000e+000, 0.000000e+000, 0.000000e+000, 0.000000e+000
 2.496000e-001, 3.355073e+003,-2.115460e+003,-1.222560e+003, 5.408698e+001, 7.918291e+001,-6.289158e+001, 0.000000e+000, 0.000000e+000, 0.000000e+000, 0.000000e+000
 2.496500e-001, 3.364186e+003,-2.064767e+003,-1.282107e+003, 5.441263e+001, 7.831840e+001,-6.475924e+001, 0.000000e+000, 0.000000e+000, 0.000000e+000, 0.000000e+000
 2.497000e-001, 3.372336e+003,-2.013374e+003,-1.341093e+003, 5.470981e+001, 7.741564e+001,-6.661192e+001, 0.000000e+000, 0.000000e+000, 0.000000e+000, 0.000000e+000
 2.497500e-001, 3.379054e+003,-1.961232e+003,-1.399709e+003, 5.497851e+001, 7.647501e+001,-6.844885e+001, 0.000000e+000, 0.000000e+000, 0.000000e+000, 0.000000e+000
 2.498000e-001, 3.384805e+003,-1.908429e+003,-1.457720e+003, 5.521864e+001, 7.549703e+001,-7.026943e+001, 0.000000e+000, 0.000000e+000, 0.000000e+000, 0.000000e+000
 2.498500e-001, 3.389118e+003,-1.854914e+003,-1.515322e+003, 5.543024e+001, 7.448222e+001,-7.207294e+001, 0.000000e+000, 0.000000e+000, 0.000000e+000, 0.000000e+000
 2.499000e-001, 3.392461e+003,-1.800778e+003,-1.572277e+003, 5.561332e+001, 7.343117e+001,-7.385865e+001, 0.000000e+000, 0.000000e+000, 0.000000e+000, 0.000000e+000
 2.499500e-001, 3.394363e+003,-1.745967e+003,-1.628783e+003, 5.576795e+001, 7.234449e+001,-7.562586e+001, 0.000000e+000, 0.000000e+000, 0.000000e+000, 0.000000e+000
 2.500000e-001, 3.395293e+003,-1.690576e+003,-1.684603e+003, 5.589426e+001, 7.122289e+001,-7.737377e+001, 0.000000e+000, 0.000000e+000, 0.000000e+000, 0.000000e+000
 2.500500e-001, 3.394780e+003,-1.634548e+003,-1.739933e+003, 5.599235e+001, 7.006706e+001,-7.910170e+001, 0.000000e+000, 0.000000e+000, 0.000000e+000, 0.000000e+000
 2.501000e-001, 3.393293e+003,-1.577981e+003,-1.794540e+003, 5.606245e+001, 6.887778e+001,-8.080876e+001, 0.000000e+000, 0.000000e+000, 0.000000e+000, 0.000000e+000
 2.501500e-001, 3.390367e+003,-1.520817e+003,-1.848615e+003, 5.610469e+001, 6.765585e+001,-8.249429e+001, 0.000000e+000, 0.000000e+000, 0.000000e+000, 0.000000e+000
 2.502000e-001, 3.386464e+003,-1.463155e+003,-1.901933e+003, 5.611943e+001, 6.640213e+001,-8.415732e+001, 0.000000e+000, 0.000000e+000, 0.000000e+000, 0.000000e+000
 2.502500e-001, 3.381128e+003,-1.404937e+003,-1.954676e+003, 5.610681e+001, 6.511750e+001,-8.579722e+001, 0.000000e+000, 0.000000e+000, 0.000000e+000, 0.000000e+000
 2.503000e-001, 3.374815e+003,-1.346263e+003,-2.006630e+003, 5.606730e+001, 6.380288e+001,-8.741296e+001, 0.000000e+000, 0.000000e+000, 0.000000e+000, 0.000000e+000
 2.503500e-001, 3.367076e+003,-1.287075e+003,-2.057966e+003, 5.600106e+001, 6.245922e+001,-8.900391e+001, 0.000000e+000, 0.000000e+000, 0.000000e+000, 0.000000e+000
 2.504000e-001, 3.358359e+003,-1.227472e+003,-2.108484e+003, 5.590868e+001, 6.108753e+001,-9.056899e+001, 0.000000e+000, 0.000000e+000, 0.000000e+000, 0.000000e+000
 2.504500e-001, 3.348229e+003,-1.167399e+003,-2.158339e+003, 5.579032e+001, 5.968884e+001,-9.210761e+001, 0.000000e+000, 0.000000e+000, 0.000000e+000, 0.000000e+000
 2.505000e-001, 3.337119e+003,-1.106953e+003,-2.207351e+003, 5.564667e+001, 5.826416e+001,-9.361862e+001, 0.000000e+000, 0.000000e+000, 0.000000e+000, 0.000000e+000
 2.505500e-001, 3.324612e+003,-1.046081e+003,-2.255655e+003, 5.547792e+001, 5.681461e+001,-9.510148e+001, 0.000000e+000, 0.000000e+000, 0.000000e+000, 0.000000e+000
 2.506000e-001, 3.311125e+003,-9.848779e+002,-2.303091e+003, 5.528484e+001, 5.534126e+001,-9.655495e+001, 0.000000e+000, 0.000000e+000, 0.000000e+000, 0.000000e+000
 2.506500e-001, 3.296258e+003,-9.232939e+002,-2.349775e+003, 5.506765e+001, 5.384527e+001,-9.797856e+001, 0.000000e+000, 0.000000e+000, 0.000000e+000, 0.000000e+000
 2.507000e-001, 3.280412e+003,-8.614210e+002,-2.395569e+003, 5.482720e+001, 5.232772e+001,-9.937104e+001, 0.000000e+000, 0.000000e+000, 0.000000e+000, 0.000000e+000
 2.507500e-001, 3.263207e+003,-7.992129e+002,-2.440567e+003, 5.456370e+001, 5.078984e+001,-1.007319e+002, 0.000000e+000, 0.000000e+000, 0.000000e+000, 0.000000e+000
 2.508000e-001, 3.245023e+003,-7.367581e+002,-2.484654e+003, 5.427811e+001, 4.923272e+001,-1.020599e+002, 0.000000e+000, 0.000000e+000, 0.000000e+000, 0.000000e+000
 2.508500e-001, 3.225504e+003,-6.740147e+002,-2.527901e+003, 5.397063e+001, 4.765763e+001,-1.033546e+002, 0.000000e+000, 0.000000e+000, 0.000000e+000, 0.000000e+000
 2.509000e-001, 3.205008e+003,-6.110668e+002,-2.570220e+003, 5.364230e+001, 4.606566e+001,-1.046147e+002, 0.000000e+000, 0.000000e+000, 0.000000e+000, 0.000000e+000
 2.509500e-001, 3.183203e+003,-5.478775e+002,-2.611656e+003, 5.329329e+001, 4.445810e+001,-1.058398e+002, 0.000000e+000, 0.000000e+000, 0.000000e+000, 0.000000e+000
 2.510000e-001, 3.160422e+003,-4.845257e+002,-2.652145e+003, 5.292474e+001, 4.283605e+001,-1.070285e+002, 0.000000e+000, 0.000000e+000, 0.000000e+000, 0.000000e+000
 2.510500e-001, 3.136363e+003,-4.209804e+002,-2.691710e+003, 5.253680e+001, 4.120081e+001,-1.081806e+002, 0.000000e+000, 0.000000e+000, 0.000000e+000, 0.000000e+000
 2.511000e-001, 3.111329e+003,-3.573144e+002,-2.730314e+003, 5.213066e+001, 3.955346e+001,-1.092947e+002, 0.000000e+000, 0.000000e+000, 0.000000e+000, 0.000000e+000
 2.511500e-001, 3.085051e+003,-2.935032e+002,-2.767952e+003, 5.170646e+001, 3.789530e+001,-1.103705e+002, 0.000000e+000, 0.000000e+000, 0.000000e+000, 0.000000e+000
 2.512000e-001, 3.057799e+003,-2.296130e+002,-2.804615e+003, 5.126545e+001, 3.622739e+001,-1.114068e+002, 0.000000e+000, 0.000000e+000, 0.000000e+000, 0.000000e+000
 2.512500e-001, 3.029338e+003,-1.656265e+002,-2.840273e+003, 5.080774e+001, 3.455104e+001,-1.124031e+002, 0.000000e+000, 0.000000e+000, 0.000000e+000, 0.000000e+000
 2.513000e-001, 2.999907e+003,-1.016024e+002,-2.874942e+003, 5.033461e+001, 3.286726e+001,-1.133584e+002, 0.000000e+000, 0.000000e+000, 0.000000e+000, 0.000000e+000
 2.513500e-001, 2.969306e+003,-3.753119e+001,-2.908570e+003, 4.984616e+001, 3.117733e+001,-1.142723e+002, 0.000000e+000, 0.000000e+000, 0.000000e+000, 0.000000e+000
 2.514000e-001, 2.937737e+003, 2.653665e+001,-2.941196e+003, 4.934369e+001, 2.948224e+001,-1.151436e+002, 0.000000e+000, 0.000000e+000, 0.000000e+000, 0.000000e+000
 2.514500e-001, 2.905038e+003, 9.060195e+001,-2.972745e+003, 4.882726e+001, 2.778323e+001,-1.159721e+002, 0.000000e+000, 0.000000e+000, 0.000000e+000, 0.000000e+000
 2.515000e-001, 2.871376e+003, 1.546232e+002,-3.003281e+003, 4.829821e+001, 2.608124e+001,-1.167567e+002, 0.000000e+000, 0.000000e+000, 0.000000e+000, 0.000000e+000
 2.515500e-001, 2.836628e+003, 2.185921e+002,-3.032708e+003, 4.775655e+001, 2.437749e+001,-1.174971e+002, 0.000000e+000, 0.000000e+000, 0.000000e+000, 0.000000e+000
 2.516000e-001, 2.800921e+003, 2.824767e+002,-3.061110e+003, 4.720362e+001, 2.267283e+001,-1.181924e+002, 0.000000e+000, 0.000000e+000, 0.000000e+000, 0.000000e+000
 2.516500e-001, 2.764172e+003, 3.462590e+002,-3.088372e+003, 4.663940e+001, 2.096846e+001,-1.188422e+002, 0.000000e+000, 0.000000e+000, 0.000000e+000, 0.000000e+000
 2.517000e-001, 2.726471e+003, 4.099169e+002,-3.114599e+003, 4.606522e+001, 1.926517e+001,-1.194456e+002, 0.000000e+000, 0.000000e+000, 0.000000e+000, 0.000000e+000
 2.517500e-001, 2.687776e+003, 4.734229e+002,-3.139658e+003, 4.548103e+001, 1.756409e+001,-1.200025e+002, 0.000000e+000, 0.000000e+000, 0.000000e+000, 0.000000e+000
 2.518000e-001, 2.648135e+003, 5.367646e+002,-3.163671e+003, 4.488811e+001, 1.586596e+001,-1.205120e+002, 0.000000e+000, 0.000000e+000, 0.000000e+000, 0.000000e+000
 2.518500e-001, 2.607547e+003, 5.999048e+002,-3.186493e+003, 4.428640e+001, 1.417183e+001,-1.209739e+002, 0.000000e+000, 0.000000e+000, 0.000000e+000, 0.000000e+000
 2.519000e-001, 2.566023e+003, 6.628414e+002,-3.208257e+003, 4.367712e+001, 1.248238e+001,-1.213874e+002, 0.000000e+000, 0.000000e+000, 0.000000e+000, 0.000000e+000
 2.519500e-001, 2.523603e+003, 7.255270e+002,-3.228808e+003, 4.306018e+001, 1.079859e+001,-1.217525e+002, 0.000000e+000, 0.000000e+000, 0.000000e+000, 0.000000e+000
 2.520000e-001, 2.480256e+003, 7.879700e+002,-3.248292e+003, 4.243677e+001, 9.121076e+000,-1.220684e+002, 0.000000e+000, 0.000000e+000, 0.000000e+000, 0.000000e+000
 2.520500e-001, 2.436063e+003, 8.501129e+002,-3.266542e+003, 4.180673e+001, 7.450742e+000,-1.223351e+002, 0.000000e+000, 0.000000e+000, 0.000000e+000, 0.000000e+000
 2.521000e-001, 2.390956e+003, 9.119747e+002,-3.283717e+003, 4.117119e+001, 5.788128e+000,-1.225520e+002, 0.000000e+000, 0.000000e+000, 0.000000e+000, 0.000000e+000
 2.521500e-001, 2.345053e+003, 9.734877e+002,-3.299642e+003, 4.052997e+001, 4.134064e+000,-1.227190e+002, 0.000000e+000, 0.000000e+000, 0.000000e+000, 0.000000e+000
 2.522000e-001, 2.298251e+003, 1.034681e+003,-3.314482e+003, 3.988412e+001, 2.489018e+000,-1.228357e+002, 0.000000e+000, 0.000000e+000, 0.000000e+000, 0.000000e+000
 2.522500e-001, 2.250705e+003, 1.095478e+003,-3.328059e+003, 3.923343e+001, 8.537382e-001,-1.229020e+002, 0.000000e+000, 0.000000e+000, 0.000000e+000, 0.000000e+000
 2.523000e-001, 2.202276e+003, 1.155917e+003,-3.340541e+003, 3.857883e+001,-7.713724e-001,-1.229177e+002, 0.000000e+000, 0.000000e+000, 0.000000e+000, 0.000000e+000
 2.523500e-001, 2.153155e+003, 1.215913e+003,-3.351751e+003, 3.792012e+001,-2.385653e+000,-1.228827e+002, 0.000000e+000, 0.000000e+000, 0.000000e+000, 0.000000e+000
 2.524000e-001, 2.103169e+003, 1.275512e+003,-3.361857e+003, 3.725812e+001,-3.988763e+000,-1.227968e+002, 0.000000e+000, 0.000000e+000, 0.000000e+000, 0.000000e+000
 2.524500e-001, 2.052542e+003, 1.334622e+003,-3.370684e+003, 3.659260e+001,-5.580129e+000,-1.226601e+002, 0.000000e+000, 0.000000e+000, 0.000000e+000, 0.000000e+000
 2.525000e-001, 2.001073e+003, 1.393298e+003,-3.378398e+003, 3.592427e+001,-7.159470e+000,-1.224724e+002, 0.000000e+000, 0.000000e+000, 0.000000e+000, 0.000000e+000
 2.525500e-001, 1.949012e+003, 1.451440e+003,-3.384828e+003, 3.525290e+001,-8.726299e+000,-1.222339e+002, 0.000000e+000, 0.000000e+000, 0.000000e+000, 0.000000e+000
 2.526000e-001, 1.896135e+003, 1.509110e+003,-3.390139e+003, 3.457905e+001,-1.028039e+001,-1.219446e+002, 0.000000e+000, 0.000000e+000, 0.000000e+000, 0.000000e+000
 2.526500e-001, 1.842715e+003, 1.566202e+003,-3.394163e+003, 3.390250e+001,-1.182134e+001,-1.216045e+002, 0.000000e+000, 0.000000e+000, 0.000000e+000, 0.000000e+000
 2.527000e-001, 1.788506e+003, 1.622785e+003,-3.397062e+003, 3.322370e+001,-1.334898e+001,-1.212140e+002, 0.000000e+000, 0.000000e+000, 0.000000e+000, 0.000000e+000
 2.527500e-001, 1.733802e+003, 1.678747e+003,-3.398674e+003, 3.254240e+001,-1.486298e+001,-1.207730e+002, 0.000000e+000, 0.000000e+000, 0.000000e+000, 0.000000e+000
 2.528000e-001, 1.678340e+003, 1.734163e+003,-3.399156e+003, 3.185892e+001,-1.636322e+001,-1.202819e+002, 0.000000e+000, 0.000000e+000, 0.000000e+000, 0.000000e+000
 2.528500e-001, 1.622431e+003, 1.788917e+003,-3.398353e+003, 3.117303e+001,-1.784946e+001,-1.197409e+002, 0.000000e+000, 0.000000e+000, 0.000000e+000, 0.000000e+000
 2.529000e-001, 1.565798e+003, 1.843087e+003,-3.396417e+003, 3.048491e+001,-1.932159e+001,-1.191504e+002, 0.000000e+000, 0.000000e+000, 0.000000e+000, 0.000000e+000
 2.529500e-001, 1.508762e+003, 1.896556e+003,-3.393200e+003, 2.979434e+001,-2.077948e+001,-1.185107e+002, 0.000000e+000, 0.000000e+000, 0.000000e+000, 0.000000e+000
 2.530000e-001, 1.451039e+003, 1.949403e+003,-3.388847e+003, 2.910137e+001,-2.222304e+001,-1.178222e+002, 0.000000e+000, 0.000000e+000, 0.000000e+000, 0.000000e+000
 2.530500e-001, 1.392959e+003, 2.001512e+003,-3.383219e+003, 2.840580e+001,-2.365219e+001,-1.170852e+002, 0.000000e+000, 0.000000e+000, 0.000000e+000, 0.000000e+000
 2.531000e-001, 1.334230e+003, 2.052963e+003,-3.376456e+003, 2.770755e+001,-2.506689e+001,-1.163004e+002, 0.000000e+000, 0.000000e+000, 0.000000e+000, 0.000000e+000
 2.531500e-001, 1.275187e+003, 2.103638e+003,-3.368425e+003, 2.700644e+001,-2.646712e+001,-1.154682e+002, 0.000000e+000, 0.000000e+000, 0.000000e+000, 0.000000e+000
 2.532000e-001, 1.215537e+003, 2.153619e+003,-3.359260e+003, 2.630226e+001,-2.785286e+001,-1.145891e+002, 0.000000e+000, 0.000000e+000, 0.000000e+000, 0.000000e+000
 2.532500e-001, 1.155615e+003, 2.202790e+003,-3.348836e+003, 2.559486e+001,-2.922415e+001,-1.136637e+002, 0.000000e+000, 0.000000e+000, 0.000000e+000, 0.000000e+000
 2.533000e-001, 1.095132e+003, 2.251229e+003,-3.337282e+003, 2.488393e+001,-3.058097e+001,-1.126926e+002, 0.000000e+000, 0.000000e+000, 0.000000e+000, 0.000000e+000
 2.533500e-001, 1.034416e+003, 2.298826e+003,-3.324480e+003, 2.416933e+001,-3.192343e+001,-1.116765e+002, 0.000000e+000, 0.000000e+000, 0.000000e+000, 0.000000e+000
 2.534000e-001, 9.731847e+002, 2.345656e+003,-3.310553e+003, 2.345067e+001,-3.325150e+001,-1.106161e+002, 0.000000e+000, 0.000000e+000, 0.000000e+000, 0.000000e+000
 2.534500e-001, 9.117611e+002, 2.391612e+003,-3.295390e+003, 2.272783e+001,-3.456535e+001,-1.095120e+002, 0.000000e+000, 0.000000e+000, 0.000000e+000, 0.000000e+000
 2.535000e-001, 8.498710e+002, 2.436766e+003,-3.279109e+003, 2.200033e+001,-3.586495e+001,-1.083651e+002, 0.000000e+000, 0.000000e+000, 0.000000e+000, 0.000000e+000
 2.535500e-001, 7.878269e+002, 2.481016e+003,-3.261606e+003, 2.126807e+001,-3.715049e+001,-1.071760e+002, 0.000000e+000, 0.000000e+000, 0.000000e+000, 0.000000e+000
 2.536000e-001, 7.253665e+002, 2.524428e+003,-3.242995e+003, 2.053052e+001,-3.842195e+001,-1.059458e+002, 0.000000e+000, 0.000000e+000, 0.000000e+000, 0.000000e+000
 2.536500e-001, 6.627899e+002, 2.566910e+003,-3.223176e+003, 1.978761e+001,-3.967955e+001,-1.046750e+002, 0.000000e+000, 0.000000e+000, 0.000000e+000, 0.000000e+000
 2.537000e-001, 5.998486e+002, 2.608520e+003,-3.202260e+003, 1.903876e+001,-4.092326e+001,-1.033646e+002, 0.000000e+000, 0.000000e+000, 0.000000e+000, 0.000000e+000
 2.537500e-001, 5.368283e+002, 2.649172e+003,-3.180153e+003, 1.828391e+001,-4.215332e+001,-1.020155e+002, 0.000000e+000, 0.000000e+000, 0.000000e+000, 0.000000e+000
 2.538000e-001, 4.734958e+002, 2.688921e+003,-3.156962e+003, 1.752248e+001,-4.336969e+001,-1.006286e+002, 0.000000e+000, 0.000000e+000, 0.000000e+000, 0.000000e+000
 2.538500e-001, 4.101213e+002, 2.727686e+003,-3.132598e+003, 1.675441e+001,-4.457261e+001,-9.920487e+001, 0.000000e+000, 0.000000e+000, 0.000000e+000, 0.000000e+000
 2.539000e-001, 3.464878e+002, 2.765516e+003,-3.107166e+003, 1.597910e+001,-4.576202e+001,-9.774517e+001, 0.000000e+000, 0.000000e+000, 0.000000e+000, 0.000000e+000
 2.539500e-001, 2.828488e+002, 2.802340e+003,-3.080579e+003, 1.519655e+001,-4.693819e+001,-9.625050e+001, 0.000000e+000, 0.000000e+000, 0.000000e+000, 0.000000e+000
 2.540000e-001, 2.190047e+002, 2.838197e+003,-3.052940e+003, 1.440616e+001,-4.810103e+001,-9.472183e+001, 0.000000e+000, 0.000000e+000, 0.000000e+000, 0.000000e+000
 2.540500e-001, 1.551915e+002, 2.873026e+003,-3.024168e+003, 1.360794e+001,-4.925079e+001,-9.316016e+001, 0.000000e+000, 0.000000e+000, 0.000000e+000, 0.000000e+000
 2.541000e-001, 9.122709e+001, 2.906859e+003,-2.994364e+003, 1.280132e+001,-5.038737e+001,-9.156651e+001, 0.000000e+000, 0.000000e+000, 0.000000e+000, 0.000000e+000
 2.541500e-001, 2.733022e+001, 2.939644e+003,-2.963446e+003, 1.198633e+001,-5.151101e+001,-8.994187e+001, 0.000000e+000, 0.000000e+000, 0.000000e+000, 0.000000e+000
 2.542000e-001,-3.666414e+001, 2.971404e+003,-2.931518e+003, 1.116246e+001,-5.262159e+001,-8.828728e+001, 0.000000e+000, 0.000000e+000, 0.000000e+000, 0.000000e+000
 2.542500e-001,-1.005542e+002, 3.002097e+003,-2.898499e+003, 1.032975e+001,-5.371931e+001,-8.660377e+001, 0.000000e+000, 0.000000e+000, 0.000000e+000, 0.000000e+000
 2.543000e-001,-1.644883e+002, 3.031739e+003,-2.864494e+003, 9.487753e+000,-5.480404e+001,-8.489235e+001, 0.000000e+000, 0.000000e+000, 0.000000e+000, 0.000000e+000
 2.543500e-001,-2.282810e+002, 3.060297e+003,-2.829421e+003, 8.636545e+000,-5.587593e+001,-8.315409e+001, 0.000000e+000, 0.000000e+000, 0.000000e+000, 0.000000e+000
 2.544000e-001,-2.920648e+002, 3.087778e+003,-2.793386e+003, 7.775723e+000,-5.693485e+001,-8.139001e+001, 0.000000e+000, 0.000000e+000, 0.000000e+000, 0.000000e+000
 2.544500e-001,-3.556700e+002, 3.114159e+003,-2.756309e+003, 6.905416e+000,-5.798092e+001,-7.960115e+001, 0.000000e+000, 0.000000e+000, 0.000000e+000, 0.000000e+000
 2.545000e-001,-4.192138e+002, 3.139439e+003,-2.718297e+003, 6.025286e+000,-5.901395e+001,-7.778854e+001, 0.000000e+000, 0.000000e+000, 0.000000e+000, 0.000000e+000
 2.545500e-001,-4.825414e+002, 3.163605e+003,-2.679269e+003, 5.135506e+000,-6.003403e+001,-7.595321e+001, 0.000000e+000, 0.000000e+000, 0.000000e+000, 0.000000e+000
 2.546000e-001,-5.457562e+002, 3.186649e+003,-2.639334e+003, 4.235813e+000,-6.104095e+001,-7.409618e+001, 0.000000e+000, 0.000000e+000, 0.000000e+000, 0.000000e+000
 2.546500e-001,-6.087168e+002, 3.208564e+003,-2.598410e+003, 3.326425e+000,-6.203475e+001,-7.221848e+001, 0.000000e+000, 0.000000e+000, 0.000000e+000, 0.000000e+000
 2.547000e-001,-6.715138e+002, 3.229338e+003,-2.556610e+003, 2.407165e+000,-6.301519e+001,-7.032108e+001, 0.000000e+000, 0.000000e+000, 0.000000e+000, 0.000000e+000
 2.547500e-001,-7.340184e+002, 3.248971e+003,-2.513849e+003, 1.478296e+000,-6.398225e+001,-6.840501e+001, 0.000000e+000, 0.000000e+000, 0.000000e+000, 0.000000e+000
 2.548000e-001,-7.963095e+002, 3.267445e+003,-2.470242e+003, 5.397277e-001,-6.493568e+001,-6.647121e+001, 0.000000e+000, 0.000000e+000, 0.000000e+000, 0.000000e+000
 2.548500e-001,-8.582700e+002, 3.284766e+003,-2.425706e+003,-4.082220e-001,-6.587537e+001,-6.452069e+001, 0.000000e+000, 0.000000e+000, 0.000000e+000, 0.000000e+000
 2.549000e-001,-9.199680e+002, 3.300913e+003,-2.380357e+003,-1.365561e+000,-6.680107e+001,-6.255436e+001, 0.000000e+000, 0.000000e+000, 0.000000e+000, 0.000000e+000
 2.549500e-001,-9.812971e+002, 3.315897e+003,-2.334109e+003,-2.331910e+000,-6.771260e+001,-6.057317e+001, 0.000000e+000, 0.000000e+000, 0.000000e+000, 0.000000e+000
 2.550000e-001,-1.042315e+003, 3.329694e+003,-2.287082e+003,-3.307197e+000,-6.860967e+001,-5.857803e+001, 0.000000e+000, 0.000000e+000, 0.000000e+000, 0.000000e+000
 2.550500e-001,-1.102927e+003, 3.342318e+003,-2.239190e+003,-4.290978e+000,-6.949206e+001,-5.656982e+001, 0.000000e+000, 0.000000e+000, 0.000000e+000, 0.000000e+000
 2.551000e-001,-1.163180e+003, 3.353744e+003,-2.190551e+003,-5.283101e+000,-7.035944e+001,-5.454944e+001, 0.000000e+000, 0.000000e+000, 0.000000e+000, 0.000000e+000
 2.551500e-001,-1.222988e+003, 3.363990e+003,-2.141083e+003,-6.283058e+000,-7.121151e+001,-5.251771e+001, 0.000000e+000, 0.000000e+000, 0.000000e+000, 0.000000e+000
 2.552000e-001,-1.282391e+003, 3.373029e+003,-2.090904e+003,-7.290623e+000,-7.204792e+001,-5.047549e+001, 0.000000e+000, 0.000000e+000, 0.000000e+000, 0.000000e+000
 2.552500e-001,-1.341312e+003, 3.380881e+003,-2.039931e+003,-8.305216e+000,-7.286833e+001,-4.842355e+001, 0.000000e+000, 0.000000e+000, 0.000000e+000, 0.000000e+000
 2.553000e-001,-1.399782e+003, 3.387519e+003,-1.988282e+003,-9.326545e+000,-7.367234e+001,-4.636270e+001, 0.000000e+000, 0.000000e+000, 0.000000e+000, 0.000000e+000
 2.553500e-001,-1.457733e+003, 3.392964e+003,-1.935879e+003,-1.035396e+001,-7.445953e+001,-4.429367e+001, 0.000000e+000, 0.000000e+000, 0.000000e+000, 0.000000e+000
 2.554000e-001,-1.515187e+003, 3.397191e+003,-1.882835e+003,-1.138711e+001,-7.522952e+001,-4.221723e+001, 0.000000e+000, 0.000000e+000, 0.000000e+000, 0.000000e+000
 2.554500e-001,-1.572088e+003, 3.400220e+003,-1.829076e+003,-1.242526e+001,-7.598178e+001,-4.013404e+001, 0.000000e+000, 0.000000e+000, 0.000000e+000, 0.000000e+000
 2.555000e-001,-1.628445e+003, 3.402030e+003,-1.774713e+003,-1.346802e+001,-7.671591e+001,-3.804483e+001, 0.000000e+000, 0.000000e+000, 0.000000e+000, 0.000000e+000
 2.555500e-001,-1.684214e+003, 3.402639e+003,-1.719676e+003,-1.451459e+001,-7.743136e+001,-3.595020e+001, 0.000000e+000, 0.000000e+000, 0.000000e+000, 0.000000e+000
 2.556000e-001,-1.739396e+003, 3.402028e+003,-1.664072e+003,-1.556452e+001,-7.812766e+001,-3.385085e+001, 0.000000e+000, 0.000000e+000, 0.000000e+000, 0.000000e+000
 2.556500e-001,-1.793956e+003, 3.400214e+003,-1.607835e+003,-1.661695e+001,-7.880423e+001,-3.174730e+001, 0.000000e+000, 0.000000e+000, 0.000000e+000, 0.000000e+000
 2.557000e-001,-1.847883e+003, 3.397183e+003,-1.551070e+003,-1.767139e+001,-7.946057e+001,-2.964022e+001, 0.000000e+000, 0.000000e+000, 0.000000e+000, 0.000000e+000
 2.557500e-001,-1.901158e+003, 3.392948e+003,-1.493715e+003,-1.872690e+001,-8.009604e+001,-2.753008e+001, 0.000000e+000, 0.000000e+000, 0.000000e+000, 0.000000e+000
 2.558000e-001,-1.953755e+003, 3.387500e+003,-1.435869e+003,-1.978299e+001,-8.071013e+001,-2.541750e+001, 0.000000e+000, 0.000000e+000, 0.000000e+000, 0.000000e+000
 2.558500e-001,-2.005669e+003, 3.380849e+003,-1.377479e+003,-2.083864e+001,-8.130215e+001,-2.330289e+001, 0.000000e+000, 0.000000e+000, 0.000000e+000, 0.000000e+000
 2.559000e-001,-2.056861e+003, 3.372992e+003,-1.318635e+003,-2.189334e+001,-8.187157e+001,-2.118685e+001, 0.000000e+000, 0.000000e+000, 0.000000e+000, 0.000000e+000
 2.559500e-001,-2.107343e+003, 3.363934e+003,-1.259294e+003,-2.294602e+001,-8.241766e+001,-1.906971e+001, 0.000000e+000, 0.000000e+000, 0.000000e+000, 0.000000e+000
 2.560000e-001,-2.157057e+003, 3.353678e+003,-1.199536e+003,-2.399616e+001,-8.293989e+001,-1.695205e+001, 0.000000e+000, 0.000000e+000, 0.000000e+000, 0.000000e+000
 2.560500e-001,-2.206034e+003, 3.342225e+003,-1.139328e+003,-2.504263e+001,-8.343748e+001,-1.483415e+001, 0.000000e+000, 0.000000e+000, 0.000000e+000, 0.000000e+000
 2.561000e-001,-2.254201e+003, 3.329585e+003,-1.078742e+003,-2.608491e+001,-8.390989e+001,-1.271656e+001, 0.000000e+000, 0.000000e+000, 0.000000e+000, 0.000000e+000
 2.561500e-001,-2.301605e+003, 3.315751e+003,-1.017754e+003,-2.712183e+001,-8.435633e+001,-1.059951e+001, 0.000000e+000, 0.000000e+000, 0.000000e+000, 0.000000e+000
 2.562000e-001,-2.348155e+003, 3.300745e+003,-9.564261e+002,-2.815286e+001,-8.477624e+001,-8.483533e+000, 0.000000e+000, 0.000000e+000, 0.000000e+000, 0.000000e+000
 2.562500e-001,-2.393919e+003, 3.284551e+003,-8.947451e+002,-2.917681e+001,-8.516882e+001,-6.368797e+000, 0.000000e+000, 0.000000e+000, 0.000000e+000, 0.000000e+000
 2.563000e-001,-2.438787e+003, 3.267198e+003,-8.327627e+002,-3.019316e+001,-8.553350e+001,-4.255836e+000, 0.000000e+000, 0.000000e+000, 0.000000e+000, 0.000000e+000
 2.563500e-001,-2.482847e+003, 3.248666e+003,-7.704773e+002,-3.120070e+001,-8.586948e+001,-2.144768e+000, 0.000000e+000, 0.000000e+000, 0.000000e+000, 0.000000e+000
 2.564000e-001,-2.525969e+003, 3.228993e+003,-7.079285e+002,-3.219889e+001,-8.617621e+001,-3.612009e-002, 0.000000e+000, 0.000000e+000, 0.000000e+000, 0.000000e+000
 2.564500e-001,-2.568262e+003, 3.208148e+003,-6.451277e+002,-3.318653e+001,-8.645287e+001, 2.070029e+000, 0.000000e+000, 0.000000e+000, 0.000000e+000, 0.000000e+000
 2.565000e-001,-2.609576e+003, 3.186181e+003,-5.821015e+002,-3.416309e+001,-8.669892e+001, 4.173154e+000, 0.000000e+000, 0.000000e+000, 0.000000e+000, 0.000000e+000
 2.565500e-001,-2.650042e+003, 3.163054e+003,-5.188751e+002,-3.512739e+001,-8.691356e+001, 6.273207e+000, 0.000000e+000, 0.000000e+000, 0.000000e+000, 0.000000e+000
 2.566000e-001,-2.689490e+003, 3.138825e+003,-4.554608e+002,-3.607890e+001,-8.709626e+001, 8.369660e+000, 0.000000e+000, 0.000000e+000, 0.000000e+000, 0.000000e+000
 2.566500e-001,-2.728071e+003, 3.113448e+003,-3.918989e+002,-3.701643e+001,-8.724626e+001, 1.046249e+001, 0.000000e+000, 0.000000e+000, 0.000000e+000, 0.000000e+000
 2.567000e-001,-2.765597e+003, 3.086991e+003,-3.281867e+002,-3.793950e+001,-8.736304e+001, 1.255116e+001, 0.000000e+000, 0.000000e+000, 0.000000e+000, 0.000000e+000
 2.567500e-001,-2.802238e+003, 3.059401e+003,-2.643799e+002,-3.884694e+001,-8.744587e+001, 1.463567e+001, 0.000000e+000, 0.000000e+000, 0.000000e+000, 0.000000e+000
 2.568000e-001,-2.837789e+003, 3.030753e+003,-2.004600e+002,-3.973827e+001,-8.749426e+001, 1.671546e+001, 0.000000e+000, 0.000000e+000, 0.000000e+000, 0.000000e+000
 2.568500e-001,-2.872438e+003, 3.000989e+003,-1.364990e+002,-4.061240e+001,-8.750754e+001, 1.879054e+001, 0.000000e+000, 0.000000e+000, 0.000000e+000, 0.000000e+000
 2.569000e-001,-2.905962e+003, 2.970191e+003,-7.246209e+001,-4.146881e+001,-8.748524e+001, 2.086035e+001, 0.000000e+000, 0.000000e+000, 0.000000e+000, 0.000000e+000
 2.569500e-001,-2.938569e+003, 2.938296e+003,-8.437779e+000,-4.230649e+001,-8.742673e+001, 2.292489e+001, 0.000000e+000, 0.000000e+000, 0.000000e+000, 0.000000e+000
 2.570000e-001,-2.970020e+003, 2.905393e+003, 5.562559e+001,-4.312494e+001,-8.733162e+001, 2.498356e+001, 0.000000e+000, 0.000000e+000, 0.000000e+000, 0.000000e+000
 2.570500e-001,-3.000537e+003, 2.871412e+003, 1.196223e+002,-4.392323e+001,-8.719933e+001, 2.703638e+001, 0.000000e+000, 0.000000e+000, 0.000000e+000, 0.000000e+000
 2.571000e-001,-3.029870e+003, 2.836450e+003, 1.836215e+002,-4.470084e+001,-8.702950e+001, 2.908272e+001, 0.000000e+000, 0.000000e+000, 0.000000e+000, 0.000000e+000
 2.571500e-001,-3.058253e+003, 2.800433e+003, 2.475000e+002,-4.545694e+001,-8.682163e+001, 3.112257e+001, 0.000000e+000, 0.000000e+000, 0.000000e+000, 0.000000e+000
 2.572000e-001,-3.085427e+003, 2.763463e+003, 3.113445e+002,-4.619101e+001,-8.657544e+001, 3.315530e+001, 0.000000e+000, 0.000000e+000, 0.000000e+000, 0.000000e+000
 2.572500e-001,-3.111635e+003, 2.725461e+003, 3.750143e+002,-4.690231e+001,-8.629050e+001, 3.518086e+001, 0.000000e+000, 0.000000e+000, 0.000000e+000, 0.000000e+000
 2.573000e-001,-3.136611e+003, 2.686536e+003, 4.386140e+002,-4.759034e+001,-8.596658e+001, 3.719860e+001, 0.000000e+000, 0.000000e+000, 0.000000e+000, 0.000000e+000
 2.573500e-001,-3.160604e+003, 2.646604e+003, 5.019852e+002,-4.825447e+001,-8.560334e+001, 3.920842e+001, 0.000000e+000, 0.000000e+000, 0.000000e+000, 0.000000e+000
 2.574000e-001,-3.183347e+003, 2.605780e+003, 5.652501e+002,-4.889419e+001,-8.520063e+001, 4.120966e+001, 0.000000e+000, 0.000000e+000, 0.000000e+000, 0.000000e+000
 2.574500e-001,-3.205090e+003, 2.563976e+003, 6.282332e+002,-4.950898e+001,-8.475822e+001, 4.320218e+001, 0.000000e+000, 0.000000e+000, 0.000000e+000, 0.000000e+000
 2.575000e-001,-3.225568e+003, 2.521311e+003, 6.910740e+002,-5.009834e+001,-8.427601e+001, 4.518529e+001, 0.000000e+000, 0.000000e+000, 0.000000e+000, 0.000000e+000
 2.575500e-001,-3.245030e+003, 2.477696e+003, 7.535801e+002,-5.066187e+001,-8.375388e+001, 4.715881e+001, 0.000000e+000, 0.000000e+000, 0.000000e+000, 0.000000e+000
 2.576000e-001,-3.263213e+003, 2.433252e+003, 8.159081e+002,-5.119908e+001,-8.319180e+001, 4.912202e+001, 0.000000e+000, 0.000000e+000, 0.000000e+000, 0.000000e+000
 2.576500e-001,-3.280363e+003, 2.387889e+003, 8.778492e+002,-5.170970e+001,-8.258977e+001, 5.107469e+001, 0.000000e+000, 0.000000e+000, 0.000000e+000, 0.000000e+000
 2.577000e-001,-3.296227e+003, 2.341729e+003, 9.395763e+002,-5.219323e+001,-8.194784e+001, 5.301606e+001, 0.000000e+000, 0.000000e+000, 0.000000e+000, 0.000000e+000
 2.577500e-001,-3.311040e+003, 2.294683e+003, 1.000865e+003,-5.264954e+001,-8.126612e+001, 5.494586e+001, 0.000000e+000, 0.000000e+000, 0.000000e+000, 0.000000e+000
 2.578000e-001,-3.324562e+003, 2.246874e+003, 1.061904e+003,-5.307813e+001,-8.054475e+001, 5.686331e+001, 0.000000e+000, 0.000000e+000, 0.000000e+000, 0.000000e+000
 2.578500e-001,-3.337015e+003, 2.198214e+003, 1.122455e+003,-5.347901e+001,-7.978394e+001, 5.876807e+001, 0.000000e+000, 0.000000e+000, 0.000000e+000, 0.000000e+000
 2.579000e-001,-3.348175e+003, 2.148825e+003, 1.182720e+003,-5.385170e+001,-7.898392e+001, 6.065934e+001, 0.000000e+000, 0.000000e+000, 0.000000e+000, 0.000000e+000
 2.579500e-001,-3.358249e+003, 2.098621e+003, 1.242448e+003,-5.419632e+001,-7.814503e+001, 6.253672e+001, 0.000000e+000, 0.000000e+000, 0.000000e+000, 0.000000e+000
 2.580000e-001,-3.367031e+003, 2.047723e+003, 1.301852e+003,-5.451240e+001,-7.726759e+001, 6.439941e+001, 0.000000e+000, 0.000000e+000, 0.000000e+000, 0.000000e+000
 2.580500e-001,-3.374711e+003, 1.996048e+003, 1.360673e+003,-5.480021e+001,-7.635202e+001, 6.624691e+001, 0.000000e+000, 0.000000e+000, 0.000000e+000, 0.000000e+000
 2.581000e-001,-3.381103e+003, 1.943714e+003, 1.419134e+003,-5.505931e+001,-7.539874e+001, 6.807843e+001, 0.000000e+000, 0.000000e+000, 0.000000e+000, 0.000000e+000
 2.581500e-001,-3.386375e+003, 1.890641e+003, 1.476966e+003,-5.529005e+001,-7.440830e+001, 6.989340e+001, 0.000000e+000, 0.000000e+000, 0.000000e+000, 0.000000e+000
 2.582000e-001,-3.390369e+003, 1.836947e+003, 1.534400e+003,-5.549205e+001,-7.338120e+001, 7.169102e+001, 0.000000e+000, 0.000000e+000, 0.000000e+000, 0.000000e+000
 2.582500e-001,-3.393225e+003, 1.782555e+003, 1.591162e+003,-5.566577e+001,-7.231809e+001, 7.347066e+001, 0.000000e+000, 0.000000e+000, 0.000000e+000, 0.000000e+000
 2.583000e-001,-3.394813e+003, 1.727577e+003, 1.647488e+003,-5.581086e+001,-7.121956e+001, 7.523150e+001, 0.000000e+000, 0.000000e+000, 0.000000e+000, 0.000000e+000
 2.583500e-001,-3.395249e+003, 1.671943e+003, 1.703100e+003,-5.592787e+001,-7.008637e+001, 7.697284e+001, 0.000000e+000, 0.000000e+000, 0.000000e+000, 0.000000e+000
 2.584000e-001,-3.394427e+003, 1.615761e+003, 1.758238e+003,-5.601651e+001,-6.891917e+001, 7.869389e+001, 0.000000e+000, 0.000000e+000, 0.000000e+000, 0.000000e+000
 2.584500e-001,-3.392441e+003, 1.558966e+003, 1.812623e+003,-5.607744e+001,-6.771884e+001, 8.039387e+001, 0.000000e+000, 0.000000e+000, 0.000000e+000, 0.000000e+000
 2.585000e-001,-3.389212e+003, 1.501659e+003, 1.866494e+003,-5.611040e+001,-6.648609e+001, 8.207200e+001, 0.000000e+000, 0.000000e+000, 0.000000e+000, 0.000000e+000
 2.585500e-001,-3.384806e+003, 1.443785e+003, 1.919576e+003,-5.611611e+001,-6.522189e+001, 8.372742e+001, 0.000000e+000, 0.000000e+000, 0.000000e+000, 0.000000e+000
 2.586000e-001,-3.379173e+003, 1.385437e+003, 1.972104e+003,-5.609441e+001,-6.392704e+001, 8.535938e+001, 0.000000e+000, 0.000000e+000, 0.000000e+000, 0.000000e+000
 2.586500e-001,-3.372351e+003, 1.326566e+003, 2.023809e+003,-5.604608e+001,-6.260258e+001, 8.696695e+001, 0.000000e+000, 0.000000e+000, 0.000000e+000, 0.000000e+000
 2.587000e-001,-3.364322e+003, 1.267260e+003, 2.074919e+003,-5.597101e+001,-6.124936e+001, 8.854942e+001, 0.000000e+000, 0.000000e+000, 0.000000e+000, 0.000000e+000
 2.587500e-001,-3.355095e+003, 1.207476e+003, 2.125174e+003,-5.587004e+001,-5.986851e+001, 9.010578e+001, 0.000000e+000, 0.000000e+000, 0.000000e+000, 0.000000e+000
 2.588000e-001,-3.344679e+003, 1.147297e+003, 2.174794e+003,-5.574314e+001,-5.846093e+001, 9.163535e+001, 0.000000e+000, 0.000000e+000, 0.000000e+000, 0.000000e+000
 2.588500e-001,-3.333060e+003, 1.086687e+003, 2.223528e+003,-5.559119e+001,-5.702782e+001, 9.313708e+001, 0.000000e+000, 0.000000e+000, 0.000000e+000, 0.000000e+000
 2.589000e-001,-3.320271e+003, 1.025721e+003, 2.271587e+003,-5.541422e+001,-5.557013e+001, 9.461031e+001, 0.000000e+000, 0.000000e+000, 0.000000e+000, 0.000000e+000
 2.589500e-001,-3.306275e+003, 9.643709e+002, 2.318733e+003,-5.521315e+001,-5.408909e+001, 9.605393e+001, 0.000000e+000, 0.000000e+000, 0.000000e+000, 0.000000e+000
 2.590000e-001,-3.291132e+003, 9.027045e+002, 2.365162e+003,-5.498811e+001,-5.258570e+001, 9.746735e+001, 0.000000e+000, 0.000000e+000, 0.000000e+000, 0.000000e+000
 2.590500e-001,-3.274780e+003, 8.407021e+002, 2.410654e+003,-5.474001e+001,-5.106125e+001, 9.884940e+001, 0.000000e+000, 0.000000e+000, 0.000000e+000, 0.000000e+000
 2.591000e-001,-3.257302e+003, 7.784236e+002, 2.455387e+003,-5.446906e+001,-4.951677e+001, 1.001995e+002, 0.000000e+000, 0.000000e+000, 0.000000e+000, 0.000000e+000
 2.591500e-001,-3.238616e+003, 7.158571e+002, 2.499160e+003,-5.417620e+001,-4.795354e+001, 1.015165e+002, 0.000000e+000, 0.000000e+000, 0.000000e+000, 0.000000e+000
 2.592000e-001,-3.218828e+003, 6.530552e+002, 2.542134e+003,-5.386168e+001,-4.637264e+001, 1.027999e+002, 0.000000e+000, 0.000000e+000, 0.000000e+000, 0.000000e+000
 2.592500e-001,-3.197836e+003, 5.900134e+002, 2.584127e+003,-5.352647e+001,-4.477537e+001, 1.040484e+002, 0.000000e+000, 0.000000e+000, 0.000000e+000, 0.000000e+000
 2.593000e-001,-3.175765e+003, 5.267775e+002, 2.625280e+003,-5.317088e+001,-4.316281e+001, 1.052616e+002, 0.000000e+000, 0.000000e+000, 0.000000e+000, 0.000000e+000
 2.593500e-001,-3.152496e+003, 4.633497e+002, 2.665434e+003,-5.279586e+001,-4.153627e+001, 1.064382e+002, 0.000000e+000, 0.000000e+000, 0.000000e+000, 0.000000e+000
 2.594000e-001,-3.128173e+003, 3.997697e+002, 2.704707e+003,-5.240180e+001,-3.989684e+001, 1.075779e+002, 0.000000e+000, 0.000000e+000, 0.000000e+000, 0.000000e+000
 2.594500e-001,-3.102661e+003, 3.360458e+002, 2.742965e+003,-5.198962e+001,-3.824580e+001, 1.086793e+002, 0.000000e+000, 0.000000e+000, 0.000000e+000, 0.000000e+000
 2.595000e-001,-3.076119e+003, 2.722119e+002, 2.780303e+003,-5.155978e+001,-3.658426e+001, 1.097422e+002, 0.000000e+000, 0.000000e+000, 0.000000e+000, 0.000000e+000
 2.595500e-001,-3.048401e+003, 2.082820e+002, 2.816611e+003,-5.111317e+001,-3.491347e+001, 1.107653e+002, 0.000000e+000, 0.000000e+000, 0.000000e+000, 0.000000e+000
 2.596000e-001,-3.019678e+003, 1.442848e+002, 2.851960e+003,-5.065030e+001,-3.323452e+001, 1.117482e+002, 0.000000e+000, 0.000000e+000, 0.000000e+000, 0.000000e+000
 2.596500e-001,-2.989794e+003, 8.023909e+001, 2.886266e+003,-5.017202e+001,-3.154864e+001, 1.126898e+002, 0.000000e+000, 0.000000e+000, 0.000000e+000, 0.000000e+000
 2.597000e-001,-2.958930e+003, 1.616908e+001, 2.919576e+003,-4.967889e+001,-2.985689e+001, 1.135897e+002, 0.000000e+000, 0.000000e+000, 0.000000e+000, 0.000000e+000
 2.597500e-001,-2.926923e+003,-4.790208e+001, 2.951832e+003,-4.917172e+001,-2.816046e+001, 1.144469e+002, 0.000000e+000, 0.000000e+000, 0.000000e+000, 0.000000e+000
 2.598000e-001,-2.893962e+003,-1.119543e+002, 2.983055e+003,-4.865109e+001,-2.646038e+001, 1.152610e+002, 0.000000e+000, 0.000000e+000, 0.000000e+000, 0.000000e+000
 2.598500e-001,-2.859877e+003,-1.759606e+002, 3.013215e+003,-4.811779e+001,-2.475778e+001, 1.160310e+002, 0.000000e+000, 0.000000e+000, 0.000000e+000, 0.000000e+000
 2.599000e-001,-2.824866e+003,-2.399045e+002, 3.042307e+003,-4.757239e+001,-2.305366e+001, 1.167566e+002, 0.000000e+000, 0.000000e+000, 0.000000e+000, 0.000000e+000
 2.599500e-001,-2.788753e+003,-3.037561e+002, 3.070326e+003,-4.701564e+001,-2.134910e+001, 1.174368e+002, 0.000000e+000, 0.000000e+000, 0.000000e+000, 0.000000e+000
 2.600000e-001,-2.751741e+003,-3.675015e+002, 3.097246e+003,-4.644813e+001,-1.964505e+001, 1.180714e+002, 0.000000e+000, 0.000000e+000, 0.000000e+000, 0.000000e+000
 2.600500e-001,-2.713653e+003,-4.311084e+002, 3.123085e+003,-4.587056e+001,-1.794251e+001, 1.186594e+002, 0.000000e+000, 0.000000e+000, 0.000000e+000, 0.000000e+000
 2.601000e-001,-2.674693e+003,-4.945655e+002, 3.147794e+003,-4.528350e+001,-1.624238e+001, 1.192007e+002, 0.000000e+000, 0.000000e+000, 0.000000e+000, 0.000000e+000
 2.601500e-001,-2.634684e+003,-5.578384e+002, 3.171415e+003,-4.468759e+001,-1.454562e+001, 1.196945e+002, 0.000000e+000, 0.000000e+000, 0.000000e+000, 0.000000e+000
 2.602000e-001,-2.593833e+003,-6.209179e+002, 3.193878e+003,-4.408341e+001,-1.285304e+001, 1.201405e+002, 0.000000e+000, 0.000000e+000, 0.000000e+000, 0.000000e+000
 2.602500e-001,-2.551960e+003,-6.837679e+002, 3.215248e+003,-4.347153e+001,-1.116552e+001, 1.205380e+002, 0.000000e+000, 0.000000e+000, 0.000000e+000, 0.000000e+000
 2.603000e-001,-2.509275e+003,-7.463810e+002, 3.235433e+003,-4.285249e+001,-9.483838e+000, 1.208869e+002, 0.000000e+000, 0.000000e+000, 0.000000e+000, 0.000000e+000
 2.603500e-001,-2.465600e+003,-8.087198e+002, 3.254519e+003,-4.222682e+001,-7.808780e+000, 1.211865e+002, 0.000000e+000, 0.000000e+000, 0.000000e+000, 0.000000e+000
 2.604000e-001,-2.421143e+003,-8.707786e+002, 3.272398e+003,-4.159502e+001,-6.141049e+000, 1.214368e+002, 0.000000e+000, 0.000000e+000, 0.000000e+000, 0.000000e+000
 2.604500e-001,-2.375728e+003,-9.325186e+002, 3.289172e+003,-4.095755e+001,-4.481366e+000, 1.216372e+002, 0.000000e+000, 0.000000e+000, 0.000000e+000, 0.000000e+000
 2.605000e-001,-2.329563e+003,-9.939360e+002, 3.304719e+003,-4.031487e+001,-2.830353e+000, 1.217876e+002, 0.000000e+000, 0.000000e+000, 0.000000e+000, 0.000000e+000
 2.605500e-001,-2.282474e+003,-1.054990e+003, 3.319157e+003,-3.966736e+001,-1.188661e+000, 1.218877e+002, 0.000000e+000, 0.000000e+000, 0.000000e+000, 0.000000e+000
 2.606000e-001,-2.234667e+003,-1.115680e+003, 3.332350e+003,-3.901546e+001, 4.431687e-001, 1.219373e+002, 0.000000e+000, 0.000000e+000, 0.000000e+000, 0.000000e+000
 2.606500e-001,-2.185971e+003,-1.175963e+003, 3.344429e+003,-3.835946e+001, 2.064553e+000, 1.219362e+002, 0.000000e+000, 0.000000e+000, 0.000000e+000, 0.000000e+000
 2.607000e-001,-2.136593e+003,-1.235840e+003, 3.355250e+003,-3.769975e+001, 3.675036e+000, 1.218844e+002, 0.000000e+000, 0.000000e+000, 0.000000e+000, 0.000000e+000
 2.607500e-001,-2.086360e+003,-1.295267e+003, 3.364952e+003,-3.703656e+001, 5.274099e+000, 1.217817e+002, 0.000000e+000, 0.000000e+000, 0.000000e+000, 0.000000e+000
 2.608000e-001,-2.035479e+003,-1.354248e+003, 3.373385e+003,-3.637020e+001, 6.861370e+000, 1.216282e+002, 0.000000e+000, 0.000000e+000, 0.000000e+000, 0.000000e+000
 2.608500e-001,-1.983784e+003,-1.412734e+003, 3.380696e+003,-3.570085e+001, 8.436390e+000, 1.214237e+002, 0.000000e+000, 0.000000e+000, 0.000000e+000, 0.000000e+000
 2.609000e-001,-1.931474e+003,-1.470736e+003, 3.386728e+003,-3.502876e+001, 9.998877e+000, 1.211684e+002, 0.000000e+000, 0.000000e+000, 0.000000e+000, 0.000000e+000
 2.609500e-001,-1.878390e+003,-1.528200e+003, 3.391636e+003,-3.435401e+001, 1.154842e+001, 1.208623e+002, 0.000000e+000, 0.000000e+000, 0.000000e+000, 0.000000e+000
 2.610000e-001,-1.824727e+003,-1.585141e+003, 3.395259e+003,-3.367682e+001, 1.308483e+001, 1.205055e+002, 0.000000e+000, 0.000000e+000, 0.000000e+000, 0.000000e+000
 2.610500e-001,-1.770330e+003,-1.641501e+003, 3.397756e+003,-3.299719e+001, 1.460774e+001, 1.200983e+002, 0.000000e+000, 0.000000e+000, 0.000000e+000, 0.000000e+000
 2.611000e-001,-1.715391e+003,-1.697302e+003, 3.398964e+003,-3.231528e+001, 1.611704e+001, 1.196408e+002, 0.000000e+000, 0.000000e+000, 0.000000e+000, 0.000000e+000
 2.611500e-001,-1.659760e+003,-1.752479e+003, 3.399045e+003,-3.163100e+001, 1.761241e+001, 1.191332e+002, 0.000000e+000, 0.000000e+000, 0.000000e+000, 0.000000e+000
 2.612000e-001,-1.603623e+003,-1.807062e+003, 3.397837e+003,-3.094449e+001, 1.909382e+001, 1.185758e+002, 0.000000e+000, 0.000000e+000, 0.000000e+000, 0.000000e+000
 2.612500e-001,-1.546839e+003,-1.860978e+003, 3.395501e+003,-3.025557e+001, 2.056100e+001, 1.179690e+002, 0.000000e+000, 0.000000e+000, 0.000000e+000, 0.000000e+000
 2.613000e-001,-1.489585e+003,-1.914265e+003, 3.391878e+003,-2.956432e+001, 2.201397e+001, 1.173131e+002, 0.000000e+000, 0.000000e+000, 0.000000e+000, 0.000000e+000
 2.613500e-001,-1.431730e+003,-1.966844e+003, 3.387127e+003,-2.887051e+001, 2.345250e+001, 1.166086e+002, 0.000000e+000, 0.000000e+000, 0.000000e+000, 0.000000e+000
 2.614000e-001,-1.373440e+003,-2.018762e+003, 3.381094e+003,-2.817417e+001, 2.487670e+001, 1.158558e+002, 0.000000e+000, 0.000000e+000, 0.000000e+000, 0.000000e+000
 2.614500e-001,-1.314596e+003,-2.069928e+003, 3.373934e+003,-2.747498e+001, 2.628634e+001, 1.150553e+002, 0.000000e+000, 0.000000e+000, 0.000000e+000, 0.000000e+000
 2.615000e-001,-1.255355e+003,-2.120403e+003, 3.365499e+003,-2.677297e+001, 2.768160e+001, 1.142075e+002, 0.000000e+000, 0.000000e+000, 0.000000e+000, 0.000000e+000
 2.615500e-001,-1.195608e+003,-2.170085e+003, 3.355939e+003,-2.606774e+001, 2.906227e+001, 1.133130e+002, 0.000000e+000, 0.000000e+000, 0.000000e+000, 0.000000e+000
 2.616000e-001,-1.135499e+003,-2.219047e+003, 3.345113e+003,-2.535929e+001, 3.042859e+001, 1.123725e+002, 0.000000e+000, 0.000000e+000, 0.000000e+000, 0.000000e+000
 2.616500e-001,-1.074934e+003,-2.267173e+003, 3.333167e+003,-2.464716e+001, 3.178036e+001, 1.113865e+002, 0.000000e+000, 0.000000e+000, 0.000000e+000, 0.000000e+000
 2.617000e-001,-1.014044e+003,-2.314552e+003, 3.319966e+003,-2.393133e+001, 3.311788e+001, 1.103557e+002, 0.000000e+000, 0.000000e+000, 0.000000e+000, 0.000000e+000
 2.617500e-001,-9.527481e+002,-2.361054e+003, 3.305650e+003,-2.321129e+001, 3.444094e+001, 1.092808e+002, 0.000000e+000, 0.000000e+000, 0.000000e+000, 0.000000e+000
 2.618000e-001,-8.911631e+002,-2.406785e+003, 3.290090e+003,-2.248702e+001, 3.574989e+001, 1.081625e+002, 0.000000e+000, 0.000000e+000, 0.000000e+000, 0.000000e+000
 2.618500e-001,-8.292244e+002,-2.451596e+003, 3.273424e+003,-2.175794e+001, 3.704452e+001, 1.070016e+002, 0.000000e+000, 0.000000e+000, 0.000000e+000, 0.000000e+000
 2.619000e-001,-7.670322e+002,-2.495613e+003, 3.255529e+003,-2.102405e+001, 3.832521e+001, 1.057989e+002, 0.000000e+000, 0.000000e+000, 0.000000e+000, 0.000000e+000
 2.619500e-001,-7.045393e+002,-2.538671e+003, 3.236536e+003,-2.028472e+001, 3.959177e+001, 1.045551e+002, 0.000000e+000, 0.000000e+000, 0.000000e+000, 0.000000e+000
 2.620000e-001,-6.418282e+002,-2.580912e+003, 3.216329e+003,-1.953995e+001, 4.084458e+001, 1.032712e+002, 0.000000e+000, 0.000000e+000, 0.000000e+000, 0.000000e+000
 2.620500e-001,-5.788703e+002,-2.622154e+003, 3.195037e+003,-1.878909e+001, 4.208345e+001, 1.019480e+002, 0.000000e+000, 0.000000e+000, 0.000000e+000, 0.000000e+000
 2.621000e-001,-5.157295e+002,-2.662559e+003, 3.172547e+003,-1.803216e+001, 4.330878e+001, 1.005864e+002, 0.000000e+000, 0.000000e+000, 0.000000e+000, 0.000000e+000
 2.621500e-001,-4.523963e+002,-2.701927e+003, 3.148984e+003,-1.726850e+001, 4.452036e+001, 9.918723e+001, 0.000000e+000, 0.000000e+000, 0.000000e+000, 0.000000e+000
 2.622000e-001,-3.889153e+002,-2.740438e+003, 3.124243e+003,-1.649813e+001, 4.571862e+001, 9.775152e+001, 0.000000e+000, 0.000000e+000, 0.000000e+000, 0.000000e+000
 2.622500e-001,-3.252970e+002,-2.777876e+003, 3.098445e+003,-1.572039e+001, 4.690332e+001, 9.628021e+001, 0.000000e+000, 0.000000e+000, 0.000000e+000, 0.000000e+000
 2.623000e-001,-2.615659e+002,-2.814439e+003, 3.071486e+003,-1.493532e+001, 4.807487e+001, 9.477423e+001, 0.000000e+000, 0.000000e+000, 0.000000e+000, 0.000000e+000
 2.623500e-001,-1.977527e+002,-2.849893e+003, 3.043488e+003,-1.414229e+001, 4.923305e+001, 9.323461e+001, 0.000000e+000, 0.000000e+000, 0.000000e+000, 0.000000e+000
 2.624000e-001,-1.338618e+002,-2.884455e+003, 3.014351e+003,-1.334135e+001, 5.037824e+001, 9.166230e+001, 0.000000e+000, 0.000000e+000, 0.000000e+000, 0.000000e+000
 2.624500e-001,-6.994392e+001,-2.917875e+003, 2.984194e+003,-1.253191e+001, 5.151021e+001, 9.005836e+001, 0.000000e+000, 0.000000e+000, 0.000000e+000, 0.000000e+000
 2.625000e-001,-5.983840e+000,-2.950386e+003, 2.952919e+003,-1.171403e+001, 5.262931e+001, 8.842375e+001, 0.000000e+000, 0.000000e+000, 0.000000e+000, 0.000000e+000
 2.625500e-001, 5.794836e+001,-2.981723e+003, 2.920645e+003,-1.088717e+001, 5.373530e+001, 8.675954e+001, 0.000000e+000, 0.000000e+000, 0.000000e+000, 0.000000e+000
 2.626000e-001, 1.218870e+002,-3.012138e+003, 2.887278e+003,-1.005142e+001, 5.482850e+001, 8.506675e+001, 0.000000e+000, 0.000000e+000, 0.000000e+000, 0.000000e+000
 2.626500e-001, 1.857435e+002,-3.041347e+003, 2.852933e+003,-9.206301e+000, 5.590865e+001, 8.334641e+001, 0.000000e+000, 0.000000e+000, 0.000000e+000, 0.000000e+000
 2.627000e-001, 2.495701e+002,-3.069621e+003, 2.817521e+003,-8.351927e+000, 5.697602e+001, 8.159956e+001, 0.000000e+000, 0.000000e+000, 0.000000e+000, 0.000000e+000
 2.627500e-001, 3.132611e+002,-3.096662e+003, 2.781155e+003,-7.487885e+000, 5.803037e+001, 7.982724e+001, 0.000000e+000, 0.000000e+000, 0.000000e+000, 0.000000e+000
 2.628000e-001, 3.768853e+002,-3.122752e+003, 2.743747e+003,-6.614322e+000, 5.907188e+001, 7.803047e+001, 0.000000e+000, 0.000000e+000, 0.000000e+000, 0.000000e+000
 2.628500e-001, 4.403215e+002,-3.147586e+003, 2.705412e+003,-5.730912e+000, 6.010031e+001, 7.621031e+001, 0.000000e+000, 0.000000e+000, 0.000000e+000, 0.000000e+000
 2.629000e-001, 5.036530e+002,-3.171456e+003, 2.666063e+003,-4.837824e+000, 6.111578e+001, 7.436775e+001, 0.000000e+000, 0.000000e+000, 0.000000e+000, 0.000000e+000
 2.629500e-001, 5.667455e+002,-3.194046e+003, 2.625813e+003,-3.934833e+000, 6.211805e+001, 7.250386e+001, 0.000000e+000, 0.000000e+000, 0.000000e+000, 0.000000e+000
 2.630000e-001, 6.296946e+002,-3.215661e+003, 2.584580e+003,-3.022128e+000, 6.310716e+001, 7.061959e+001, 0.000000e+000, 0.000000e+000, 0.000000e+000, 0.000000e+000
 2.630500e-001, 6.923554e+002,-3.235976e+003, 2.542472e+003,-2.099595e+000, 6.408287e+001, 6.871600e+001, 0.000000e+000, 0.000000e+000, 0.000000e+000, 0.000000e+000
 2.631000e-001, 7.548328e+002,-3.255303e+003, 2.499414e+003,-1.167443e+000, 6.504514e+001, 6.679401e+001, 0.000000e+000, 0.000000e+000, 0.000000e+000, 0.000000e+000
 2.631500e-001, 8.169744e+002,-3.273313e+003, 2.455510e+003,-2.256767e-001, 6.599372e+001, 6.485467e+001, 0.000000e+000, 0.000000e+000, 0.000000e+000, 0.000000e+000
 2.632000e-001, 8.788915e+002,-3.290324e+003, 2.410688e+003, 7.254781e-001, 6.692849e+001, 6.289886e+001, 0.000000e+000, 0.000000e+000, 0.000000e+000, 0.000000e+000
 2.632500e-001, 9.404274e+002,-3.306004e+003, 2.365049e+003, 1.685891e+000, 6.784921e+001, 6.092762e+001, 0.000000e+000, 0.000000e+000, 0.000000e+000, 0.000000e+000
 2.633000e-001, 1.001696e+003,-3.320672e+003, 2.318528e+003, 2.655320e+000, 6.875564e+001, 5.894176e+001, 0.000000e+000, 0.000000e+000, 0.000000e+000, 0.000000e+000
 2.633500e-001, 1.062541e+003,-3.333999e+003, 2.271221e+003, 3.633508e+000, 6.964757e+001, 5.694230e+001, 0.000000e+000, 0.000000e+000, 0.000000e+000, 0.000000e+000
 2.634000e-001, 1.123075e+003,-3.346303e+003, 2.223069e+003, 4.620196e+000, 7.052466e+001, 5.493002e+001, 0.000000e+000, 0.000000e+000, 0.000000e+000, 0.000000e+000
 2.634500e-001, 1.183143e+003,-3.357259e+003, 2.174161e+003, 5.614998e+000, 7.138669e+001, 5.290590e+001, 0.000000e+000, 0.000000e+000, 0.000000e+000, 0.000000e+000
 2.635000e-001, 1.242856e+003,-3.367179e+003, 2.124446e+003, 6.617642e+000, 7.223324e+001, 5.087065e+001, 0.000000e+000, 0.000000e+000, 0.000000e+000, 0.000000e+000
 2.635500e-001, 1.302065e+003,-3.375747e+003, 2.074007e+003, 7.627614e+000, 7.306408e+001, 4.882523e+001, 0.000000e+000, 0.000000e+000, 0.000000e+000, 0.000000e+000
 2.636000e-001, 1.360873e+003,-3.383269e+003, 2.022801e+003, 8.644628e+000, 7.387870e+001, 4.677030e+001, 0.000000e+000, 0.000000e+000, 0.000000e+000, 0.000000e+000
 2.636500e-001, 1.419139e+003,-3.389436e+003, 1.970903e+003, 9.668047e+000, 7.467688e+001, 4.470678e+001, 0.000000e+000, 0.000000e+000, 0.000000e+000, 0.000000e+000
 2.637000e-001, 1.476958e+003,-3.394547e+003, 1.918281e+003, 1.069757e+001, 7.545800e+001, 4.263525e+001, 0.000000e+000, 0.000000e+000, 0.000000e+000, 0.000000e+000
 2.637500e-001, 1.534200e+003,-3.398305e+003, 1.864999e+003, 1.173244e+001, 7.622185e+001, 4.055662e+001, 0.000000e+000, 0.000000e+000, 0.000000e+000, 0.000000e+000
 2.638000e-001, 1.590948e+003,-3.400996e+003, 1.811035e+003, 1.277235e+001, 7.696772e+001, 3.847139e+001, 0.000000e+000, 0.000000e+000, 0.000000e+000, 0.000000e+000
 2.638500e-001, 1.647088e+003,-3.402340e+003, 1.756445e+003, 1.381644e+001, 7.769540e+001, 3.638044e+001, 0.000000e+000, 0.000000e+000, 0.000000e+000, 0.000000e+000
 2.639000e-001, 1.702685e+003,-3.402605e+003, 1.701218e+003, 1.486436e+001, 7.840410e+001, 3.428420e+001, 0.000000e+000, 0.000000e+000, 0.000000e+000, 0.000000e+000
 2.639500e-001, 1.757643e+003,-3.401533e+003, 1.645398e+003, 1.591518e+001, 7.909361e+001, 3.218352e+001, 0.000000e+000, 0.000000e+000, 0.000000e+000, 0.000000e+000
 2.640000e-001, 1.812010e+003,-3.399371e+003, 1.588988e+003, 1.696853e+001, 7.976305e+001, 3.007876e+001, 0.000000e+000, 0.000000e+000, 0.000000e+000, 0.000000e+000
 2.640500e-001, 1.865709e+003,-3.395883e+003, 1.532017e+003, 1.802337e+001, 8.041222e+001, 2.797074e+001, 0.000000e+000, 0.000000e+000, 0.000000e+000, 0.000000e+000
 2.641000e-001, 1.918769e+003,-3.391297e+003, 1.474505e+003, 1.907934e+001, 8.104016e+001, 2.585975e+001, 0.000000e+000, 0.000000e+000, 0.000000e+000, 0.000000e+000
 2.641500e-001, 1.971134e+003,-3.385397e+003, 1.416465e+003, 2.013533e+001, 8.164668e+001, 2.374657e+001, 0.000000e+000, 0.000000e+000, 0.000000e+000, 0.000000e+000
 2.642000e-001, 2.022813e+003,-3.378391e+003, 1.357933e+003, 2.119094e+001, 8.223076e+001, 2.163144e+001, 0.000000e+000, 0.000000e+000, 0.000000e+000, 0.000000e+000
 2.642500e-001, 2.073771e+003,-3.370089e+003, 1.298908e+003, 2.224502e+001, 8.279219e+001, 1.951511e+001, 0.000000e+000, 0.000000e+000, 0.000000e+000, 0.000000e+000
 2.643000e-001, 2.123994e+003,-3.360673e+003, 1.239440e+003, 2.329713e+001, 8.332990e+001, 1.739776e+001, 0.000000e+000, 0.000000e+000, 0.000000e+000, 0.000000e+000
 2.643500e-001, 2.173472e+003,-3.349979e+003, 1.179513e+003, 2.434609e+001, 8.384370e+001, 1.528010e+001, 0.000000e+000, 0.000000e+000, 0.000000e+000, 0.000000e+000
 2.644000e-001, 2.222170e+003,-3.338165e+003, 1.119195e+003, 2.539145e+001, 8.433247e+001, 1.316227e+001, 0.000000e+000, 0.000000e+000, 0.000000e+000, 0.000000e+000
 2.644500e-001, 2.270099e+003,-3.325094e+003, 1.058453e+003, 2.643199e+001, 8.479601e+001, 1.104494e+001, 0.000000e+000, 0.000000e+000, 0.000000e+000, 0.000000e+000
 2.645000e-001, 2.317203e+003,-3.310898e+003, 9.973702e+002, 2.746723e+001, 8.523315e+001, 8.928212e+000, 0.000000e+000, 0.000000e+000, 0.000000e+000, 0.000000e+000
 2.645500e-001, 2.363514e+003,-3.295470e+003, 9.358997e+002, 2.849596e+001, 8.564373e+001, 6.812719e+000, 0.000000e+000, 0.000000e+000, 0.000000e+000, 0.000000e+000
 2.646000e-001, 2.408957e+003,-3.278911e+003, 8.741398e+002, 2.951766e+001, 8.602656e+001, 4.698550e+000, 0.000000e+000, 0.000000e+000, 0.000000e+000, 0.000000e+000
 2.646500e-001, 2.453585e+003,-3.261146e+003, 8.120286e+002, 3.053112e+001, 8.638145e+001, 2.586283e+000, 0.000000e+000, 0.000000e+000, 0.000000e+000, 0.000000e+000
 2.647000e-001, 2.497302e+003,-3.242248e+003, 7.496795e+002, 3.153581e+001, 8.670721e+001, 4.760017e-001, 0.000000e+000, 0.000000e+000, 0.000000e+000, 0.000000e+000
 2.647500e-001, 2.540184e+003,-3.222171e+003, 6.870165e+002, 3.253055e+001, 8.700368e+001,-1.631757e+000, 0.000000e+000, 0.000000e+000, 0.000000e+000, 0.000000e+000
 2.648000e-001, 2.582115e+003,-3.200960e+003, 6.241669e+002, 3.351476e+001, 8.726967e+001,-3.736913e+000, 0.000000e+000, 0.000000e+000, 0.000000e+000, 0.000000e+000
 2.648500e-001, 2.623188e+003,-3.178600e+003, 5.610417e+002, 3.448731e+001, 8.750500e+001,-5.838965e+000, 0.000000e+000, 0.000000e+000, 0.000000e+000, 0.000000e+000
 2.649000e-001, 2.663273e+003,-3.155107e+003, 4.977808e+002, 3.544759e+001, 8.770852e+001,-7.937828e+000, 0.000000e+000, 0.000000e+000, 0.000000e+000, 0.000000e+000
 2.649500e-001, 2.702479e+003,-3.130495e+003, 4.342835e+002, 3.639451e+001, 8.788007e+001,-1.003304e+001, 0.000000e+000, 0.000000e+000, 0.000000e+000, 0.000000e+000
 2.650000e-001, 2.740663e+003,-3.104753e+003, 3.707009e+002, 3.732746e+001, 8.801852e+001,-1.212448e+001, 0.000000e+000, 0.000000e+000, 0.000000e+000, 0.000000e+000
 2.650500e-001, 2.777945e+003,-3.077924e+003, 3.069223e+002, 3.824540e+001, 8.812371e+001,-1.421174e+001, 0.000000e+000, 0.000000e+000, 0.000000e+000, 0.000000e+000
 2.651000e-001, 2.814173e+003,-3.049970e+003, 2.431079e+002, 3.914769e+001, 8.819458e+001,-1.629467e+001, 0.000000e+000, 0.000000e+000, 0.000000e+000, 0.000000e+000
 2.651500e-001, 2.849477e+003,-3.020962e+003, 1.791390e+002, 4.003338e+001, 8.823099e+001,-1.837288e+001, 0.000000e+000, 0.000000e+000, 0.000000e+000, 0.000000e+000
 2.652000e-001, 2.883698e+003,-2.990837e+003, 1.151831e+002, 4.090179e+001, 8.823193e+001,-2.044620e+001, 0.000000e+000, 0.000000e+000, 0.000000e+000, 0.000000e+000
 2.652500e-001, 2.916974e+003,-2.959690e+003, 5.111498e+001, 4.175206e+001, 8.819727e+001,-2.251424e+001, 0.000000e+000, 0.000000e+000, 0.000000e+000, 0.000000e+000
 2.653000e-001, 2.949140e+003,-2.927437e+003,-1.289219e+001, 4.258351e+001, 8.812608e+001,-2.457681e+001, 0.000000e+000, 0.000000e+000, 0.000000e+000, 0.000000e+000
 2.653500e-001, 2.980338e+003,-2.894197e+003,-7.696821e+001, 4.339536e+001, 8.801827e+001,-2.663354e+001, 0.000000e+000, 0.000000e+000, 0.000000e+000, 0.000000e+000
 2.654000e-001, 3.010404e+003,-2.859862e+003,-1.409364e+002, 4.418690e+001, 8.787299e+001,-2.868418e+001, 0.000000e+000, 0.000000e+000, 0.000000e+000, 0.000000e+000
 2.654500e-001, 3.039480e+003,-2.824575e+003,-2.049292e+002, 4.495747e+001, 8.769017e+001,-3.072838e+001, 0.000000e+000, 0.000000e+000, 0.000000e+000, 0.000000e+000
 2.655000e-001, 3.067402e+003,-2.788208e+003,-2.687682e+002, 4.570635e+001, 8.746906e+001,-3.276583e+001, 0.000000e+000, 0.000000e+000, 0.000000e+000, 0.000000e+000
 2.655500e-001, 3.094314e+003,-2.750925e+003,-3.325868e+002, 4.643297e+001, 8.720963e+001,-3.479621e+001, 0.000000e+000, 0.000000e+000, 0.000000e+000, 0.000000e+000
 2.656000e-001, 3.120053e+003,-2.712580e+003,-3.962069e+002, 4.713662e+001, 8.691122e+001,-3.681913e+001, 0.000000e+000, 0.000000e+000, 0.000000e+000, 0.000000e+000
 2.656500e-001, 3.144761e+003,-2.673354e+003,-4.597607e+002, 4.781683e+001, 8.657386e+001,-3.883427e+001, 0.000000e+000, 0.000000e+000, 0.000000e+000, 0.000000e+000
 2.657000e-001, 3.168281e+003,-2.633085e+003,-5.230722e+002, 4.847290e+001, 8.619701e+001,-4.084121e+001, 0.000000e+000, 0.000000e+000, 0.000000e+000, 0.000000e+000
 2.657500e-001, 3.190748e+003,-2.591972e+003,-5.862711e+002, 4.910446e+001, 8.578072e+001,-4.283959e+001, 0.000000e+000, 0.000000e+000, 0.000000e+000, 0.000000e+000
 2.658000e-001, 3.212015e+003,-2.549838e+003,-6.491851e+002, 4.971084e+001, 8.532460e+001,-4.482895e+001, 0.000000e+000, 0.000000e+000, 0.000000e+000, 0.000000e+000
 2.658500e-001, 3.232209e+003,-2.506898e+003,-7.119396e+002, 5.029174e+001, 8.482873e+001,-4.680892e+001, 0.000000e+000, 0.000000e+000, 0.000000e+000, 0.000000e+000
 2.659000e-001, 3.251193e+003,-2.462960e+003,-7.743674e+002, 5.084655e+001, 8.429284e+001,-4.877898e+001, 0.000000e+000, 0.000000e+000, 0.000000e+000, 0.000000e+000
 2.659500e-001, 3.269083e+003,-2.418253e+003,-8.365888e+002, 5.137505e+001, 8.371709e+001,-5.073874e+001, 0.000000e+000, 0.000000e+000, 0.000000e+000, 0.000000e+000
 2.660000e-001, 3.285757e+003,-2.372577e+003,-8.984426e+002, 5.187667e+001, 8.310133e+001,-5.268761e+001, 0.000000e+000, 0.000000e+000, 0.000000e+000, 0.000000e+000
 2.660500e-001, 3.301317e+003,-2.326167e+003,-9.600430e+002, 5.235128e+001, 8.244578e+001,-5.462519e+001, 0.000000e+000, 0.000000e+000, 0.000000e+000, 0.000000e+000
 2.661000e-001, 3.315656e+003,-2.278817e+003,-1.021236e+003, 5.279837e+001, 8.175043e+001,-5.655085e+001, 0.000000e+000, 0.000000e+000, 0.000000e+000, 0.000000e+000
 2.661500e-001, 3.328864e+003,-2.230771e+003,-1.082128e+003, 5.321788e+001, 8.101554e+001,-5.846415e+001, 0.000000e+000, 0.000000e+000, 0.000000e+000, 0.000000e+000
 2.662000e-001, 3.340847e+003,-2.181817e+003,-1.142574e+003, 5.360937e+001, 8.024126e+001,-6.036438e+001, 0.000000e+000, 0.000000e+000, 0.000000e+000, 0.000000e+000
 2.662500e-001, 3.351683e+003,-2.132204e+003,-1.202673e+003, 5.397286e+001, 7.942793e+001,-6.225111e+001, 0.000000e+000, 0.000000e+000, 0.000000e+000, 0.000000e+000
 2.663000e-001, 3.361292e+003,-2.081717e+003,-1.262286e+003, 5.430795e+001, 7.857580e+001,-6.412357e+001, 0.000000e+000, 0.000000e+000, 0.000000e+000, 0.000000e+000
 2.663500e-001, 3.369739e+003,-2.030608e+003,-1.321506e+003, 5.461478e+001, 7.768528e+001,-6.598127e+001, 0.000000e+000, 0.000000e+000, 0.000000e+000, 0.000000e+000
 2.664000e-001, 3.376961e+003,-1.978660e+003,-1.380203e+003, 5.489299e+001, 7.675677e+001,-6.782343e+001, 0.000000e+000, 0.000000e+000, 0.000000e+000, 0.000000e+000
 2.664500e-001, 3.383006e+003,-1.926129e+003,-1.438462e+003, 5.514280e+001, 7.579076e+001,-6.964950e+001, 0.000000e+000, 0.000000e+000, 0.000000e+000, 0.000000e+000
 2.665000e-001, 3.387829e+003,-1.872797e+003,-1.496159e+003, 5.536392e+001, 7.478775e+001,-7.145868e+001, 0.000000e+000, 0.000000e+000, 0.000000e+000, 0.000000e+000
 2.665500e-001, 3.391464e+003,-1.818918e+003,-1.553374e+003, 5.555665e+001, 7.374829e+001,-7.325037e+001, 0.000000e+000, 0.000000e+000, 0.000000e+000, 0.000000e+000
 2.666000e-001, 3.393880e+003,-1.764278e+003,-1.609991e+003, 5.572078e+001, 7.267305e+001,-7.502373e+001, 0.000000e+000, 0.000000e+000, 0.000000e+000, 0.000000e+000
 2.666500e-001, 3.395098e+003,-1.709130e+003,-1.666082e+003, 5.585667e+001, 7.156262e+001,-7.677813e+001, 0.000000e+000, 0.000000e+000, 0.000000e+000, 0.000000e+000
 2.667000e-001, 3.395104e+003,-1.653261e+003,-1.721538e+003, 5.596417e+001, 7.041779e+001,-7.851270e+001, 0.000000e+000, 0.000000e+000, 0.000000e+000, 0.000000e+000
 2.667500e-001, 3.393902e+003,-1.596922e+003,-1.776427e+003, 5.604373e+001, 6.923922e+001,-8.022678e+001, 0.000000e+000, 0.000000e+000, 0.000000e+000, 0.000000e+000
 2.668000e-001, 3.391497e+003,-1.539905e+003,-1.830644e+003, 5.609527e+001, 6.802779e+001,-8.191948e+001, 0.000000e+000, 0.000000e+000, 0.000000e+000, 0.000000e+000
 2.668500e-001, 3.387877e+003,-1.482456e+003,-1.884253e+003, 5.611930e+001, 6.678424e+001,-8.359007e+001, 0.000000e+000, 0.000000e+000, 0.000000e+000, 0.000000e+000
 2.669000e-001, 3.383063e+003,-1.424373e+003,-1.937154e+003, 5.611582e+001, 6.550956e+001,-8.523768e+001, 0.000000e+000, 0.000000e+000, 0.000000e+000, 0.000000e+000
 2.669500e-001, 3.377029e+003,-1.365896e+003,-1.989408e+003, 5.608539e+001, 6.420454e+001,-8.686153e+001, 0.000000e+000, 0.000000e+000, 0.000000e+000, 0.000000e+000
 2.670000e-001, 3.369812e+003,-1.306831e+003,-2.040918e+003, 5.602808e+001, 6.287025e+001,-8.846075e+001, 0.000000e+000, 0.000000e+000, 0.000000e+000, 0.000000e+000
 2.670500e-001, 3.361372e+003,-1.247409e+003,-2.091743e+003, 5.594452e+001, 6.150754e+001,-9.003452e+001, 0.000000e+000, 0.000000e+000, 0.000000e+000, 0.000000e+000
 2.671000e-001, 3.351763e+003,-1.187447e+003,-2.141790e+003, 5.583484e+001, 6.011756e+001,-9.158196e+001, 0.000000e+000, 0.000000e+000, 0.000000e+000, 0.000000e+000
 2.671500e-001, 3.340928e+003,-1.127166e+003,-2.191115e+003, 5.569973e+001, 5.870121e+001,-9.310224e+001, 0.000000e+000, 0.000000e+000, 0.000000e+000, 0.000000e+000
 2.672000e-001, 3.328939e+003,-1.066391e+003,-2.239628e+003, 5.553936e+001, 5.725971e+001,-9.459448e+001, 0.000000e+000, 0.000000e+000, 0.000000e+000, 0.000000e+000
 2.672500e-001, 3.315724e+003,-1.005337e+003,-2.287383e+003, 5.535451e+001, 5.579399e+001,-9.605782e+001, 0.000000e+000, 0.000000e+000, 0.000000e+000, 0.000000e+000
 2.673000e-001, 3.301372e+003,-9.438380e+002,-2.334293e+003, 5.514538e+001, 5.430534e+001,-9.749138e+001, 0.000000e+000, 0.000000e+000, 0.000000e+000, 0.000000e+000
 2.673500e-001, 3.285795e+003,-8.820981e+002,-2.380411e+003, 5.491279e+001, 5.279472e+001,-9.889430e+001, 0.000000e+000, 0.000000e+000, 0.000000e+000, 0.000000e+000
 2.674000e-001, 3.269100e+003,-8.199613e+002,-2.425651e+003, 5.465701e+001, 5.126344e+001,-1.002657e+002, 0.000000e+000, 0.000000e+000, 0.000000e+000, 0.000000e+000
 2.674500e-001, 3.251183e+003,-7.576236e+002,-2.470068e+003, 5.437888e+001, 4.971252e+001,-1.016047e+002, 0.000000e+000, 0.000000e+000, 0.000000e+000, 0.000000e+000
 2.675000e-001, 3.232168e+003,-6.949379e+002,-2.513573e+003, 5.407874e+001, 4.814328e+001,-1.029105e+002, 0.000000e+000, 0.000000e+000, 0.000000e+000, 0.000000e+000
 2.675500e-001, 3.211936e+003,-6.320912e+002,-2.556226e+003, 5.375746e+001, 4.655675e+001,-1.041822e+002, 0.000000e+000, 0.000000e+000, 0.000000e+000, 0.000000e+000
 2.676000e-001, 3.190628e+003,-5.689454e+002,-2.597936e+003, 5.341539e+001, 4.495429e+001,-1.054189e+002, 0.000000e+000, 0.000000e+000, 0.000000e+000, 0.000000e+000
 2.676500e-001, 3.168109e+003,-5.056792e+002,-2.638763e+003, 5.305346e+001, 4.333693e+001,-1.066198e+002, 0.000000e+000, 0.000000e+000, 0.000000e+000, 0.000000e+000
 2.677000e-001, 3.144538e+003,-4.421630e+002,-2.678618e+003, 5.267203e+001, 4.170602e+001,-1.077841e+002, 0.000000e+000, 0.000000e+000, 0.000000e+000, 0.000000e+000
 2.677500e-001, 3.119764e+003,-3.785673e+002,-2.717562e+003, 5.227207e+001, 4.006261e+001,-1.089109e+002, 0.000000e+000, 0.000000e+000, 0.000000e+000, 0.000000e+000
 2.678000e-001, 3.093965e+003,-3.147703e+002,-2.755507e+003, 5.185395e+001, 3.840802e+001,-1.099995e+002, 0.000000e+000, 0.000000e+000, 0.000000e+000, 0.000000e+000
 2.678500e-001, 3.066970e+003,-2.509354e+002,-2.792512e+003, 5.141866e+001, 3.674332e+001,-1.110490e+002, 0.000000e+000, 0.000000e+000, 0.000000e+000, 0.000000e+000
 2.679000e-001, 3.038978e+003,-1.869478e+002,-2.828492e+003, 5.096658e+001, 3.506978e+001,-1.120586e+002, 0.000000e+000, 0.000000e+000, 0.000000e+000, 0.000000e+000
 2.679500e-001, 3.009802e+003,-1.229643e+002,-2.863506e+003, 5.049871e+001, 3.338847e+001,-1.130276e+002, 0.000000e+000, 0.000000e+000, 0.000000e+000, 0.000000e+000
 2.680000e-001, 2.979657e+003,-5.887614e+001,-2.897469e+003, 5.001544e+001, 3.170062e+001,-1.139552e+002, 0.000000e+000, 0.000000e+000, 0.000000e+000, 0.000000e+000
 2.680500e-001, 2.948341e+003, 5.165192e+000,-2.930442e+003, 4.951777e+001, 3.000729e+001,-1.148408e+002, 0.000000e+000, 0.000000e+000, 0.000000e+000, 0.000000e+000
 2.681000e-001, 2.916087e+003, 6.926363e+001,-2.962341e+003, 4.900608e+001, 2.830965e+001,-1.156835e+002, 0.000000e+000, 0.000000e+000, 0.000000e+000, 0.000000e+000
 2.681500e-001, 2.882675e+003, 1.332721e+002,-2.993226e+003, 4.848136e+001, 2.660873e+001,-1.164827e+002, 0.000000e+000, 0.000000e+000, 0.000000e+000, 0.000000e+000
 2.682000e-001, 2.848358e+003, 1.972908e+002,-3.023016e+003, 4.794400e+001, 2.490566e+001,-1.172378e+002, 0.000000e+000, 0.000000e+000, 0.000000e+000, 0.000000e+000
 2.682500e-001, 2.812897e+003, 2.611758e+002,-3.051767e+003, 4.739496e+001, 2.320143e+001,-1.179481e+002, 0.000000e+000, 0.000000e+000, 0.000000e+000, 0.000000e+000
 2.683000e-001, 2.776566e+003, 3.250249e+002,-3.079405e+003, 4.683461e+001, 2.149708e+001,-1.186129e+002, 0.000000e+000, 0.000000e+000, 0.000000e+000, 0.000000e+000
 2.683500e-001, 2.739109e+003, 3.886960e+002,-3.105981e+003, 4.626389e+001, 1.979359e+001,-1.192318e+002, 0.000000e+000, 0.000000e+000, 0.000000e+000, 0.000000e+000
 2.684000e-001, 2.700816e+003, 4.522861e+002,-3.131429e+003, 4.568316e+001, 1.809192e+001,-1.198041e+002, 0.000000e+000, 0.000000e+000, 0.000000e+000, 0.000000e+000
 2.684500e-001, 2.661416e+003, 5.156534e+002,-3.155792e+003, 4.509328e+001, 1.639299e+001,-1.203293e+002, 0.000000e+000, 0.000000e+000, 0.000000e+000, 0.000000e+000
 2.685000e-001, 2.621215e+003, 5.788953e+002,-3.179013e+003, 4.449463e+001, 1.469770e+001,-1.208070e+002, 0.000000e+000, 0.000000e+000, 0.000000e+000, 0.000000e+000
 2.685500e-001, 2.579929e+003, 6.418694e+002,-3.201128e+003, 4.388802e+001, 1.300691e+001,-1.212366e+002, 0.000000e+000, 0.000000e+000, 0.000000e+000, 0.000000e+000
 2.686000e-001, 2.537878e+003, 7.046744e+002,-3.222089e+003, 4.327378e+001, 1.132143e+001,-1.216176e+002, 0.000000e+000, 0.000000e+000, 0.000000e+000, 0.000000e+000
 2.686500e-001, 2.494766e+003, 7.671666e+002,-3.241922e+003, 4.265266e+001, 9.642083e+000,-1.219499e+002, 0.000000e+000, 0.000000e+000, 0.000000e+000, 0.000000e+000
 2.687000e-001, 2.450925e+003, 8.294468e+002,-3.260593e+003, 4.202500e+001, 7.969570e+000,-1.222328e+002, 0.000000e+000, 0.000000e+000, 0.000000e+000, 0.000000e+000
 2.687500e-001, 2.406050e+003, 8.913688e+002,-3.278117e+003, 4.139143e+001, 6.304667e+000,-1.224662e+002, 0.000000e+000, 0.000000e+000, 0.000000e+000, 0.000000e+000
 2.688000e-001, 2.360481e+003, 9.530372e+002,-3.294472e+003, 4.075229e+001, 4.647986e+000,-1.226497e+002, 0.000000e+000, 0.000000e+000, 0.000000e+000, 0.000000e+000
 2.688500e-001, 2.313907e+003, 1.014302e+003,-3.309660e+003, 4.010811e+001, 3.000242e+000,-1.227831e+002, 0.000000e+000, 0.000000e+000, 0.000000e+000, 0.000000e+000
 2.689000e-001, 2.266676e+003, 1.075272e+003,-3.323674e+003, 3.945922e+001, 1.361959e+000,-1.228660e+002, 0.000000e+000, 0.000000e+000, 0.000000e+000, 0.000000e+000
 2.689500e-001, 2.218472e+003, 1.135793e+003,-3.336504e+003, 3.880606e+001,-2.662137e-001,-1.228985e+002, 0.000000e+000, 0.000000e+000, 0.000000e+000, 0.000000e+000
 2.690000e-001, 2.169646e+003, 1.195979e+003,-3.348159e+003, 3.814893e+001,-1.883834e+000,-1.228801e+002, 0.000000e+000, 0.000000e+000, 0.000000e+000, 0.000000e+000
 2.690500e-001, 2.119881e+003, 1.255671e+003,-3.358611e+003, 3.748815e+001,-3.490324e+000,-1.228111e+002, 0.000000e+000, 0.000000e+000, 0.000000e+000, 0.000000e+000
 2.691000e-001, 2.069530e+003, 1.314990e+003,-3.367888e+003, 3.682403e+001,-5.085320e+000,-1.226910e+002, 0.000000e+000, 0.000000e+000, 0.000000e+000, 0.000000e+000
 2.691500e-001, 2.018277e+003, 1.373769e+003,-3.375948e+003, 3.615675e+001,-6.668313e+000,-1.225202e+002, 0.000000e+000, 0.000000e+000, 0.000000e+000, 0.000000e+000
 2.692000e-001, 1.966472e+003, 1.432136e+003,-3.382834e+003, 3.548663e+001,-8.239013e+000,-1.222984e+002, 0.000000e+000, 0.000000e+000, 0.000000e+000, 0.000000e+000
 2.692500e-001, 1.913807e+003, 1.489920e+003,-3.388489e+003, 3.481372e+001,-9.796985e+000,-1.220259e+002, 0.000000e+000, 0.000000e+000, 0.000000e+000, 0.000000e+000
 2.693000e-001, 1.860621e+003, 1.547253e+003,-3.392974e+003, 3.413832e+001,-1.134200e+001,-1.217025e+002, 0.000000e+000, 0.000000e+000, 0.000000e+000, 0.000000e+000
 2.693500e-001, 1.806619e+003, 1.603961e+003,-3.396214e+003, 3.346036e+001,-1.287371e+001,-1.213286e+002, 0.000000e+000, 0.000000e+000, 0.000000e+000, 0.000000e+000
 2.694000e-001, 1.752129e+003, 1.660180e+003,-3.398292e+003, 3.278016e+001,-1.439193e+001,-1.209041e+002, 0.000000e+000, 0.000000e+000, 0.000000e+000, 0.000000e+000
 2.694500e-001, 1.696870e+003, 1.715732e+003,-3.399112e+003, 3.209748e+001,-1.589638e+001,-1.204296e+002, 0.000000e+000, 0.000000e+000, 0.000000e+000, 0.000000e+000
 2.695000e-001, 1.641153e+003, 1.770757e+003,-3.398778e+003, 3.141267e+001,-1.738695e+001,-1.199049e+002, 0.000000e+000, 0.000000e+000, 0.000000e+000, 0.000000e+000
 2.695500e-001, 1.584717e+003, 1.825074e+003,-3.397177e+003, 3.072536e+001,-1.886342e+001,-1.193307e+002, 0.000000e+000, 0.000000e+000, 0.000000e+000, 0.000000e+000
 2.696000e-001, 1.527852e+003, 1.878829e+003,-3.394431e+003, 3.003588e+001,-2.032570e+001,-1.187071e+002, 0.000000e+000, 0.000000e+000, 0.000000e+000, 0.000000e+000
 2.696500e-001, 1.470320e+003, 1.931836e+003,-3.390410e+003, 2.934377e+001,-2.177367e+001,-1.180346e+002, 0.000000e+000, 0.000000e+000, 0.000000e+000, 0.000000e+000
 2.697000e-001, 1.412389e+003, 1.984243e+003,-3.385256e+003, 2.864934e+001,-2.320727e+001,-1.173135e+002, 0.000000e+000, 0.000000e+000, 0.000000e+000, 0.000000e+000
 2.697500e-001, 1.353845e+003, 2.035865e+003,-3.378820e+003, 2.795202e+001,-2.462643e+001,-1.165444e+002, 0.000000e+000, 0.000000e+000, 0.000000e+000, 0.000000e+000
 2.698000e-001, 1.294929e+003, 2.086851e+003,-3.371264e+003, 2.725214e+001,-2.603111e+001,-1.157276e+002, 0.000000e+000, 0.000000e+000, 0.000000e+000, 0.000000e+000
 2.698500e-001, 1.235459e+003, 2.137016e+003,-3.362423e+003, 2.654900e+001,-2.742134e+001,-1.148639e+002, 0.000000e+000, 0.000000e+000, 0.000000e+000, 0.000000e+000
 2.699000e-001, 1.175642e+003, 2.186507e+003,-3.352473e+003, 2.584295e+001,-2.879707e+001,-1.139536e+002, 0.000000e+000, 0.000000e+000, 0.000000e+000, 0.000000e+000
 2.699500e-001, 1.115330e+003, 2.235144e+003,-3.341239e+003, 2.513321e+001,-3.015838e+001,-1.129975e+002, 0.000000e+000, 0.000000e+000, 0.000000e+000, 0.000000e+000
 2.700000e-001, 1.054698e+003, 2.283072e+003,-3.328911e+003, 2.442010e+001,-3.150524e+001,-1.119960e+002, 0.000000e+000, 0.000000e+000, 0.000000e+000, 0.000000e+000
 2.700500e-001, 9.936319e+002, 2.330112e+003,-3.315299e+003, 2.370278e+001,-3.283779e+001,-1.109501e+002, 0.000000e+000, 0.000000e+000, 0.000000e+000, 0.000000e+000
 2.701000e-001, 9.322708e+002, 2.376407e+003,-3.300608e+003, 2.298159e+001,-3.415599e+001,-1.098602e+002, 0.000000e+000, 0.000000e+000, 0.000000e+000, 0.000000e+000
 2.701500e-001, 8.705374e+002, 2.421785e+003,-3.284637e+003, 2.225561e+001,-3.546003e+001,-1.087273e+002, 0.000000e+000, 0.000000e+000, 0.000000e+000, 0.000000e+000
 2.702000e-001, 8.085344e+002, 2.466381e+003,-3.267604e+003, 2.152518e+001,-3.674986e+001,-1.075519e+002, 0.000000e+000, 0.000000e+000, 0.000000e+000, 0.000000e+000
 2.702500e-001, 7.462224e+002, 2.510033e+003,-3.249297e+003, 2.078935e+001,-3.802573e+001,-1.063351e+002, 0.000000e+000, 0.000000e+000, 0.000000e+000, 0.000000e+000
 2.703000e-001, 6.836659e+002, 2.552866e+003,-3.229944e+003, 2.004846e+001,-3.928755e+001,-1.050775e+002, 0.000000e+000, 0.000000e+000, 0.000000e+000, 0.000000e+000
 2.703500e-001, 6.208642e+002, 2.594731e+003,-3.209329e+003, 1.930153e+001,-4.053562e+001,-1.037800e+002, 0.000000e+000, 0.000000e+000, 0.000000e+000, 0.000000e+000
 2.704000e-001, 5.578431e+002, 2.635740e+003,-3.187683e+003, 1.854889e+001,-4.176982e+001,-1.024435e+002, 0.000000e+000, 0.000000e+000, 0.000000e+000, 0.000000e+000
 2.704500e-001, 4.946411e+002, 2.675758e+003,-3.164787e+003, 1.778957e+001,-4.299050e+001,-1.010688e+002, 0.000000e+000, 0.000000e+000, 0.000000e+000, 0.000000e+000
 2.705000e-001, 4.312453e+002, 2.714884e+003,-3.140879e+003, 1.702390e+001,-4.419749e+001,-9.965703e+001, 0.000000e+000, 0.000000e+000, 0.000000e+000, 0.000000e+000
 2.705500e-001, 3.677325e+002, 2.752999e+003,-3.115736e+003, 1.625091e+001,-4.539117e+001,-9.820896e+001, 0.000000e+000, 0.000000e+000, 0.000000e+000, 0.000000e+000
 2.706000e-001, 3.040522e+002, 2.790185e+003,-3.089598e+003, 1.547093e+001,-4.657135e+001,-9.672562e+001, 0.000000e+000, 0.000000e+000, 0.000000e+000, 0.000000e+000
 2.706500e-001, 2.403186e+002, 2.826343e+003,-3.062244e+003, 1.468305e+001,-4.773841e+001,-9.520793e+001, 0.000000e+000, 0.000000e+000, 0.000000e+000, 0.000000e+000
 2.707000e-001, 1.764444e+002, 2.861536e+003,-3.033913e+003, 1.388757e+001,-4.889212e+001,-9.365695e+001, 0.000000e+000, 0.000000e+000, 0.000000e+000, 0.000000e+000
 2.707500e-001, 1.125797e+002, 2.895685e+003,-3.004388e+003, 1.308363e+001,-5.003289e+001,-9.207360e+001, 0.000000e+000, 0.000000e+000, 0.000000e+000, 0.000000e+000
 2.708000e-001, 4.860275e+001, 2.928835e+003,-2.973903e+003, 1.227153e+001,-5.116043e+001,-9.045898e+001, 0.000000e+000, 0.000000e+000, 0.000000e+000, 0.000000e+000
 2.708500e-001,-1.530319e+001, 2.960927e+003,-2.942249e+003, 1.145049e+001,-5.227517e+001,-8.881402e+001, 0.000000e+000, 0.000000e+000, 0.000000e+000, 0.000000e+000
 2.709000e-001,-7.929191e+001, 2.991985e+003,-2.909653e+003, 1.062079e+001,-5.337676e+001,-8.713985e+001, 0.000000e+000, 0.000000e+000, 0.000000e+000, 0.000000e+000
 2.709500e-001,-1.431494e+002, 3.021974e+003,-2.875915e+003, 9.781752e+000,-5.446563e+001,-8.543737e+001, 0.000000e+000, 0.000000e+000, 0.000000e+000, 0.000000e+000
 2.710000e-001,-2.070588e+002, 3.050895e+003,-2.841255e+003, 8.933646e+000,-5.554140e+001,-8.370778e+001, 0.000000e+000, 0.000000e+000, 0.000000e+000, 0.000000e+000
 2.710500e-001,-2.707784e+002, 3.078739e+003,-2.805483e+003, 8.075879e+000,-5.660447e+001,-8.195193e+001, 0.000000e+000, 0.000000e+000, 0.000000e+000, 0.000000e+000
 2.711000e-001,-3.345175e+002, 3.105481e+003,-2.768807e+003, 7.208732e+000,-5.765441e+001,-8.017107e+001, 0.000000e+000, 0.000000e+000, 0.000000e+000, 0.000000e+000
 2.711500e-001,-3.980101e+002, 3.131140e+003,-2.731052e+003, 6.331719e+000,-5.869162e+001,-7.836601e+001, 0.000000e+000, 0.000000e+000, 0.000000e+000, 0.000000e+000
 2.712000e-001,-4.614883e+002, 3.155665e+003,-2.692412e+003, 5.445120e+000,-5.971561e+001,-7.653802e+001, 0.000000e+000, 0.000000e+000, 0.000000e+000, 0.000000e+000
 2.712500e-001,-5.246652e+002, 3.179100e+003,-2.652728e+003, 4.548567e+000,-6.072676e+001,-7.468785e+001, 0.000000e+000, 0.000000e+000, 0.000000e+000, 0.000000e+000
 2.713000e-001,-5.877924e+002, 3.201373e+003,-2.612180e+003, 3.642341e+000,-6.172453e+001,-7.281682e+001, 0.000000e+000, 0.000000e+000, 0.000000e+000, 0.000000e+000
 2.713500e-001,-6.505656e+002, 3.222551e+003,-2.570624e+003, 2.726201e+000,-6.270927e+001,-7.092562e+001, 0.000000e+000, 0.000000e+000, 0.000000e+000, 0.000000e+000
 2.714000e-001,-7.132520e+002, 3.242538e+003,-2.528225e+003, 1.800433e+000,-6.368039e+001,-6.901557e+001, 0.000000e+000, 0.000000e+000, 0.000000e+000, 0.000000e+000
 2.714500e-001,-7.755338e+002, 3.261429e+003,-2.484858e+003, 8.649226e-001,-6.463820e+001,-6.708733e+001, 0.000000e+000, 0.000000e+000, 0.000000e+000, 0.000000e+000
 2.715000e-001,-8.376905e+002, 3.279102e+003,-2.440668e+003,-8.003425e-002,-6.558208e+001,-6.514219e+001, 0.000000e+000, 0.000000e+000, 0.000000e+000, 0.000000e+000
 2.715500e-001,-8.993942e+002, 3.295678e+003,-2.395553e+003,-1.034423e+000,-6.651227e+001,-6.318078e+001, 0.000000e+000, 0.000000e+000, 0.000000e+000, 0.000000e+000
 2.716000e-001,-9.609332e+002, 3.311010e+003,-2.349635e+003,-1.997933e+000,-6.742814e+001,-6.120438e+001, 0.000000e+000, 0.000000e+000, 0.000000e+000, 0.000000e+000
 2.716500e-001,-1.021973e+003, 3.325246e+003,-2.302836e+003,-2.970422e+000,-6.832986e+001,-5.921354e+001, 0.000000e+000, 0.000000e+000, 0.000000e+000, 0.000000e+000
 2.717000e-001,-1.082807e+003, 3.338216e+003,-2.255257e+003,-3.951564e+000,-6.921676e+001,-5.720955e+001, 0.000000e+000, 0.000000e+000, 0.000000e+000, 0.000000e+000
 2.717500e-001,-1.143097e+003, 3.350091e+003,-2.206841e+003,-4.941091e+000,-7.008895e+001,-5.519290e+001, 0.000000e+000, 0.000000e+000, 0.000000e+000, 0.000000e+000
 2.718000e-001,-1.203140e+003, 3.360679e+003,-2.157669e+003,-5.938654e+000,-7.094576e+001,-5.316483e+001, 0.000000e+000, 0.000000e+000, 0.000000e+000, 0.000000e+000
 2.718500e-001,-1.262597e+003, 3.370175e+003,-2.107707e+003,-6.943869e+000,-7.178719e+001,-5.112579e+001, 0.000000e+000, 0.000000e+000, 0.000000e+000, 0.000000e+000
 2.719000e-001,-1.321764e+003, 3.378366e+003,-2.057011e+003,-7.956359e+000,-7.261257e+001,-4.907698e+001, 0.000000e+000, 0.000000e+000, 0.000000e+000, 0.000000e+000
 2.719500e-001,-1.380304e+003, 3.385467e+003,-2.005574e+003,-8.975630e+000,-7.342183e+001,-4.701880e+001, 0.000000e+000, 0.000000e+000, 0.000000e+000, 0.000000e+000
 2.720000e-001,-1.438512e+003, 3.391249e+003,-1.953429e+003,-1.000128e+001,-7.421427e+001,-4.495242e+001, 0.000000e+000, 0.000000e+000, 0.000000e+000, 0.000000e+000
 2.720500e-001,-1.496054e+003, 3.395945e+003,-1.900591e+003,-1.103270e+001,-7.498975e+001,-4.287816e+001, 0.000000e+000, 0.000000e+000, 0.000000e+000, 0.000000e+000
 2.721000e-001,-1.553219e+003, 3.399310e+003,-1.847070e+003,-1.206946e+001,-7.574757e+001,-4.079715e+001, 0.000000e+000, 0.000000e+000, 0.000000e+000, 0.000000e+000
 2.721500e-001,-1.609683e+003, 3.401592e+003,-1.792907e+003,-1.311087e+001,-7.648750e+001,-3.870968e+001, 0.000000e+000, 0.000000e+000, 0.000000e+000, 0.000000e+000
 2.722000e-001,-1.665726e+003, 3.402534e+003,-1.738088e+003,-1.415646e+001,-7.720882e+001,-3.661681e+001, 0.000000e+000, 0.000000e+000, 0.000000e+000, 0.000000e+000
 2.722500e-001,-1.721032e+003, 3.402398e+003,-1.682678e+003,-1.520546e+001,-7.791123e+001,-3.451878e+001, 0.000000e+000, 0.000000e+000, 0.000000e+000, 0.000000e+000
 2.723000e-001,-1.775873e+003, 3.400916e+003,-1.626640e+003,-1.625735e+001,-7.859403e+001,-3.241660e+001, 0.000000e+000, 0.000000e+000, 0.000000e+000, 0.000000e+000
 2.723500e-001,-1.829943e+003, 3.398360e+003,-1.570062e+003,-1.731130e+001,-7.925681e+001,-3.031047e+001, 0.000000e+000, 0.000000e+000, 0.000000e+000, 0.000000e+000
 2.724000e-001,-1.883506e+003, 3.394456e+003,-1.512885e+003,-1.836677e+001,-7.989890e+001,-2.820133e+001, 0.000000e+000, 0.000000e+000, 0.000000e+000, 0.000000e+000
 2.724500e-001,-1.936265e+003, 3.389483e+003,-1.455220e+003,-1.942285e+001,-8.051979e+001,-2.608936e+001, 0.000000e+000, 0.000000e+000, 0.000000e+000, 0.000000e+000
 2.725000e-001,-1.988473e+003, 3.383162e+003,-1.396986e+003,-2.047896e+001,-8.111883e+001,-2.397542e+001, 0.000000e+000, 0.000000e+000, 0.000000e+000, 0.000000e+000
 2.725500e-001,-2.039845e+003, 3.375777e+003,-1.338317e+003,-2.153415e+001,-8.169543e+001,-2.185967e+001, 0.000000e+000, 0.000000e+000, 0.000000e+000, 0.000000e+000
 2.726000e-001,-2.090626e+003, 3.367049e+003,-1.279110e+003,-2.258783e+001,-8.224896e+001,-1.974290e+001, 0.000000e+000, 0.000000e+000, 0.000000e+000, 0.000000e+000
 2.726500e-001,-2.140540e+003, 3.357261e+003,-1.219521e+003,-2.363898e+001,-8.277876e+001,-1.762525e+001, 0.000000e+000, 0.000000e+000, 0.000000e+000, 0.000000e+000
 2.727000e-001,-2.189821e+003, 3.346138e+003,-1.159426e+003,-2.468700e+001,-8.328423e+001,-1.550745e+001, 0.000000e+000, 0.000000e+000, 0.000000e+000, 0.000000e+000
 2.727500e-001,-2.238206e+003, 3.333961e+003,-1.099000e+003,-2.573084e+001,-8.376463e+001,-1.338961e+001, 0.000000e+000, 0.000000e+000, 0.000000e+000, 0.000000e+000
 2.728000e-001,-2.285917e+003, 3.320458e+003,-1.038104e+003,-2.676987e+001,-8.421940e+001,-1.127241e+001, 0.000000e+000, 0.000000e+000, 0.000000e+000, 0.000000e+000
 2.728500e-001,-2.332705e+003, 3.305907e+003,-9.769293e+002,-2.780303e+001,-8.464772e+001,-9.155948e+000, 0.000000e+000, 0.000000e+000, 0.000000e+000, 0.000000e+000
 2.729000e-001,-2.378780e+003, 3.290044e+003,-9.153190e+002,-2.882966e+001,-8.504907e+001,-7.040835e+000, 0.000000e+000, 0.000000e+000, 0.000000e+000, 0.000000e+000
 2.729500e-001,-2.423904e+003, 3.273140e+003,-8.534813e+002,-2.984870e+001,-8.542260e+001,-4.927177e+000, 0.000000e+000, 0.000000e+000, 0.000000e+000, 0.000000e+000
 2.730000e-001,-2.468277e+003, 3.254939e+003,-7.912456e+002,-3.085948e+001,-8.576781e+001,-2.815519e+000, 0.000000e+000, 0.000000e+000, 0.000000e+000, 0.000000e+000
 2.730500e-001,-2.511673e+003, 3.235704e+003,-7.288329e+002,-3.186094e+001,-8.608380e+001,-7.059793e-001, 0.000000e+000, 0.000000e+000, 0.000000e+000, 0.000000e+000
 2.731000e-001,-2.554281e+003, 3.215193e+003,-6.660610e+002,-3.285240e+001,-8.637014e+001, 1.400960e+000, 0.000000e+000, 0.000000e+000, 0.000000e+000, 0.000000e+000
 2.731500e-001,-2.595889e+003, 3.193653e+003,-6.031616e+002,-3.383280e+001,-8.662589e+001, 3.505157e+000, 0.000000e+000, 0.000000e+000, 0.000000e+000, 0.000000e+000
 2.732000e-001,-2.636671e+003, 3.170860e+003,-5.399436e+002,-3.480149e+001,-8.685065e+001, 5.606192e+000, 0.000000e+000, 0.000000e+000, 0.000000e+000, 0.000000e+000
 2.732500e-001,-2.676430e+003, 3.147046e+003,-4.766466e+002,-3.575739e+001,-8.704346e+001, 7.703889e+000, 0.000000e+000, 0.000000e+000, 0.000000e+000, 0.000000e+000
 2.733000e-001,-2.715329e+003, 3.122005e+003,-4.130731e+002,-3.669987e+001,-8.720401e+001, 9.797887e+000, 0.000000e+000, 0.000000e+000, 0.000000e+000, 0.000000e+000
 2.733500e-001,-2.753184e+003, 3.095950e+003,-3.494677e+002,-3.762789e+001,-8.733131e+001, 1.188797e+001, 0.000000e+000, 0.000000e+000, 0.000000e+000, 0.000000e+000
 2.734000e-001,-2.790144e+003, 3.068696e+003,-2.856297e+002,-3.854083e+001,-8.742510e+001, 1.397383e+001, 0.000000e+000, 0.000000e+000, 0.000000e+000, 0.000000e+000
 2.734500e-001,-2.826040e+003, 3.040437e+003,-2.218059e+002,-3.943765e+001,-8.748441e+001, 1.605520e+001, 0.000000e+000, 0.000000e+000, 0.000000e+000, 0.000000e+000
 2.735000e-001,-2.861008e+003, 3.011009e+003,-1.577946e+002,-4.031778e+001,-8.750902e+001, 1.813183e+001, 0.000000e+000, 0.000000e+000, 0.000000e+000, 0.000000e+000
 2.735500e-001,-2.894894e+003, 2.980586e+003,-9.384224e+001,-4.118021e+001,-8.749799e+001, 2.020338e+001, 0.000000e+000, 0.000000e+000, 0.000000e+000, 0.000000e+000
 2.736000e-001,-2.927820e+003, 2.949027e+003,-2.974925e+001,-4.202440e+001,-8.745119e+001, 2.226965e+001, 0.000000e+000, 0.000000e+000, 0.000000e+000, 0.000000e+000
 2.736500e-001,-2.959647e+003, 2.916484e+003, 3.424170e+001,-4.284937e+001,-8.736768e+001, 2.433026e+001, 0.000000e+000, 0.000000e+000, 0.000000e+000, 0.000000e+000
 2.737000e-001,-2.990485e+003, 2.882839e+003, 9.832496e+001,-4.365463e+001,-8.724740e+001, 2.638501e+001, 0.000000e+000, 0.000000e+000, 0.000000e+000, 0.000000e+000
 2.737500e-001,-3.020209e+003, 2.848221e+003, 1.622644e+002,-4.443923e+001,-8.708947e+001, 2.843348e+001, 0.000000e+000, 0.000000e+000, 0.000000e+000, 0.000000e+000
 2.738000e-001,-3.048912e+003, 2.812540e+003, 2.262466e+002,-4.520274e+001,-8.689391e+001, 3.047549e+001, 0.000000e+000, 0.000000e+000, 0.000000e+000, 0.000000e+000
 2.738500e-001,-3.076490e+003, 2.775897e+003, 2.900447e+002,-4.594424e+001,-8.665987e+001, 3.251054e+001, 0.000000e+000, 0.000000e+000, 0.000000e+000, 0.000000e+000
 2.739000e-001,-3.103019e+003, 2.738230e+003, 3.538347e+002,-4.666338e+001,-8.638746e+001, 3.453850e+001, 0.000000e+000, 0.000000e+000, 0.000000e+000, 0.000000e+000
 2.739500e-001,-3.128411e+003, 2.699615e+003, 4.174018e+002,-4.735924e+001,-8.607590e+001, 3.655878e+001, 0.000000e+000, 0.000000e+000, 0.000000e+000, 0.000000e+000
 2.740000e-001,-3.152726e+003, 2.660017e+003, 4.809089e+002,-4.803157e+001,-8.572539e+001, 3.857126e+001, 0.000000e+000, 0.000000e+000, 0.000000e+000, 0.000000e+000
 2.740500e-001,-3.175896e+003, 2.619486e+003, 5.441558e+002,-4.867949e+001,-8.533521e+001, 4.057529e+001, 0.000000e+000, 0.000000e+000, 0.000000e+000, 0.000000e+000
 2.741000e-001,-3.197961e+003, 2.578013e+003, 6.072898e+002,-4.930281e+001,-8.490564e+001, 4.257076e+001, 0.000000e+000, 0.000000e+000, 0.000000e+000, 0.000000e+000
 2.741500e-001,-3.218876e+003, 2.535624e+003, 6.701276e+002,-4.990070e+001,-8.443607e+001, 4.455693e+001, 0.000000e+000, 0.000000e+000, 0.000000e+000, 0.000000e+000
 2.742000e-001,-3.238661e+003, 2.492337e+003, 7.327990e+002,-5.047306e+001,-8.392685e+001, 4.653369e+001, 0.000000e+000, 0.000000e+000, 0.000000e+000, 0.000000e+000
 2.742500e-001,-3.257290e+003, 2.448151e+003, 7.951393e+002,-5.101910e+001,-8.337747e+001, 4.850025e+001, 0.000000e+000, 0.000000e+000, 0.000000e+000, 0.000000e+000
 2.743000e-001,-3.274764e+003, 2.403112e+003, 8.572593e+002,-5.153878e+001,-8.278837e+001, 5.045649e+001, 0.000000e+000, 0.000000e+000, 0.000000e+000, 0.000000e+000
 2.743500e-001,-3.291081e+003, 2.357193e+003, 9.190148e+002,-5.203139e+001,-8.215913e+001, 5.240154e+001, 0.000000e+000, 0.000000e+000, 0.000000e+000, 0.000000e+000
 2.744000e-001,-3.306219e+003, 2.310467e+003, 9.804955e+002,-5.249697e+001,-8.149028e+001, 5.433526e+001, 0.000000e+000, 0.000000e+000, 0.000000e+000, 0.000000e+000
 2.744500e-001,-3.320199e+003, 2.262881e+003, 1.041579e+003,-5.293484e+001,-8.078153e+001, 5.625674e+001, 0.000000e+000, 0.000000e+000, 0.000000e+000, 0.000000e+000
 2.745000e-001,-3.332979e+003, 2.214535e+003, 1.102334e+003,-5.334515e+001,-8.003348e+001, 5.816581e+001, 0.000000e+000, 0.000000e+000, 0.000000e+000, 0.000000e+000
 2.745500e-001,-3.344603e+003, 2.165352e+003, 1.162660e+003,-5.372727e+001,-7.924596e+001, 6.006149e+001, 0.000000e+000, 0.000000e+000, 0.000000e+000, 0.000000e+000
 2.746000e-001,-3.355005e+003, 2.115456e+003, 1.222603e+003,-5.408143e+001,-7.841964e+001, 6.194359e+001, 0.000000e+000, 0.000000e+000, 0.000000e+000, 0.000000e+000
 2.746500e-001,-3.364255e+003, 2.064747e+003, 1.282086e+003,-5.440706e+001,-7.755448e+001, 6.381109e+001, 0.000000e+000, 0.000000e+000, 0.000000e+000, 0.000000e+000
 2.747000e-001,-3.372264e+003, 2.013371e+003, 1.341133e+003,-5.470447e+001,-7.665125e+001, 6.566375e+001, 0.000000e+000, 0.000000e+000, 0.000000e+000, 0.000000e+000
 2.747500e-001,-3.379126e+003, 1.961209e+003, 1.399690e+003,-5.497317e+001,-7.571000e+001, 6.750052e+001, 0.000000e+000, 0.000000e+000, 0.000000e+000, 0.000000e+000
 2.748000e-001,-3.384729e+003, 1.908429e+003, 1.457757e+003,-5.521353e+001,-7.473158e+001, 6.932111e+001, 0.000000e+000, 0.000000e+000, 0.000000e+000, 0.000000e+000
 2.748500e-001,-3.389193e+003, 1.854890e+003, 1.515306e+003,-5.542514e+001,-7.371619e+001, 7.112443e+001, 0.000000e+000, 0.000000e+000, 0.000000e+000, 0.000000e+000
 2.749000e-001,-3.392383e+003, 1.800781e+003, 1.572312e+003,-5.560844e+001,-7.266474e+001, 7.291016e+001, 0.000000e+000, 0.000000e+000, 0.000000e+000, 0.000000e+000
 2.749500e-001,-3.394441e+003, 1.745941e+003, 1.628770e+003,-5.576310e+001,-7.157754e+001, 7.467719e+001, 0.000000e+000, 0.000000e+000, 0.000000e+000, 0.000000e+000
 2.750000e-001,-3.395211e+003, 1.690581e+003, 1.684635e+003,-5.588962e+001,-7.045556e+001, 7.642515e+001, 0.000000e+000, 0.000000e+000, 0.000000e+000, 0.000000e+000
 2.750500e-001,-3.394861e+003, 1.634521e+003, 1.739923e+003,-5.598776e+001,-6.929925e+001, 7.815289e+001, 0.000000e+000, 0.000000e+000, 0.000000e+000, 0.000000e+000
 2.751000e-001,-3.393210e+003, 1.577988e+003, 1.794568e+003,-5.605806e+001,-6.810963e+001, 7.986000e+001, 0.000000e+000, 0.000000e+000, 0.000000e+000, 0.000000e+000
 2.751500e-001,-3.390449e+003, 1.520788e+003, 1.848608e+003,-5.610038e+001,-6.688728e+001, 8.154535e+001, 0.000000e+000, 0.000000e+000, 0.000000e+000, 0.000000e+000
 2.752000e-001,-3.386379e+003, 1.463164e+003, 1.901958e+003,-5.611531e+001,-6.563325e+001, 8.320845e+001, 0.000000e+000, 0.000000e+000, 0.000000e+000, 0.000000e+000
 2.752500e-001,-3.381212e+003, 1.404908e+003, 1.954673e+003,-5.610279e+001,-6.434824e+001, 8.484818e+001, 0.000000e+000, 0.000000e+000, 0.000000e+000, 0.000000e+000
 2.753000e-001,-3.374728e+003, 1.346273e+003, 2.006651e+003,-5.606346e+001,-6.303336e+001, 8.646398e+001, 0.000000e+000, 0.000000e+000, 0.000000e+000, 0.000000e+000
 2.753500e-001,-3.367160e+003, 1.287045e+003, 2.057967e+003,-5.599735e+001,-6.168939e+001, 8.805476e+001, 0.000000e+000, 0.000000e+000, 0.000000e+000, 0.000000e+000
 2.754000e-001,-3.358272e+003, 1.227484e+003, 2.108501e+003,-5.590514e+001,-6.031747e+001, 8.961993e+001, 0.000000e+000, 0.000000e+000, 0.000000e+000, 0.000000e+000
 2.754500e-001,-3.348313e+003, 1.167368e+003, 2.158344e+003,-5.578693e+001,-5.891852e+001, 9.115839e+001, 0.000000e+000, 0.000000e+000, 0.000000e+000, 0.000000e+000
 2.755000e-001,-3.337032e+003, 1.106966e+003, 2.207364e+003,-5.564344e+001,-5.749366e+001, 9.266949e+001, 0.000000e+000, 0.000000e+000, 0.000000e+000, 0.000000e+000
 2.755500e-001,-3.324696e+003, 1.046050e+003, 2.255663e+003,-5.547487e+001,-5.604392e+001, 9.415218e+001, 0.000000e+000, 0.000000e+000, 0.000000e+000, 0.000000e+000
 2.756000e-001,-3.311039e+003, 9.848918e+002, 2.303100e+003,-5.528194e+001,-5.457043e+001, 9.560576e+001, 0.000000e+000, 0.000000e+000, 0.000000e+000, 0.000000e+000
 2.756500e-001,-3.296342e+003, 9.232626e+002, 2.349787e+003,-5.506496e+001,-5.307430e+001, 9.702921e+001, 0.000000e+000, 0.000000e+000, 0.000000e+000, 0.000000e+000
 2.757000e-001,-3.280327e+003, 8.614354e+002, 2.395574e+003,-5.482465e+001,-5.155666e+001, 9.842178e+001, 0.000000e+000, 0.000000e+000, 0.000000e+000, 0.000000e+000
 2.757500e-001,-3.263289e+003, 7.991818e+002, 2.440583e+003,-5.456140e+001,-5.001870e+001, 9.978252e+001, 0.000000e+000, 0.000000e+000, 0.000000e+000, 0.000000e+000
 2.758000e-001,-3.244940e+003, 7.367729e+002, 2.484656e+003,-5.427593e+001,-4.846152e+001, 1.011106e+002, 0.000000e+000, 0.000000e+000, 0.000000e+000, 0.000000e+000
 2.758500e-001,-3.225583e+003, 6.739842e+002, 2.527920e+003,-5.396873e+001,-4.688641e+001, 1.024052e+002, 0.000000e+000, 0.000000e+000, 0.000000e+000, 0.000000e+000
 2.759000e-001,-3.204927e+003, 6.110817e+002, 2.570218e+003,-5.364050e+001,-4.529443e+001, 1.036654e+002, 0.000000e+000, 0.000000e+000, 0.000000e+000, 0.000000e+000
 2.759500e-001,-3.183280e+003, 5.478478e+002, 2.611678e+003,-5.329181e+001,-4.368691e+001, 1.048903e+002, 0.000000e+000, 0.000000e+000, 0.000000e+000, 0.000000e+000
 2.760000e-001,-3.160344e+003, 4.845403e+002, 2.652140e+003,-5.292335e+001,-4.206489e+001, 1.060791e+002, 0.000000e+000, 0.000000e+000, 0.000000e+000, 0.000000e+000
 2.760500e-001,-3.136436e+003, 4.209518e+002, 2.691736e+003,-5.253575e+001,-4.042974e+001, 1.072311e+002, 0.000000e+000, 0.000000e+000, 0.000000e+000, 0.000000e+000
 2.761000e-001,-3.111255e+003, 3.573285e+002, 2.730306e+003,-5.212970e+001,-3.878246e+001, 1.083453e+002, 0.000000e+000, 0.000000e+000, 0.000000e+000, 0.000000e+000
 2.761500e-001,-3.085119e+003, 2.934760e+002, 2.767980e+003,-5.170587e+001,-3.712445e+001, 1.094210e+002, 0.000000e+000, 0.000000e+000, 0.000000e+000, 0.000000e+000
 2.762000e-001,-3.057729e+003, 2.296263e+002, 2.804604e+003,-5.126493e+001,-3.545665e+001, 1.104574e+002, 0.000000e+000, 0.000000e+000, 0.000000e+000, 0.000000e+000
 2.762500e-001,-3.029402e+003, 1.656010e+002, 2.840303e+003,-5.080762e+001,-3.378051e+001, 1.114536e+002, 0.000000e+000, 0.000000e+000, 0.000000e+000, 0.000000e+000
 2.763000e-001,-2.999843e+003, 1.016146e+002, 2.874930e+003,-5.033456e+001,-3.209686e+001, 1.124090e+002, 0.000000e+000, 0.000000e+000, 0.000000e+000, 0.000000e+000
 2.763500e-001,-2.969364e+003, 3.750742e+001, 2.908602e+003,-4.984653e+001,-3.040719e+001, 1.133228e+002, 0.000000e+000, 0.000000e+000, 0.000000e+000, 0.000000e+000
 2.764000e-001,-2.937677e+003,-2.652576e+001, 2.941181e+003,-4.934412e+001,-2.871227e+001, 1.141942e+002, 0.000000e+000, 0.000000e+000, 0.000000e+000, 0.000000e+000
 2.764500e-001,-2.905091e+003,-9.062368e+001, 2.972780e+003,-4.882814e+001,-2.701357e+001, 1.150226e+002, 0.000000e+000, 0.000000e+000, 0.000000e+000, 0.000000e+000
 2.765000e-001,-2.871323e+003,-1.546139e+002, 3.003265e+003,-4.829914e+001,-2.531178e+001, 1.158072e+002, 0.000000e+000, 0.000000e+000, 0.000000e+000, 0.000000e+000
 2.765500e-001,-2.836675e+003,-2.186116e+002, 3.032744e+003,-4.775795e+001,-2.360838e+001, 1.165476e+002, 0.000000e+000, 0.000000e+000, 0.000000e+000, 0.000000e+000
 2.766000e-001,-2.800873e+003,-2.824691e+002, 3.061093e+003,-4.720507e+001,-2.190396e+001, 1.172429e+002, 0.000000e+000, 0.000000e+000, 0.000000e+000, 0.000000e+000
 2.766500e-001,-2.764212e+003,-3.462762e+002, 3.088409e+003,-4.664133e+001,-2.019997e+001, 1.178926e+002, 0.000000e+000, 0.000000e+000, 0.000000e+000, 0.000000e+000
 2.767000e-001,-2.726430e+003,-4.099113e+002, 3.114581e+003,-4.606720e+001,-1.849695e+001, 1.184961e+002, 0.000000e+000, 0.000000e+000, 0.000000e+000, 0.000000e+000
 2.767500e-001,-2.687809e+003,-4.734375e+002, 3.139696e+003,-4.548350e+001,-1.679629e+001, 1.190529e+002, 0.000000e+000, 0.000000e+000, 0.000000e+000, 0.000000e+000
 2.768000e-001,-2.648100e+003,-5.367612e+002, 3.163653e+003,-4.489063e+001,-1.509844e+001, 1.195624e+002, 0.000000e+000, 0.000000e+000, 0.000000e+000, 0.000000e+000
 2.768500e-001,-2.607574e+003,-5.999168e+002, 3.186531e+003,-4.428942e+001,-1.340477e+001, 1.200242e+002, 0.000000e+000, 0.000000e+000, 0.000000e+000, 0.000000e+000
 2.769000e-001,-2.565996e+003,-6.628402e+002, 3.208238e+003,-4.368019e+001,-1.171562e+001, 1.204378e+002, 0.000000e+000, 0.000000e+000, 0.000000e+000, 0.000000e+000
 2.769500e-001,-2.523622e+003,-7.255363e+002, 3.228846e+003,-4.306376e+001,-1.003233e+001, 1.208028e+002, 0.000000e+000, 0.000000e+000, 0.000000e+000, 0.000000e+000
 2.770000e-001,-2.480236e+003,-7.879711e+002, 3.248273e+003,-4.244038e+001,-8.355138e+000, 1.211187e+002, 0.000000e+000, 0.000000e+000, 0.000000e+000, 0.000000e+000
 2.770500e-001,-2.436075e+003,-8.501196e+002, 3.266581e+003,-4.181086e+001,-6.685316e+000, 1.213854e+002, 0.000000e+000, 0.000000e+000, 0.000000e+000, 0.000000e+000
 2.771000e-001,-2.390942e+003,-9.119781e+002, 3.283698e+003,-4.117536e+001,-5.023049e+000, 1.216022e+002, 0.000000e+000, 0.000000e+000, 0.000000e+000, 0.000000e+000
 2.771500e-001,-2.345059e+003,-9.734916e+002, 3.299680e+003,-4.053466e+001,-3.369516e+000, 1.217692e+002, 0.000000e+000, 0.000000e+000, 0.000000e+000, 0.000000e+000
 2.772000e-001,-2.298245e+003,-1.034687e+003, 3.314464e+003,-3.988885e+001,-1.724835e+000, 1.218859e+002, 0.000000e+000, 0.000000e+000, 0.000000e+000, 0.000000e+000
 2.772500e-001,-2.250704e+003,-1.095479e+003, 3.328096e+003,-3.923866e+001,-9.010261e-002, 1.219522e+002, 0.000000e+000, 0.000000e+000, 0.000000e+000, 0.000000e+000
 2.773000e-001,-2.202277e+003,-1.155925e+003, 3.340524e+003,-3.858411e+001, 1.534628e+000, 1.219678e+002, 0.000000e+000, 0.000000e+000, 0.000000e+000, 0.000000e+000
 2.773500e-001,-2.153147e+003,-1.215911e+003, 3.351788e+003,-3.792589e+001, 3.148349e+000, 1.219328e+002, 0.000000e+000, 0.000000e+000, 0.000000e+000, 0.000000e+000
 2.774000e-001,-2.103176e+003,-1.275523e+003, 3.361840e+003,-3.726394e+001, 4.751066e+000, 1.218469e+002, 0.000000e+000, 0.000000e+000, 0.000000e+000, 0.000000e+000
 2.774500e-001,-2.052528e+003,-1.334618e+003, 3.370720e+003,-3.659890e+001, 6.341863e+000, 1.217101e+002, 0.000000e+000, 0.000000e+000, 0.000000e+000, 0.000000e+000
 2.775000e-001,-2.001086e+003,-1.393312e+003, 3.378382e+003,-3.593063e+001, 7.920799e+000, 1.215224e+002, 0.000000e+000, 0.000000e+000, 0.000000e+000, 0.000000e+000
 2.775500e-001,-1.948992e+003,-1.451433e+003, 3.384864e+003,-3.525971e+001, 9.487054e+000, 1.212838e+002, 0.000000e+000, 0.000000e+000, 0.000000e+000, 0.000000e+000
 2.776000e-001,-1.896154e+003,-1.509126e+003, 3.390124e+003,-3.458593e+001, 1.104073e+001, 1.209944e+002, 0.000000e+000, 0.000000e+000, 0.000000e+000, 0.000000e+000
 2.776500e-001,-1.842689e+003,-1.566193e+003, 3.394198e+003,-3.390982e+001, 1.258111e+001, 1.206544e+002, 0.000000e+000, 0.000000e+000, 0.000000e+000, 0.000000e+000
 2.777000e-001,-1.788530e+003,-1.622803e+003, 3.397047e+003,-3.323107e+001, 1.410832e+001, 1.202637e+002, 0.000000e+000, 0.000000e+000, 0.000000e+000, 0.000000e+000
 2.777500e-001,-1.733771e+003,-1.678736e+003, 3.398708e+003,-3.255018e+001, 1.562175e+001, 1.198227e+002, 0.000000e+000, 0.000000e+000, 0.000000e+000, 0.000000e+000
 2.778000e-001,-1.678370e+003,-1.734183e+003, 3.399142e+003,-3.186676e+001, 1.712155e+001, 1.193316e+002, 0.000000e+000, 0.000000e+000, 0.000000e+000, 0.000000e+000
 2.778500e-001,-1.622396e+003,-1.788903e+003, 3.398387e+003,-3.118126e+001, 1.860721e+001, 1.187906e+002, 0.000000e+000, 0.000000e+000, 0.000000e+000, 0.000000e+000
 2.779000e-001,-1.565832e+003,-1.843109e+003, 3.396403e+003,-3.049320e+001, 2.007891e+001, 1.182000e+002, 0.000000e+000, 0.000000e+000, 0.000000e+000, 0.000000e+000
 2.779500e-001,-1.508722e+003,-1.896540e+003, 3.393233e+003,-2.980298e+001, 2.153622e+001, 1.175602e+002, 0.000000e+000, 0.000000e+000, 0.000000e+000, 0.000000e+000
 2.780000e-001,-1.451078e+003,-1.949427e+003, 3.388833e+003,-2.911007e+001, 2.297934e+001, 1.168716e+002, 0.000000e+000, 0.000000e+000, 0.000000e+000, 0.000000e+000
 2.780500e-001,-1.392915e+003,-2.001495e+003, 3.383253e+003,-2.841483e+001, 2.440793e+001, 1.161346e+002, 0.000000e+000, 0.000000e+000, 0.000000e+000, 0.000000e+000
 2.781000e-001,-1.334273e+003,-2.052989e+003, 3.376443e+003,-2.771663e+001, 2.582218e+001, 1.153498e+002, 0.000000e+000, 0.000000e+000, 0.000000e+000, 0.000000e+000
 2.781500e-001,-1.275140e+003,-2.103619e+003, 3.368458e+003,-2.701580e+001, 2.722186e+001, 1.145174e+002, 0.000000e+000, 0.000000e+000, 0.000000e+000, 0.000000e+000
 2.782000e-001,-1.215584e+003,-2.153646e+003, 3.359246e+003,-2.631167e+001, 2.860714e+001, 1.136383e+002, 0.000000e+000, 0.000000e+000, 0.000000e+000, 0.000000e+000
 2.782500e-001,-1.155565e+003,-2.202769e+003, 3.348870e+003,-2.560453e+001, 2.997788e+001, 1.127128e+002, 0.000000e+000, 0.000000e+000, 0.000000e+000, 0.000000e+000
 2.783000e-001,-1.095182e+003,-2.251258e+003, 3.337269e+003,-2.489364e+001, 3.133425e+001, 1.117417e+002, 0.000000e+000, 0.000000e+000, 0.000000e+000, 0.000000e+000
 2.783500e-001,-1.034362e+003,-2.298805e+003, 3.324514e+003,-2.417927e+001, 3.267617e+001, 1.107255e+002, 0.000000e+000, 0.000000e+000, 0.000000e+000, 0.000000e+000
 2.784000e-001,-9.732374e+002,-2.345686e+003, 3.310539e+003,-2.346063e+001, 3.400378e+001, 1.096650e+002, 0.000000e+000, 0.000000e+000, 0.000000e+000, 0.000000e+000
 2.784500e-001,-9.117053e+002,-2.391590e+003, 3.295424e+003,-2.273798e+001, 3.531710e+001, 1.085609e+002, 0.000000e+000, 0.000000e+000, 0.000000e+000, 0.000000e+000
 2.785000e-001,-8.499263e+002,-2.436796e+003, 3.279095e+003,-2.201049e+001, 3.661624e+001, 1.074139e+002, 0.000000e+000, 0.000000e+000, 0.000000e+000, 0.000000e+000
 2.785500e-001,-7.877690e+002,-2.480992e+003, 3.261641e+003,-2.127839e+001, 3.790126e+001, 1.062248e+002, 0.000000e+000, 0.000000e+000, 0.000000e+000, 0.000000e+000
 2.786000e-001,-7.254241e+002,-2.524460e+003, 3.242980e+003,-2.054084e+001, 3.917226e+001, 1.049945e+002, 0.000000e+000, 0.000000e+000, 0.000000e+000, 0.000000e+000
 2.786500e-001,-6.627302e+002,-2.566886e+003, 3.223211e+003,-1.979805e+001, 4.042935e+001, 1.037236e+002, 0.000000e+000, 0.000000e+000, 0.000000e+000, 0.000000e+000
 2.787000e-001,-5.999083e+002,-2.608552e+003, 3.202245e+003,-1.904919e+001, 4.167260e+001, 1.024132e+002, 0.000000e+000, 0.000000e+000, 0.000000e+000, 0.000000e+000
 2.787500e-001,-5.367671e+002,-2.649148e+003, 3.180188e+003,-1.829443e+001, 4.290215e+001, 1.010640e+002, 0.000000e+000, 0.000000e+000, 0.000000e+000, 0.000000e+000
 2.788000e-001,-4.735573e+002,-2.688953e+003, 3.156947e+003,-1.753296e+001, 4.411805e+001, 9.967710e+001, 0.000000e+000, 0.000000e+000, 0.000000e+000, 0.000000e+000
 2.788500e-001,-4.100588e+002,-2.727662e+003, 3.132634e+003,-1.676494e+001, 4.532047e+001, 9.825324e+001, 0.000000e+000, 0.000000e+000, 0.000000e+000, 0.000000e+000
 2.789000e-001,-3.465508e+002,-2.765548e+003, 3.107150e+003,-1.598959e+001, 4.650941e+001, 9.679350e+001, 0.000000e+000, 0.000000e+000, 0.000000e+000, 0.000000e+000
 2.789500e-001,-2.827853e+002,-2.802315e+003, 3.080615e+003,-1.520706e+001, 4.768510e+001, 9.529875e+001, 0.000000e+000, 0.000000e+000, 0.000000e+000, 0.000000e+000
 2.790000e-001,-2.190690e+002,-2.838229e+003, 3.052924e+003,-1.441661e+001, 4.884745e+001, 9.377004e+001, 0.000000e+000, 0.000000e+000, 0.000000e+000, 0.000000e+000
 2.790500e-001,-1.551272e+002,-2.873001e+003, 3.024204e+003,-1.361837e+001, 4.999674e+001, 9.220831e+001, 0.000000e+000, 0.000000e+000, 0.000000e+000, 0.000000e+000
 2.791000e-001,-9.129245e+001,-2.906891e+003, 2.994347e+003,-1.281167e+001, 5.113284e+001, 9.061461e+001, 0.000000e+000, 0.000000e+000, 0.000000e+000, 0.000000e+000
 2.791500e-001,-2.726527e+001,-2.939620e+003, 2.963483e+003,-1.199665e+001, 5.225600e+001, 8.898991e+001, 0.000000e+000, 0.000000e+000, 0.000000e+000, 0.000000e+000
 2.792000e-001, 3.659794e+001,-2.971435e+003, 2.931501e+003,-1.117267e+001, 5.336609e+001, 8.733527e+001, 0.000000e+000, 0.000000e+000, 0.000000e+000, 0.000000e+000
 2.792500e-001, 1.006195e+002,-3.002073e+003, 2.898536e+003,-1.033990e+001, 5.446333e+001, 8.565170e+001, 0.000000e+000, 0.000000e+000, 0.000000e+000, 0.000000e+000
 2.793000e-001, 1.644215e+002,-3.031770e+003, 2.864477e+003,-9.497787e+000, 5.554756e+001, 8.394024e+001, 0.000000e+000, 0.000000e+000, 0.000000e+000, 0.000000e+000
 2.793500e-001, 2.283465e+002,-3.060274e+003, 2.829458e+003,-8.646479e+000, 5.661899e+001, 8.220193e+001, 0.000000e+000, 0.000000e+000, 0.000000e+000, 0.000000e+000
 2.794000e-001, 2.919977e+002,-3.087808e+003, 2.793369e+003,-7.785532e+000, 5.767740e+001, 8.043780e+001, 0.000000e+000, 0.000000e+000, 0.000000e+000, 0.000000e+000
 2.794500e-001, 3.557354e+002,-3.114136e+003, 2.756346e+003,-6.915095e+000, 5.872300e+001, 7.864890e+001, 0.000000e+000, 0.000000e+000, 0.000000e+000, 0.000000e+000
 2.795000e-001, 4.191466e+002,-3.139469e+003, 2.718280e+003,-6.034831e+000, 5.975551e+001, 7.683624e+001, 0.000000e+000, 0.000000e+000, 0.000000e+000, 0.000000e+000
 2.795500e-001, 4.826065e+002,-3.163584e+003, 2.679306e+003,-5.144892e+000, 6.077512e+001, 7.500088e+001, 0.000000e+000, 0.000000e+000, 0.000000e+000, 0.000000e+000
 2.796000e-001, 5.456893e+002,-3.186677e+003, 2.639317e+003,-4.245058e+000, 6.178152e+001, 7.314380e+001, 0.000000e+000, 0.000000e+000, 0.000000e+000, 0.000000e+000
 2.796500e-001, 6.087811e+002,-3.208544e+003, 2.598446e+003,-3.335484e+000, 6.277485e+001, 7.126608e+001, 0.000000e+000, 0.000000e+000, 0.000000e+000, 0.000000e+000
 2.797000e-001, 6.714474e+002,-3.229365e+003, 2.556593e+003,-2.416076e+000, 6.375475e+001, 6.936863e+001, 0.000000e+000, 0.000000e+000, 0.000000e+000, 0.000000e+000
 2.797500e-001, 7.340817e+002,-3.248952e+003, 2.513885e+003,-1.486995e+000, 6.472133e+001, 6.745255e+001, 0.000000e+000, 0.000000e+000, 0.000000e+000, 0.000000e+000
 2.798000e-001, 7.962441e+002,-3.267471e+003, 2.470227e+003,-5.482782e-001, 6.567419e+001, 6.551871e+001, 0.000000e+000, 0.000000e+000, 0.000000e+000, 0.000000e+000
 2.798500e-001, 8.583320e+002,-3.284748e+003, 2.425741e+003, 3.999108e-001, 6.661341e+001, 6.356818e+001, 0.000000e+000, 0.000000e+000, 0.000000e+000, 0.000000e+000
 2.799000e-001, 9.199040e+002,-3.300938e+003, 2.380342e+003, 1.357396e+000, 6.753853e+001, 6.160180e+001, 0.000000e+000, 0.000000e+000, 0.000000e+000, 0.000000e+000
 2.799500e-001, 9.813574e+002,-3.315880e+003, 2.334143e+003, 2.324011e+000, 6.844957e+001, 5.962063e+001, 0.000000e+000, 0.000000e+000, 0.000000e+000, 0.000000e+000
 2.800000e-001, 1.042253e+003,-3.329717e+003, 2.287068e+003, 3.299439e+000, 6.934605e+001, 5.762543e+001, 0.000000e+000, 0.000000e+000, 0.000000e+000, 0.000000e+000
 2.800500e-001, 1.102985e+003,-3.342302e+003, 2.239222e+003, 4.283509e+000, 7.022794e+001, 5.561726e+001, 0.000000e+000, 0.000000e+000, 0.000000e+000, 0.000000e+000
 2.801000e-001, 1.163120e+003,-3.353766e+003, 2.190539e+003, 5.275768e+000, 7.109470e+001, 5.359681e+001, 0.000000e+000, 0.000000e+000, 0.000000e+000, 0.000000e+000
 2.801500e-001, 1.223043e+003,-3.363976e+003, 2.141114e+003, 6.276037e+000, 7.194626e+001, 5.156513e+001, 0.000000e+000, 0.000000e+000, 0.000000e+000, 0.000000e+000
 2.802000e-001, 1.282334e+003,-3.373049e+003, 2.090893e+003, 7.283727e+000, 7.278205e+001, 4.952285e+001, 0.000000e+000, 0.000000e+000, 0.000000e+000, 0.000000e+000
 2.802500e-001, 1.341365e+003,-3.380868e+003, 2.039960e+003, 8.298654e+000, 7.360193e+001, 4.747096e+001, 0.000000e+000, 0.000000e+000, 0.000000e+000, 0.000000e+000
 2.803000e-001, 1.399728e+003,-3.387536e+003, 1.988273e+003, 9.320095e+000, 7.440529e+001, 4.541006e+001, 0.000000e+000, 0.000000e+000, 0.000000e+000, 0.000000e+000
 2.803500e-001, 1.457782e+003,-3.392952e+003, 1.935906e+003, 1.034786e+001, 7.519194e+001, 4.334110e+001, 0.000000e+000, 0.000000e+000, 0.000000e+000, 0.000000e+000
 2.804000e-001, 1.515137e+003,-3.397207e+003, 1.882828e+003, 1.138111e+001, 7.596125e+001, 4.126460e+001, 0.000000e+000, 0.000000e+000, 0.000000e+000, 0.000000e+000
 2.804500e-001, 1.572132e+003,-3.400210e+003, 1.829101e+003, 1.241964e+001, 7.671295e+001, 3.918149e+001, 0.000000e+000, 0.000000e+000, 0.000000e+000, 0.000000e+000
 2.805000e-001, 1.628399e+003,-3.402044e+003, 1.774708e+003, 1.346248e+001, 7.744640e+001, 3.709222e+001, 0.000000e+000, 0.000000e+000, 0.000000e+000, 0.000000e+000
 2.805500e-001, 1.684255e+003,-3.402631e+003, 1.719698e+003, 1.450944e+001, 7.816126e+001, 3.499768e+001, 0.000000e+000, 0.000000e+000, 0.000000e+000, 0.000000e+000
 2.806000e-001, 1.739355e+003,-3.402040e+003, 1.664069e+003, 1.555943e+001, 7.885685e+001, 3.289827e+001, 0.000000e+000, 0.000000e+000, 0.000000e+000, 0.000000e+000
 2.806500e-001, 1.793991e+003,-3.400208e+003, 1.607855e+003, 1.661226e+001, 7.953281e+001, 3.079483e+001, 0.000000e+000, 0.000000e+000, 0.000000e+000, 0.000000e+000
 2.807000e-001, 1.847848e+003,-3.397193e+003, 1.551069e+003, 1.766675e+001, 8.018842e+001, 2.868770e+001, 0.000000e+000, 0.000000e+000, 0.000000e+000, 0.000000e+000
 2.807500e-001, 1.901188e+003,-3.392943e+003, 1.493733e+003, 1.872268e+001, 8.082327e+001, 2.657767e+001, 0.000000e+000, 0.000000e+000, 0.000000e+000, 0.000000e+000
 2.808000e-001, 1.953725e+003,-3.387508e+003, 1.435871e+003, 1.977879e+001, 8.143659e+001, 2.446504e+001, 0.000000e+000, 0.000000e+000, 0.000000e+000, 0.000000e+000
 2.808500e-001, 2.005693e+003,-3.380846e+003, 1.377494e+003, 2.083487e+001, 8.202797e+001, 2.235056e+001, 0.000000e+000, 0.000000e+000, 0.000000e+000, 0.000000e+000
 2.809000e-001, 2.056837e+003,-3.372998e+003, 1.318640e+003, 2.188958e+001, 8.259661e+001, 2.023446e+001, 0.000000e+000, 0.000000e+000, 0.000000e+000, 0.000000e+000
 2.809500e-001, 2.107360e+003,-3.363933e+003, 1.259305e+003, 2.294269e+001, 8.314204e+001, 1.811746e+001, 0.000000e+000, 0.000000e+000, 0.000000e+000, 0.000000e+000
 2.810000e-001, 2.157040e+003,-3.353682e+003, 1.199544e+003, 2.399283e+001, 8.366346e+001, 1.599975e+001, 0.000000e+000, 0.000000e+000, 0.000000e+000, 0.000000e+000
 2.810500e-001, 2.206045e+003,-3.342225e+003, 1.139337e+003, 2.503973e+001, 8.416037e+001, 1.388199e+001, 0.000000e+000, 0.000000e+000, 0.000000e+000, 0.000000e+000
 2.811000e-001, 2.254190e+003,-3.329586e+003, 1.078753e+003, 2.608199e+001, 8.463195e+001, 1.176436e+001, 0.000000e+000, 0.000000e+000, 0.000000e+000, 0.000000e+000
 2.811500e-001, 2.301609e+003,-3.315754e+003, 1.017760e+003, 2.711934e+001, 8.507769e+001, 9.647458e+000, 0.000000e+000, 0.000000e+000, 0.000000e+000, 0.000000e+000
 2.812000e-001, 2.348152e+003,-3.300744e+003, 9.564401e+002, 2.815035e+001, 8.549675e+001, 7.531433e+000, 0.000000e+000, 0.000000e+000, 0.000000e+000, 0.000000e+000
 2.812500e-001, 2.393917e+003,-3.284555e+003, 8.947477e+002, 2.917473e+001, 8.588860e+001, 5.416860e+000, 0.000000e+000, 0.000000e+000, 0.000000e+000, 0.000000e+000
 2.813000e-001, 2.438791e+003,-3.267195e+003, 8.327798e+002, 3.019104e+001, 8.625242e+001, 3.303853e+000, 0.000000e+000, 0.000000e+000, 0.000000e+000, 0.000000e+000
 2.813500e-001, 2.482837e+003,-3.248673e+003, 7.704767e+002, 3.119900e+001, 8.658766e+001, 1.192954e+000, 0.000000e+000, 0.000000e+000, 0.000000e+000, 0.000000e+000
 2.814000e-001, 2.525979e+003,-3.228987e+003, 7.079489e+002, 3.219714e+001, 8.689350e+001,-9.157382e-001, 0.000000e+000, 0.000000e+000, 0.000000e+000, 0.000000e+000
 2.814500e-001, 2.568245e+003,-3.208157e+003, 6.451238e+002, 3.318520e+001, 8.716940e+001,-3.021712e+000, 0.000000e+000, 0.000000e+000, 0.000000e+000, 0.000000e+000
 2.815000e-001, 2.609593e+003,-3.186173e+003, 5.821251e+002, 3.416172e+001, 8.741454e+001,-5.124878e+000, 0.000000e+000, 0.000000e+000, 0.000000e+000, 0.000000e+000
 2.815500e-001, 2.650018e+003,-3.163065e+003, 5.188679e+002, 3.512641e+001, 8.762842e+001,-7.224751e+000, 0.000000e+000, 0.000000e+000, 0.000000e+000, 0.000000e+000
 2.816000e-001, 2.689514e+003,-3.138814e+003, 4.554876e+002, 3.607787e+001, 8.781020e+001,-9.321243e+000, 0.000000e+000, 0.000000e+000, 0.000000e+000, 0.000000e+000
 2.816500e-001, 2.728041e+003,-3.113461e+003, 3.918884e+002, 3.701579e+001, 8.795942e+001,-1.141389e+001, 0.000000e+000, 0.000000e+000, 0.000000e+000, 0.000000e+000
 2.817000e-001, 2.765627e+003,-3.086978e+003, 3.282168e+002, 3.793880e+001, 8.807527e+001,-1.350260e+001, 0.000000e+000, 0.000000e+000, 0.000000e+000, 0.000000e+000
 2.817500e-001, 2.802202e+003,-3.059416e+003, 2.643661e+002, 3.884662e+001, 8.815731e+001,-1.558692e+001, 0.000000e+000, 0.000000e+000, 0.000000e+000, 0.000000e+000
 2.818000e-001, 2.837825e+003,-3.030738e+003, 2.004933e+002, 3.973791e+001, 8.820477e+001,-1.766674e+001, 0.000000e+000, 0.000000e+000, 0.000000e+000, 0.000000e+000
 2.818500e-001, 2.872396e+003,-3.001006e+003, 1.364819e+002, 4.061238e+001, 8.821724e+001,-1.974164e+001, 0.000000e+000, 0.000000e+000, 0.000000e+000, 0.000000e+000
 2.819000e-001, 2.906005e+003,-2.970174e+003, 7.249862e+001, 4.146875e+001, 8.819401e+001,-2.181148e+001, 0.000000e+000, 0.000000e+000, 0.000000e+000, 0.000000e+000
 2.819500e-001, 2.938522e+003,-2.938315e+003, 8.417468e+000, 4.230677e+001, 8.813470e+001,-2.387582e+001, 0.000000e+000, 0.000000e+000, 0.000000e+000, 0.000000e+000
 2.820000e-001, 2.970068e+003,-2.905373e+003,-5.558589e+001, 4.312520e+001, 8.803864e+001,-2.593452e+001, 0.000000e+000, 0.000000e+000, 0.000000e+000, 0.000000e+000
 2.820500e-001, 3.000485e+003,-2.871433e+003,-1.196458e+002, 4.392379e+001, 8.790555e+001,-2.798715e+001, 0.000000e+000, 0.000000e+000, 0.000000e+000, 0.000000e+000
 2.821000e-001, 3.029922e+003,-2.836429e+003,-1.835787e+002, 4.470139e+001, 8.773479e+001,-3.003351e+001, 0.000000e+000, 0.000000e+000, 0.000000e+000, 0.000000e+000
 2.821500e-001, 3.058197e+003,-2.800456e+003,-2.475266e+002, 4.545776e+001, 8.752612e+001,-3.207318e+001, 0.000000e+000, 0.000000e+000, 0.000000e+000, 0.000000e+000
 2.822000e-001, 3.085483e+003,-2.763440e+003,-3.112987e+002, 4.619185e+001, 8.727901e+001,-3.410592e+001, 0.000000e+000, 0.000000e+000, 0.000000e+000, 0.000000e+000
 2.822500e-001, 3.111575e+003,-2.725487e+003,-3.750439e+002, 4.690340e+001, 8.699327e+001,-3.613130e+001, 0.000000e+000, 0.000000e+000, 0.000000e+000, 0.000000e+000
 2.823000e-001, 3.136670e+003,-2.686511e+003,-4.385653e+002, 4.759147e+001, 8.666843e+001,-3.814904e+001, 0.000000e+000, 0.000000e+000, 0.000000e+000, 0.000000e+000
 2.823500e-001, 3.160542e+003,-2.646632e+003,-5.020175e+002, 4.825583e+001, 8.630442e+001,-4.015869e+001, 0.000000e+000, 0.000000e+000, 0.000000e+000, 0.000000e+000
 2.824000e-001, 3.183408e+003,-2.605753e+003,-5.651987e+002, 4.889560e+001, 8.590082e+001,-4.215993e+001, 0.000000e+000, 0.000000e+000, 0.000000e+000, 0.000000e+000
 2.824500e-001, 3.205026e+003,-2.564006e+003,-6.282681e+002, 4.951058e+001, 8.545764e+001,-4.415228e+001, 0.000000e+000, 0.000000e+000, 0.000000e+000, 0.000000e+000
 2.825000e-001, 3.225631e+003,-2.521282e+003,-6.910200e+002, 5.010002e+001, 8.497456e+001,-4.613538e+001, 0.000000e+000, 0.000000e+000, 0.000000e+000, 0.000000e+000
 2.825500e-001, 3.244964e+003,-2.477728e+003,-7.536176e+002, 5.066373e+001, 8.445168e+001,-4.810873e+001, 0.000000e+000, 0.000000e+000, 0.000000e+000, 0.000000e+000
 2.826000e-001, 3.263277e+003,-2.433221e+003,-8.158518e+002, 5.120104e+001, 8.388876e+001,-5.007192e+001, 0.000000e+000, 0.000000e+000, 0.000000e+000, 0.000000e+000
 2.826500e-001, 3.280297e+003,-2.387922e+003,-8.778889e+002, 5.171181e+001, 8.328600e+001,-5.202443e+001, 0.000000e+000, 0.000000e+000, 0.000000e+000, 0.000000e+000
 2.827000e-001, 3.296292e+003,-2.341697e+003,-9.395180e+002, 5.219547e+001, 8.264326e+001,-5.396577e+001, 0.000000e+000, 0.000000e+000, 0.000000e+000, 0.000000e+000
 2.827500e-001, 3.310974e+003,-2.294719e+003,-1.000907e+003, 5.265190e+001, 8.196085e+001,-5.589542e+001, 0.000000e+000, 0.000000e+000, 0.000000e+000, 0.000000e+000
 2.828000e-001, 3.324625e+003,-2.246841e+003,-1.061844e+003, 5.308065e+001, 8.123870e+001,-5.781283e+001, 0.000000e+000, 0.000000e+000, 0.000000e+000, 0.000000e+000
 2.828500e-001, 3.336949e+003,-2.198251e+003,-1.122499e+003, 5.348164e+001, 8.047723e+001,-5.971745e+001, 0.000000e+000, 0.000000e+000, 0.000000e+000, 0.000000e+000
 2.829000e-001, 3.348237e+003,-2.148791e+003,-1.182658e+003, 5.385451e+001, 7.967648e+001,-6.160867e+001, 0.000000e+000, 0.000000e+000, 0.000000e+000, 0.000000e+000
 2.829500e-001, 3.358185e+003,-2.098660e+003,-1.242492e+003, 5.419921e+001, 7.883697e+001,-6.348592e+001, 0.000000e+000, 0.000000e+000, 0.000000e+000, 0.000000e+000
 2.830000e-001, 3.367092e+003,-2.047688e+003,-1.301790e+003, 5.451551e+001, 7.795882e+001,-6.534853e+001, 0.000000e+000, 0.000000e+000, 0.000000e+000, 0.000000e+000
 2.830500e-001, 3.374649e+003,-1.996088e+003,-1.360719e+003, 5.480339e+001, 7.704267e+001,-6.719592e+001, 0.000000e+000, 0.000000e+000, 0.000000e+000, 0.000000e+000
 2.831000e-001, 3.381161e+003,-1.943677e+003,-1.419071e+003, 5.506272e+001, 7.608874e+001,-6.902735e+001, 0.000000e+000, 0.000000e+000, 0.000000e+000, 0.000000e+000
 2.831500e-001, 3.386316e+003,-1.890684e+003,-1.477012e+003, 5.529352e+001, 7.509776e+001,-7.084220e+001, 0.000000e+000, 0.000000e+000, 0.000000e+000, 0.000000e+000
 2.832000e-001, 3.390424e+003,-1.836910e+003,-1.534337e+003, 5.549577e+001, 7.407006e+001,-7.263972e+001, 0.000000e+000, 0.000000e+000, 0.000000e+000, 0.000000e+000
 2.832500e-001, 3.393169e+003,-1.782599e+003,-1.591208e+003, 5.566954e+001, 7.300646e+001,-7.441925e+001, 0.000000e+000, 0.000000e+000, 0.000000e+000, 0.000000e+000
 2.833000e-001, 3.394865e+003,-1.727539e+003,-1.647425e+003, 5.581490e+001, 7.190739e+001,-7.617997e+001, 0.000000e+000, 0.000000e+000, 0.000000e+000, 0.000000e+000
 2.833500e-001, 3.395196e+003,-1.671989e+003,-1.703146e+003, 5.593196e+001, 7.077375e+001,-7.792122e+001, 0.000000e+000, 0.000000e+000, 0.000000e+000, 0.000000e+000
 2.834000e-001, 3.394476e+003,-1.615722e+003,-1.758176e+003, 5.602090e+001, 6.960606e+001,-7.964213e+001, 0.000000e+000, 0.000000e+000, 0.000000e+000, 0.000000e+000
 2.834500e-001, 3.392392e+003,-1.559013e+003,-1.812668e+003, 5.608186e+001, 6.840533e+001,-8.134202e+001, 0.000000e+000, 0.000000e+000, 0.000000e+000, 0.000000e+000
 2.835000e-001, 3.389256e+003,-1.501620e+003,-1.866433e+003, 5.611513e+001, 6.717216e+001,-8.301998e+001, 0.000000e+000, 0.000000e+000, 0.000000e+000, 0.000000e+000
 2.835500e-001, 3.384761e+003,-1.443833e+003,-1.919620e+003, 5.612089e+001, 6.590762e+001,-8.467532e+001, 0.000000e+000, 0.000000e+000, 0.000000e+000, 0.000000e+000
 2.836000e-001, 3.379212e+003,-1.385397e+003,-1.972045e+003, 5.609952e+001, 6.461239e+001,-8.630709e+001, 0.000000e+000, 0.000000e+000, 0.000000e+000, 0.000000e+000
 2.836500e-001, 3.372311e+003,-1.326615e+003,-2.023850e+003, 5.605123e+001, 6.328764e+001,-8.791460e+001, 0.000000e+000, 0.000000e+000, 0.000000e+000, 0.000000e+000
 2.837000e-001, 3.364357e+003,-1.267219e+003,-2.074862e+003, 5.597650e+001, 6.193411e+001,-8.949685e+001, 0.000000e+000, 0.000000e+000, 0.000000e+000, 0.000000e+000
 2.837500e-001, 3.355059e+003,-1.207527e+003,-2.125213e+003, 5.587558e+001, 6.055302e+001,-9.105315e+001, 0.000000e+000, 0.000000e+000, 0.000000e+000, 0.000000e+000
 2.838000e-001, 3.344710e+003,-1.147256e+003,-2.174739e+003, 5.574903e+001, 5.914520e+001,-9.258248e+001, 0.000000e+000, 0.000000e+000, 0.000000e+000, 0.000000e+000
 2.838500e-001, 3.333028e+003,-1.086739e+003,-2.223565e+003, 5.559713e+001, 5.771191e+001,-9.408414e+001, 0.000000e+000, 0.000000e+000, 0.000000e+000, 0.000000e+000
 2.839000e-001, 3.320297e+003,-1.025680e+003,-2.271535e+003, 5.542054e+001, 5.625403e+001,-9.555711e+001, 0.000000e+000, 0.000000e+000, 0.000000e+000, 0.000000e+000
 2.839500e-001, 3.306248e+003,-9.644235e+002,-2.318767e+003, 5.521954e+001, 5.477287e+001,-9.700068e+001, 0.000000e+000, 0.000000e+000, 0.000000e+000, 0.000000e+000
 2.840000e-001, 3.291154e+003,-9.026638e+002,-2.365114e+003, 5.499487e+001, 5.326936e+001,-9.841380e+001, 0.000000e+000, 0.000000e+000, 0.000000e+000, 0.000000e+000
 2.840500e-001, 3.274757e+003,-8.407555e+002,-2.410684e+003, 5.474685e+001, 5.174483e+001,-9.979579e+001, 0.000000e+000, 0.000000e+000, 0.000000e+000, 0.000000e+000
 2.841000e-001, 3.257319e+003,-7.783831e+002,-2.455342e+003, 5.447629e+001, 5.020029e+001,-1.011456e+002, 0.000000e+000, 0.000000e+000, 0.000000e+000, 0.000000e+000
 2.841500e-001, 3.238598e+003,-7.159111e+002,-2.499187e+003, 5.418351e+001, 4.863704e+001,-1.024625e+002, 0.000000e+000, 0.000000e+000, 0.000000e+000, 0.000000e+000
 2.842000e-001, 3.218841e+003,-6.530149e+002,-2.542093e+003, 5.386939e+001, 4.705613e+001,-1.037456e+002, 0.000000e+000, 0.000000e+000, 0.000000e+000, 0.000000e+000
 2.842500e-001, 3.197822e+003,-5.900677e+002,-2.584149e+003, 5.353428e+001, 4.545889e+001,-1.049940e+002, 0.000000e+000, 0.000000e+000, 0.000000e+000, 0.000000e+000
 2.843000e-001, 3.175773e+003,-5.267376e+002,-2.625243e+003, 5.317909e+001, 4.384639e+001,-1.062068e+002, 0.000000e+000, 0.000000e+000, 0.000000e+000, 0.000000e+000
 2.843500e-001, 3.152487e+003,-4.634044e+002,-2.665452e+003, 5.280419e+001, 4.221992e+001,-1.073834e+002, 0.000000e+000, 0.000000e+000, 0.000000e+000, 0.000000e+000
 2.844000e-001, 3.128176e+003,-3.997304e+002,-2.704675e+003, 5.241054e+001, 4.058061e+001,-1.085227e+002, 0.000000e+000, 0.000000e+000, 0.000000e+000, 0.000000e+000
 2.844500e-001, 3.102656e+003,-3.361006e+002,-2.742979e+003, 5.199849e+001, 3.892970e+001,-1.096240e+002, 0.000000e+000, 0.000000e+000, 0.000000e+000, 0.000000e+000
 2.845000e-001, 3.076119e+003,-2.721734e+002,-2.780276e+003, 5.156907e+001, 3.726832e+001,-1.106865e+002, 0.000000e+000, 0.000000e+000, 0.000000e+000, 0.000000e+000
 2.845500e-001, 3.048400e+003,-2.083366e+002,-2.816621e+003, 5.112260e+001, 3.559769e+001,-1.117095e+002, 0.000000e+000, 0.000000e+000, 0.000000e+000, 0.000000e+000
 2.846000e-001, 3.019674e+003,-1.442472e+002,-2.851938e+003, 5.066014e+001, 3.391897e+001,-1.126920e+002, 0.000000e+000, 0.000000e+000, 0.000000e+000, 0.000000e+000
 2.846500e-001, 2.989796e+003,-8.029325e+001,-2.886271e+003, 5.018203e+001, 3.223328e+001,-1.136334e+002, 0.000000e+000, 0.000000e+000, 0.000000e+000, 0.000000e+000
 2.847000e-001, 2.958922e+003,-1.613269e+001,-2.919558e+003, 4.968932e+001, 3.054181e+001,-1.145330e+002, 0.000000e+000, 0.000000e+000, 0.000000e+000, 0.000000e+000
 2.847500e-001, 2.926928e+003, 4.784861e+001,-2.951833e+003, 4.918232e+001, 2.884560e+001,-1.153900e+002, 0.000000e+000, 0.000000e+000, 0.000000e+000, 0.000000e+000
 2.848000e-001, 2.893949e+003, 1.119892e+002,-2.983042e+003, 4.866211e+001, 2.714584e+001,-1.162036e+002, 0.000000e+000, 0.000000e+000, 0.000000e+000, 0.000000e+000
 2.848500e-001, 2.859886e+003, 1.759082e+002,-3.013211e+003, 4.812900e+001, 2.544350e+001,-1.169735e+002, 0.000000e+000, 0.000000e+000, 0.000000e+000, 0.000000e+000
 2.849000e-001, 2.824850e+003, 2.399378e+002,-3.042298e+003, 4.758401e+001, 2.373975e+001,-1.176986e+002, 0.000000e+000, 0.000000e+000, 0.000000e+000, 0.000000e+000
 2.849500e-001, 2.788765e+003, 3.037050e+002,-3.070319e+003, 4.702747e+001, 2.203547e+001,-1.183786e+002, 0.000000e+000, 0.000000e+000, 0.000000e+000, 0.000000e+000
 2.850000e-001, 2.751722e+003, 3.675328e+002,-3.097241e+003, 4.646038e+001, 2.033182e+001,-1.190127e+002, 0.000000e+000, 0.000000e+000, 0.000000e+000, 0.000000e+000
 2.850500e-001, 2.713668e+003, 4.310590e+002,-3.123073e+003, 4.588302e+001, 1.862958e+001,-1.196006e+002, 0.000000e+000, 0.000000e+000, 0.000000e+000, 0.000000e+000
 2.851000e-001, 2.674672e+003, 4.945946e+002,-3.147794e+003, 4.529637e+001, 1.692991e+001,-1.201414e+002, 0.000000e+000, 0.000000e+000, 0.000000e+000, 0.000000e+000
 2.851500e-001, 2.634702e+003, 5.577910e+002,-3.171400e+003, 4.470069e+001, 1.523345e+001,-1.206349e+002, 0.000000e+000, 0.000000e+000, 0.000000e+000, 0.000000e+000
 2.852000e-001, 2.593808e+003, 6.209444e+002,-3.193882e+003, 4.409691e+001, 1.354136e+001,-1.210804e+002, 0.000000e+000, 0.000000e+000, 0.000000e+000, 0.000000e+000
 2.852500e-001, 2.551980e+003, 6.837228e+002,-3.215229e+003, 4.348527e+001, 1.185416e+001,-1.214776e+002, 0.000000e+000, 0.000000e+000, 0.000000e+000, 0.000000e+000
 2.853000e-001, 2.509249e+003, 7.464047e+002,-3.235440e+003, 4.286663e+001, 1.017299e+001,-1.218260e+002, 0.000000e+000, 0.000000e+000, 0.000000e+000, 0.000000e+000
 2.853500e-001, 2.465623e+003, 8.086776e+002,-3.254498e+003, 4.224120e+001, 8.498260e+000,-1.221254e+002, 0.000000e+000, 0.000000e+000, 0.000000e+000, 0.000000e+000
 2.854000e-001, 2.421115e+003, 8.707990e+002,-3.272408e+003, 4.160979e+001, 6.831071e+000,-1.223751e+002, 0.000000e+000, 0.000000e+000, 0.000000e+000, 0.000000e+000
 2.854500e-001, 2.375753e+003, 9.324795e+002,-3.289148e+003, 4.097256e+001, 5.171716e+000,-1.225752e+002, 0.000000e+000, 0.000000e+000, 0.000000e+000, 0.000000e+000
 2.855000e-001, 2.329533e+003, 9.939528e+002,-3.304732e+003, 4.033025e+001, 3.521270e+000,-1.227251e+002, 0.000000e+000, 0.000000e+000, 0.000000e+000, 0.000000e+000
 2.855500e-001, 2.282500e+003, 1.054955e+003,-3.319131e+003, 3.968301e+001, 1.879904e+000,-1.228248e+002, 0.000000e+000, 0.000000e+000, 0.000000e+000, 0.000000e+000
 2.856000e-001, 2.234635e+003, 1.115693e+003,-3.332365e+003, 3.903146e+001, 2.486616e-001,-1.228739e+002, 0.000000e+000, 0.000000e+000, 0.000000e+000, 0.000000e+000
 2.856500e-001, 2.186000e+003, 1.175932e+003,-3.344402e+003, 3.837572e+001,-1.372404e+000,-1.228724e+002, 0.000000e+000, 0.000000e+000, 0.000000e+000, 0.000000e+000
 2.857000e-001, 2.136559e+003, 1.235849e+003,-3.355266e+003, 3.771635e+001,-2.982282e+000,-1.228201e+002, 0.000000e+000, 0.000000e+000, 0.000000e+000, 0.000000e+000
 2.857500e-001, 2.086390e+003, 1.295240e+003,-3.364924e+003, 3.705342e+001,-4.581034e+000,-1.227170e+002, 0.000000e+000, 0.000000e+000, 0.000000e+000, 0.000000e+000
 2.858000e-001, 2.035445e+003, 1.354252e+003,-3.373403e+003, 3.638739e+001,-6.167689e+000,-1.225630e+002, 0.000000e+000, 0.000000e+000, 0.000000e+000, 0.000000e+000
 2.858500e-001, 1.983814e+003, 1.412712e+003,-3.380666e+003, 3.571829e+001,-7.742410e+000,-1.223580e+002, 0.000000e+000, 0.000000e+000, 0.000000e+000, 0.000000e+000
 2.859000e-001, 1.931440e+003, 1.470735e+003,-3.386747e+003, 3.504649e+001,-9.304270e+000,-1.221022e+002, 0.000000e+000, 0.000000e+000, 0.000000e+000, 0.000000e+000
 2.859500e-001, 1.878421e+003, 1.528182e+003,-3.391605e+003, 3.437201e+001,-1.085353e+001,-1.217956e+002, 0.000000e+000, 0.000000e+000, 0.000000e+000, 0.000000e+000
 2.860000e-001, 1.824692e+003, 1.585135e+003,-3.395278e+003, 3.369509e+001,-1.238931e+001,-1.214384e+002, 0.000000e+000, 0.000000e+000, 0.000000e+000, 0.000000e+000
 2.860500e-001, 1.770361e+003, 1.641489e+003,-3.397725e+003, 3.301571e+001,-1.391194e+001,-1.210306e+002, 0.000000e+000, 0.000000e+000, 0.000000e+000, 0.000000e+000
 2.861000e-001, 1.715356e+003, 1.697291e+003,-3.398984e+003, 3.233404e+001,-1.542061e+001,-1.205726e+002, 0.000000e+000, 0.000000e+000, 0.000000e+000, 0.000000e+000
 2.861500e-001, 1.659791e+003, 1.752473e+003,-3.399015e+003, 3.165002e+001,-1.691573e+001,-1.200645e+002, 0.000000e+000, 0.000000e+000, 0.000000e+000, 0.000000e+000
 2.862000e-001, 1.603590e+003, 1.807045e+003,-3.397857e+003, 3.096371e+001,-1.839651e+001,-1.195066e+002, 0.000000e+000, 0.000000e+000, 0.000000e+000, 0.000000e+000
 2.862500e-001, 1.546869e+003, 1.860977e+003,-3.395471e+003, 3.027504e+001,-1.986345e+001,-1.188993e+002, 0.000000e+000, 0.000000e+000, 0.000000e+000, 0.000000e+000
 2.863000e-001, 1.489553e+003, 1.914243e+003,-3.391897e+003, 2.958397e+001,-2.131581e+001,-1.182428e+002, 0.000000e+000, 0.000000e+000, 0.000000e+000, 0.000000e+000
 2.863500e-001, 1.431758e+003, 1.966849e+003,-3.387098e+003, 2.889040e+001,-2.275412e+001,-1.175378e+002, 0.000000e+000, 0.000000e+000, 0.000000e+000, 0.000000e+000
 2.864000e-001, 1.373409e+003, 2.018733e+003,-3.381112e+003, 2.819419e+001,-2.417770e+001,-1.167844e+002, 0.000000e+000, 0.000000e+000, 0.000000e+000, 0.000000e+000
 2.864500e-001, 1.314623e+003, 2.069940e+003,-3.373906e+003, 2.749524e+001,-2.558714e+001,-1.159834e+002, 0.000000e+000, 0.000000e+000, 0.000000e+000, 0.000000e+000
 2.865000e-001, 1.255326e+003, 2.120369e+003,-3.365516e+003, 2.679333e+001,-2.698179e+001,-1.151350e+002, 0.000000e+000, 0.000000e+000, 0.000000e+000, 0.000000e+000
 2.865500e-001, 1.195633e+003, 2.170103e+003,-3.355912e+003, 2.608833e+001,-2.836228e+001,-1.142400e+002, 0.000000e+000, 0.000000e+000, 0.000000e+000, 0.000000e+000
 2.866000e-001, 1.135473e+003, 2.219006e+003,-3.345130e+003, 2.537994e+001,-2.972801e+001,-1.132990e+002, 0.000000e+000, 0.000000e+000, 0.000000e+000, 0.000000e+000
 2.866500e-001, 1.074957e+003, 2.267197e+003,-3.333141e+003, 2.466802e+001,-3.107961e+001,-1.123124e+002, 0.000000e+000, 0.000000e+000, 0.000000e+000, 0.000000e+000
 2.867000e-001, 1.014020e+003, 2.314505e+003,-3.319981e+003, 2.395222e+001,-3.241656e+001,-1.112811e+002, 0.000000e+000, 0.000000e+000, 0.000000e+000, 0.000000e+000
 2.867500e-001, 9.527684e+002, 2.361085e+003,-3.305624e+003, 2.323238e+001,-3.373947e+001,-1.102056e+002, 0.000000e+000, 0.000000e+000, 0.000000e+000, 0.000000e+000
 2.868000e-001, 8.911425e+002, 2.406732e+003,-3.290105e+003, 2.250810e+001,-3.504786e+001,-1.090868e+002, 0.000000e+000, 0.000000e+000, 0.000000e+000, 0.000000e+000
 2.868500e-001, 8.292419e+002, 2.451633e+003,-3.273400e+003, 2.177920e+001,-3.634235e+001,-1.079254e+002, 0.000000e+000, 0.000000e+000, 0.000000e+000, 0.000000e+000
 2.869000e-001, 7.670150e+002, 2.495555e+003,-3.255542e+003, 2.104526e+001,-3.762252e+001,-1.067221e+002, 0.000000e+000, 0.000000e+000, 0.000000e+000, 0.000000e+000
 2.869500e-001, 7.045536e+002, 2.538714e+003,-3.236512e+003, 2.030609e+001,-3.888894e+001,-1.054778e+002, 0.000000e+000, 0.000000e+000, 0.000000e+000, 0.000000e+000
 2.870000e-001, 6.418146e+002, 2.580848e+003,-3.216342e+003, 1.956124e+001,-4.014125e+001,-1.041934e+002, 0.000000e+000, 0.000000e+000, 0.000000e+000, 0.000000e+000
 2.870500e-001, 5.788814e+002, 2.622202e+003,-3.195014e+003, 1.881053e+001,-4.138000e+001,-1.028696e+002, 0.000000e+000, 0.000000e+000, 0.000000e+000, 0.000000e+000
 2.871000e-001, 5.157196e+002, 2.662490e+003,-3.172558e+003, 1.805349e+001,-4.260485e+001,-1.015075e+002, 0.000000e+000, 0.000000e+000, 0.000000e+000, 0.000000e+000
 2.871500e-001, 4.524040e+002, 2.701980e+003,-3.148962e+003, 1.728995e+001,-4.381632e+001,-1.001078e+002, 0.000000e+000, 0.000000e+000, 0.000000e+000, 0.000000e+000
 2.872000e-001, 3.889093e+002, 2.740365e+003,-3.124254e+003, 1.651943e+001,-4.501413e+001,-9.867159e+001, 0.000000e+000, 0.000000e+000, 0.000000e+000, 0.000000e+000
 2.872500e-001, 3.253012e+002, 2.777935e+003,-3.098423e+003, 1.574179e+001,-4.619871e+001,-9.719975e+001, 0.000000e+000, 0.000000e+000, 0.000000e+000, 0.000000e+000
 2.873000e-001, 2.615638e+002, 2.814361e+003,-3.071497e+003, 1.495655e+001,-4.736985e+001,-9.569327e+001, 0.000000e+000, 0.000000e+000, 0.000000e+000, 0.000000e+000
 2.873500e-001, 1.977534e+002, 2.849956e+003,-3.043467e+003, 1.416359e+001,-4.852791e+001,-9.415312e+001, 0.000000e+000, 0.000000e+000, 0.000000e+000, 0.000000e+000
 2.874000e-001, 1.338634e+002, 2.884373e+003,-3.014361e+003, 1.336246e+001,-4.967272e+001,-9.258033e+001, 0.000000e+000, 0.000000e+000, 0.000000e+000, 0.000000e+000
 2.874500e-001, 6.994124e+001, 2.917941e+003,-2.984173e+003, 1.255305e+001,-5.080457e+001,-9.097588e+001, 0.000000e+000, 0.000000e+000, 0.000000e+000, 0.000000e+000
 2.875000e-001, 5.989200e+000, 2.950300e+003,-2.952929e+003, 1.173497e+001,-5.192331e+001,-8.934079e+001, 0.000000e+000, 0.000000e+000, 0.000000e+000, 0.000000e+000
 2.875500e-001,-5.795430e+001, 2.981793e+003,-2.920625e+003, 1.090812e+001,-5.302918e+001,-8.767610e+001, 0.000000e+000, 0.000000e+000, 0.000000e+000, 0.000000e+000
 2.876000e-001,-1.218782e+002, 3.012049e+003,-2.887287e+003, 1.007215e+001,-5.412205e+001,-8.598283e+001, 0.000000e+000, 0.000000e+000, 0.000000e+000, 0.000000e+000
 2.876500e-001,-1.857525e+002, 3.041420e+003,-2.852913e+003, 9.227007e+000,-5.520208e+001,-8.426202e+001, 0.000000e+000, 0.000000e+000, 0.000000e+000, 0.000000e+000
 2.877000e-001,-2.495581e+002, 3.069530e+003,-2.817530e+003, 8.372398e+000,-5.626915e+001,-8.251471e+001, 0.000000e+000, 0.000000e+000, 0.000000e+000, 0.000000e+000
 2.877500e-001,-3.132729e+002, 3.096737e+003,-2.781134e+003, 7.508306e+000,-5.732336e+001,-8.074194e+001, 0.000000e+000, 0.000000e+000, 0.000000e+000, 0.000000e+000
 2.878000e-001,-3.768704e+002, 3.122660e+003,-2.743756e+003, 6.634501e+000,-5.836460e+001,-7.894473e+001, 0.000000e+000, 0.000000e+000, 0.000000e+000, 0.000000e+000
 2.878500e-001,-4.403356e+002, 3.147662e+003,-2.705391e+003, 5.751011e+000,-5.939288e+001,-7.712414e+001, 0.000000e+000, 0.000000e+000, 0.000000e+000, 0.000000e+000
 2.879000e-001,-5.036356e+002, 3.171362e+003,-2.666072e+003, 4.857678e+000,-6.040811e+001,-7.528115e+001, 0.000000e+000, 0.000000e+000, 0.000000e+000, 0.000000e+000
 2.879500e-001,-5.667617e+002, 3.194124e+003,-2.625792e+003, 3.954577e+000,-6.141021e+001,-7.341684e+001, 0.000000e+000, 0.000000e+000, 0.000000e+000, 0.000000e+000
 2.880000e-001,-6.296752e+002, 3.215567e+003,-2.584588e+003, 3.041627e+000,-6.239912e+001,-7.153217e+001, 0.000000e+000, 0.000000e+000, 0.000000e+000, 0.000000e+000
 2.880500e-001,-6.923731e+002, 3.236053e+003,-2.542452e+003, 2.118954e+000,-6.337464e+001,-6.962817e+001, 0.000000e+000, 0.000000e+000, 0.000000e+000, 0.000000e+000
 2.881000e-001,-7.548120e+002, 3.255208e+003,-2.499422e+003, 1.186561e+000,-6.433672e+001,-6.770580e+001, 0.000000e+000, 0.000000e+000, 0.000000e+000, 0.000000e+000
 2.881500e-001,-8.169932e+002, 3.273390e+003,-2.455489e+003, 2.446257e-001,-6.528510e+001,-6.576609e+001, 0.000000e+000, 0.000000e+000, 0.000000e+000, 0.000000e+000
 2.882000e-001,-8.788698e+002, 3.290230e+003,-2.410695e+003,-7.067624e-001,-6.621971e+001,-6.380992e+001, 0.000000e+000, 0.000000e+000, 0.000000e+000, 0.000000e+000
 2.882500e-001,-9.404467e+002, 3.306079e+003,-2.365029e+003,-1.667372e+000,-6.714020e+001,-6.183831e+001, 0.000000e+000, 0.000000e+000, 0.000000e+000, 0.000000e+000
 2.883000e-001,-1.001674e+003, 3.320580e+003,-2.318536e+003,-2.637025e+000,-6.804649e+001,-5.985212e+001, 0.000000e+000, 0.000000e+000, 0.000000e+000, 0.000000e+000
 2.883500e-001,-1.062560e+003, 3.334073e+003,-2.271201e+003,-3.615434e+000,-6.893817e+001,-5.785232e+001, 0.000000e+000, 0.000000e+000, 0.000000e+000, 0.000000e+000
 2.884000e-001,-1.123053e+003, 3.346214e+003,-2.223075e+003,-4.602334e+000,-6.981515e+001,-5.583973e+001, 0.000000e+000, 0.000000e+000, 0.000000e+000, 0.000000e+000
 2.884500e-001,-1.183162e+003, 3.357330e+003,-2.174140e+003,-5.597381e+000,-7.067690e+001,-5.381528e+001, 0.000000e+000, 0.000000e+000, 0.000000e+000, 0.000000e+000
 2.885000e-001,-1.242835e+003, 3.367092e+003,-2.124452e+003,-6.600222e+000,-7.152335e+001,-5.177975e+001, 0.000000e+000, 0.000000e+000, 0.000000e+000, 0.000000e+000
 2.885500e-001,-1.302082e+003, 3.375815e+003,-2.073987e+003,-7.610460e+000,-7.235390e+001,-4.973404e+001, 0.000000e+000, 0.000000e+000, 0.000000e+000, 0.000000e+000
 2.886000e-001,-1.360852e+003, 3.383185e+003,-2.022806e+003,-8.627655e+000,-7.316843e+001,-4.767885e+001, 0.000000e+000, 0.000000e+000, 0.000000e+000, 0.000000e+000
 2.886500e-001,-1.419155e+003, 3.389501e+003,-1.970884e+003,-9.651357e+000,-7.396628e+001,-4.561504e+001, 0.000000e+000, 0.000000e+000, 0.000000e+000, 0.000000e+000
 2.887000e-001,-1.476939e+003, 3.394467e+003,-1.918285e+003,-1.068104e+001,-7.474733e+001,-4.354329e+001, 0.000000e+000, 0.000000e+000, 0.000000e+000, 0.000000e+000
 2.887500e-001,-1.534214e+003, 3.398366e+003,-1.864980e+003,-1.171622e+001,-7.551083e+001,-4.146439e+001, 0.000000e+000, 0.000000e+000, 0.000000e+000, 0.000000e+000
 2.888000e-001,-1.590932e+003, 3.400920e+003,-1.811039e+003,-1.275627e+001,-7.625663e+001,-3.937896e+001, 0.000000e+000, 0.000000e+000, 0.000000e+000, 0.000000e+000
 2.888500e-001,-1.647100e+003, 3.402396e+003,-1.756427e+003,-1.380067e+001,-7.698393e+001,-3.728777e+001, 0.000000e+000, 0.000000e+000, 0.000000e+000, 0.000000e+000
 2.889000e-001,-1.702672e+003, 3.402534e+003,-1.701221e+003,-1.484873e+001,-7.769257e+001,-3.519136e+001, 0.000000e+000, 0.000000e+000, 0.000000e+000, 0.000000e+000
 2.889500e-001,-1.757652e+003, 3.401583e+003,-1.645381e+003,-1.589986e+001,-7.838168e+001,-3.309045e+001, 0.000000e+000, 0.000000e+000, 0.000000e+000, 0.000000e+000
 2.890000e-001,-1.811999e+003, 3.399305e+003,-1.588989e+003,-1.695332e+001,-7.905106e+001,-3.098555e+001, 0.000000e+000, 0.000000e+000, 0.000000e+000, 0.000000e+000
 2.890500e-001,-1.865715e+003, 3.395928e+003,-1.532001e+003,-1.800849e+001,-7.969981e+001,-2.887731e+001, 0.000000e+000, 0.000000e+000, 0.000000e+000, 0.000000e+000
 2.891000e-001,-1.918762e+003, 3.391236e+003,-1.474504e+003,-1.906456e+001,-8.032768e+001,-2.676621e+001, 0.000000e+000, 0.000000e+000, 0.000000e+000, 0.000000e+000
 2.891500e-001,-1.971137e+003, 3.385437e+003,-1.416450e+003,-2.012087e+001,-8.093375e+001,-2.465284e+001, 0.000000e+000, 0.000000e+000, 0.000000e+000, 0.000000e+000
 2.892000e-001,-2.022809e+003, 3.378336e+003,-1.357931e+003,-2.117657e+001,-8.151776e+001,-2.253763e+001, 0.000000e+000, 0.000000e+000, 0.000000e+000, 0.000000e+000
 2.892500e-001,-2.073770e+003, 3.370123e+003,-1.298895e+003,-2.223096e+001,-8.207873e+001,-2.042112e+001, 0.000000e+000, 0.000000e+000, 0.000000e+000, 0.000000e+000
 2.893000e-001,-2.123994e+003, 3.360624e+003,-1.239436e+003,-2.328315e+001,-8.261636e+001,-1.830372e+001, 0.000000e+000, 0.000000e+000, 0.000000e+000, 0.000000e+000
 2.893500e-001,-2.173469e+003, 3.350007e+003,-1.179502e+003,-2.433242e+001,-8.312968e+001,-1.618590e+001, 0.000000e+000, 0.000000e+000, 0.000000e+000, 0.000000e+000
 2.894000e-001,-2.222174e+003, 3.338122e+003,-1.119189e+003,-2.537785e+001,-8.361835e+001,-1.406804e+001, 0.000000e+000, 0.000000e+000, 0.000000e+000, 0.000000e+000
 2.894500e-001,-2.270092e+003, 3.325116e+003,-1.058443e+003,-2.641869e+001,-8.408138e+001,-1.195056e+001, 0.000000e+000, 0.000000e+000, 0.000000e+000, 0.000000e+000
 2.895000e-001,-2.317209e+003, 3.310861e+003,-9.973620e+002,-2.745399e+001,-8.451843e+001,-9.833830e+000, 0.000000e+000, 0.000000e+000, 0.000000e+000, 0.000000e+000
 2.895500e-001,-2.363503e+003, 3.295485e+003,-9.358917e+002,-2.848300e+001,-8.492848e+001,-7.718211e+000, 0.000000e+000, 0.000000e+000, 0.000000e+000, 0.000000e+000
 2.896000e-001,-2.408967e+003, 3.278880e+003,-8.741295e+002,-2.950476e+001,-8.531120e+001,-5.604055e+000, 0.000000e+000, 0.000000e+000, 0.000000e+000, 0.000000e+000
 2.896500e-001,-2.453571e+003, 3.261154e+003,-8.120224e+002,-3.051849e+001,-8.566555e+001,-3.491681e+000, 0.000000e+000, 0.000000e+000, 0.000000e+000, 0.000000e+000
 2.897000e-001,-2.497316e+003, 3.242223e+003,-7.496671e+002,-3.152324e+001,-8.599119e+001,-1.381432e+000, 0.000000e+000, 0.000000e+000, 0.000000e+000, 0.000000e+000
 2.897500e-001,-2.540167e+003, 3.222173e+003,-6.870122e+002,-3.251823e+001,-8.628710e+001, 7.264170e-001, 0.000000e+000, 0.000000e+000, 0.000000e+000, 0.000000e+000
 2.898000e-001,-2.582131e+003, 3.200942e+003,-6.241525e+002,-3.350249e+001,-8.655295e+001, 2.831525e+000, 0.000000e+000, 0.000000e+000, 0.000000e+000, 0.000000e+000
 2.898500e-001,-2.623168e+003, 3.178596e+003,-5.610391e+002,-3.447527e+001,-8.678772e+001, 4.933650e+000, 0.000000e+000, 0.000000e+000, 0.000000e+000, 0.000000e+000
 2.899000e-001,-2.663292e+003, 3.155094e+003,-4.977643e+002,-3.543560e+001,-8.699108e+001, 7.032452e+000, 0.000000e+000, 0.000000e+000, 0.000000e+000, 0.000000e+000
 2.899500e-001,-2.702457e+003, 3.130485e+003,-4.342827e+002,-3.638275e+001,-8.716206e+001, 9.127714e+000, 0.000000e+000, 0.000000e+000, 0.000000e+000, 0.000000e+000
 2.900000e-001,-2.740684e+003, 3.104746e+003,-3.706826e+002,-3.731575e+001,-8.730033e+001, 1.121909e+001, 0.000000e+000, 0.000000e+000, 0.000000e+000, 0.000000e+000
 2.900500e-001,-2.777920e+003, 3.077908e+003,-3.069231e+002,-3.823389e+001,-8.740495e+001, 1.330639e+001, 0.000000e+000, 0.000000e+000, 0.000000e+000, 0.000000e+000
 2.901000e-001,-2.814196e+003, 3.049969e+003,-2.430878e+002,-3.913624e+001,-8.747563e+001, 1.538924e+001, 0.000000e+000, 0.000000e+000, 0.000000e+000, 0.000000e+000
 2.901500e-001,-2.849451e+003, 3.020941e+003,-1.791413e+002,-4.002211e+001,-8.751147e+001, 1.746747e+001, 0.000000e+000, 0.000000e+000, 0.000000e+000, 0.000000e+000
 2.902000e-001,-2.883723e+003, 2.990840e+003,-1.151614e+002,-4.089058e+001,-8.751218e+001, 1.954070e+001, 0.000000e+000, 0.000000e+000, 0.000000e+000, 0.000000e+000
 2.902500e-001,-2.916947e+003, 2.959664e+003,-5.111869e+001,-4.174101e+001,-8.747697e+001, 2.160875e+001, 0.000000e+000, 0.000000e+000, 0.000000e+000, 0.000000e+000
 2.903000e-001,-2.949166e+003, 2.927445e+003, 1.291535e+001,-4.257254e+001,-8.740555e+001, 2.367123e+001, 0.000000e+000, 0.000000e+000, 0.000000e+000, 0.000000e+000
 2.903500e-001,-2.980310e+003, 2.894165e+003, 7.696326e+001,-4.338452e+001,-8.729718e+001, 2.572795e+001, 0.000000e+000, 0.000000e+000, 0.000000e+000, 0.000000e+000
 2.904000e-001,-3.010431e+003, 2.859875e+003, 1.409608e+002,-4.417614e+001,-8.715165e+001, 2.777850e+001, 0.000000e+000, 0.000000e+000, 0.000000e+000, 0.000000e+000
 2.904500e-001,-3.039451e+003, 2.824539e+003, 2.049231e+002,-4.494683e+001,-8.696828e+001, 2.982268e+001, 0.000000e+000, 0.000000e+000, 0.000000e+000, 0.000000e+000
 2.905000e-001,-3.067430e+003, 2.788225e+003, 2.687937e+002,-4.569580e+001,-8.674690e+001, 3.186004e+001, 0.000000e+000, 0.000000e+000, 0.000000e+000, 0.000000e+000
 2.905500e-001,-3.094285e+003, 2.750886e+003, 3.325799e+002,-4.642252e+001,-8.648693e+001, 3.389038e+001, 0.000000e+000, 0.000000e+000, 0.000000e+000, 0.000000e+000
 2.906000e-001,-3.120081e+003, 2.712601e+003, 3.962333e+002,-4.712627e+001,-8.618826e+001, 3.591321e+001, 0.000000e+000, 0.000000e+000, 0.000000e+000, 0.000000e+000
 2.906500e-001,-3.144732e+003, 2.673311e+003, 4.597531e+002,-4.780656e+001,-8.585037e+001, 3.792831e+001, 0.000000e+000, 0.000000e+000, 0.000000e+000, 0.000000e+000
 2.907000e-001,-3.168308e+003, 2.633109e+003, 5.230993e+002,-4.846275e+001,-8.547324e+001, 3.993515e+001, 0.000000e+000, 0.000000e+000, 0.000000e+000, 0.000000e+000
 2.907500e-001,-3.190720e+003, 2.591926e+003, 5.862629e+002,-4.909437e+001,-8.505645e+001, 4.193349e+001, 0.000000e+000, 0.000000e+000, 0.000000e+000, 0.000000e+000
 2.908000e-001,-3.212042e+003, 2.549866e+003, 6.492126e+002,-4.970087e+001,-8.460002e+001, 4.392276e+001, 0.000000e+000, 0.000000e+000, 0.000000e+000, 0.000000e+000
 2.908500e-001,-3.232181e+003, 2.506849e+003, 7.119310e+002,-5.028183e+001,-8.410368e+001, 4.590267e+001, 0.000000e+000, 0.000000e+000, 0.000000e+000, 0.000000e+000
 2.909000e-001,-3.251219e+003, 2.462990e+003, 7.743953e+002,-5.083677e+001,-8.356748e+001, 4.787265e+001, 0.000000e+000, 0.000000e+000, 0.000000e+000, 0.000000e+000
 2.909500e-001,-3.269057e+003, 2.418202e+003, 8.365800e+002,-5.136532e+001,-8.299128e+001, 4.983234e+001, 0.000000e+000, 0.000000e+000, 0.000000e+000, 0.000000e+000
 2.910000e-001,-3.285781e+003, 2.372609e+003, 8.984706e+002,-5.186707e+001,-8.237521e+001, 5.178114e+001, 0.000000e+000, 0.000000e+000, 0.000000e+000, 0.000000e+000
 2.910500e-001,-3.301293e+003, 2.326114e+003, 9.600341e+002,-5.234173e+001,-8.171924e+001, 5.371865e+001, 0.000000e+000, 0.000000e+000, 0.000000e+000, 0.000000e+000
 2.911000e-001,-3.315679e+003, 2.278851e+003, 1.021264e+003,-5.278896e+001,-8.102357e+001, 5.564424e+001, 0.000000e+000, 0.000000e+000, 0.000000e+000, 0.000000e+000
 2.911500e-001,-3.328841e+003, 2.230717e+003, 1.082119e+003,-5.320852e+001,-8.028830e+001, 5.755746e+001, 0.000000e+000, 0.000000e+000, 0.000000e+000, 0.000000e+000
 2.912000e-001,-3.340868e+003, 2.181852e+003, 1.142602e+003,-5.360015e+001,-7.951372e+001, 5.945764e+001, 0.000000e+000, 0.000000e+000, 0.000000e+000, 0.000000e+000
 2.912500e-001,-3.351661e+003, 2.132149e+003, 1.202664e+003,-5.396367e+001,-7.870002e+001, 6.134429e+001, 0.000000e+000, 0.000000e+000, 0.000000e+000, 0.000000e+000
 2.913000e-001,-3.361311e+003, 2.081752e+003, 1.262313e+003,-5.429893e+001,-7.784759e+001, 6.321669e+001, 0.000000e+000, 0.000000e+000, 0.000000e+000, 0.000000e+000
 2.913500e-001,-3.369720e+003, 2.030552e+003, 1.321498e+003,-5.460579e+001,-7.695674e+001, 6.507433e+001, 0.000000e+000, 0.000000e+000, 0.000000e+000, 0.000000e+000
 2.914000e-001,-3.376977e+003, 1.978697e+003, 1.380230e+003,-5.488417e+001,-7.602794e+001, 6.691644e+001, 0.000000e+000, 0.000000e+000, 0.000000e+000, 0.000000e+000
 2.914500e-001,-3.382989e+003, 1.926073e+003, 1.438453e+003,-5.513400e+001,-7.506162e+001, 6.874244e+001, 0.000000e+000, 0.000000e+000, 0.000000e+000, 0.000000e+000
 2.915000e-001,-3.387844e+003, 1.872833e+003, 1.496186e+003,-5.535531e+001,-7.405833e+001, 7.055157e+001, 0.000000e+000, 0.000000e+000, 0.000000e+000, 0.000000e+000
 2.915500e-001,-3.391449e+003, 1.818863e+003, 1.553366e+003,-5.554807e+001,-7.301862e+001, 7.234319e+001, 0.000000e+000, 0.000000e+000, 0.000000e+000, 0.000000e+000
 2.916000e-001,-3.393892e+003, 1.764315e+003, 1.610018e+003,-5.571239e+001,-7.194312e+001, 7.411652e+001, 0.000000e+000, 0.000000e+000, 0.000000e+000, 0.000000e+000
 2.916500e-001,-3.395086e+003, 1.709075e+003, 1.666075e+003,-5.584830e+001,-7.083247e+001, 7.587085e+001, 0.000000e+000, 0.000000e+000, 0.000000e+000, 0.000000e+000
 2.917000e-001,-3.395113e+003, 1.653297e+003, 1.721565e+003,-5.595601e+001,-6.968738e+001, 7.760540e+001, 0.000000e+000, 0.000000e+000, 0.000000e+000, 0.000000e+000
 2.917500e-001,-3.393892e+003, 1.596868e+003, 1.776420e+003,-5.603559e+001,-6.850862e+001, 7.931941e+001, 0.000000e+000, 0.000000e+000, 0.000000e+000, 0.000000e+000
 2.918000e-001,-3.391504e+003, 1.539941e+003, 1.830670e+003,-5.608735e+001,-6.729696e+001, 8.101208e+001, 0.000000e+000, 0.000000e+000, 0.000000e+000, 0.000000e+000
 2.918500e-001,-3.387869e+003, 1.482403e+003, 1.884246e+003,-5.611141e+001,-6.605326e+001, 8.268262e+001, 0.000000e+000, 0.000000e+000, 0.000000e+000, 0.000000e+000
 2.919000e-001,-3.383067e+003, 1.424408e+003, 1.937179e+003,-5.610814e+001,-6.477837e+001, 8.433021e+001, 0.000000e+000, 0.000000e+000, 0.000000e+000, 0.000000e+000
 2.919500e-001,-3.377024e+003, 1.365845e+003, 1.989401e+003,-5.607775e+001,-6.347324e+001, 8.595402e+001, 0.000000e+000, 0.000000e+000, 0.000000e+000, 0.000000e+000
 2.920000e-001,-3.369813e+003, 1.306864e+003, 2.040943e+003,-5.602066e+001,-6.213876e+001, 8.755322e+001, 0.000000e+000, 0.000000e+000, 0.000000e+000, 0.000000e+000
 2.920500e-001,-3.361370e+003, 1.247360e+003, 2.091737e+003,-5.593715e+001,-6.077597e+001, 8.912695e+001, 0.000000e+000, 0.000000e+000, 0.000000e+000, 0.000000e+000
 2.921000e-001,-3.351761e+003, 1.187479e+003, 2.141814e+003,-5.582770e+001,-5.938583e+001, 9.067439e+001, 0.000000e+000, 0.000000e+000, 0.000000e+000, 0.000000e+000
 2.921500e-001,-3.340928e+003, 1.127118e+003, 2.191110e+003,-5.569263e+001,-5.796944e+001, 9.219463e+001, 0.000000e+000, 0.000000e+000, 0.000000e+000, 0.000000e+000
 2.922000e-001,-3.328934e+003, 1.066422e+003, 2.239652e+003,-5.553251e+001,-5.652781e+001, 9.368686e+001, 0.000000e+000, 0.000000e+000, 0.000000e+000, 0.000000e+000
 2.922500e-001,-3.315727e+003, 1.005292e+003, 2.287378e+003,-5.534771e+001,-5.506208e+001, 9.515017e+001, 0.000000e+000, 0.000000e+000, 0.000000e+000, 0.000000e+000
 2.923000e-001,-3.301365e+003, 9.438676e+002, 2.334316e+003,-5.513883e+001,-5.357332e+001, 9.658373e+001, 0.000000e+000, 0.000000e+000, 0.000000e+000, 0.000000e+000
 2.923500e-001,-3.285801e+003, 8.820541e+002, 2.380407e+003,-5.490630e+001,-5.206272e+001, 9.798663e+001, 0.000000e+000, 0.000000e+000, 0.000000e+000, 0.000000e+000
 2.924000e-001,-3.269089e+003, 8.199896e+002, 2.425674e+003,-5.465077e+001,-5.053137e+001, 9.935804e+001, 0.000000e+000, 0.000000e+000, 0.000000e+000, 0.000000e+000
 2.924500e-001,-3.251192e+003, 7.575814e+002, 2.470064e+003,-5.437271e+001,-4.898049e+001, 1.006970e+002, 0.000000e+000, 0.000000e+000, 0.000000e+000, 0.000000e+000
 2.925000e-001,-3.232155e+003, 6.949648e+002, 2.513595e+003,-5.407283e+001,-4.741121e+001, 1.020028e+002, 0.000000e+000, 0.000000e+000, 0.000000e+000, 0.000000e+000
 2.925500e-001,-3.211948e+003, 6.320507e+002, 2.556222e+003,-5.375162e+001,-4.582476e+001, 1.032745e+002, 0.000000e+000, 0.000000e+000, 0.000000e+000, 0.000000e+000
 2.926000e-001,-3.190612e+003, 5.689711e+002, 2.597957e+003,-5.340982e+001,-4.422229e+001, 1.045112e+002, 0.000000e+000, 0.000000e+000, 0.000000e+000, 0.000000e+000
 2.926500e-001,-3.168124e+003, 5.056404e+002, 2.638760e+003,-5.304797e+001,-4.260503e+001, 1.057121e+002, 0.000000e+000, 0.000000e+000, 0.000000e+000, 0.000000e+000
 2.927000e-001,-3.144519e+003, 4.421875e+002, 2.678639e+003,-5.266682e+001,-4.097414e+001, 1.068764e+002, 0.000000e+000, 0.000000e+000, 0.000000e+000, 0.000000e+000
 2.927500e-001,-3.119782e+003, 3.785299e+002, 2.717561e+003,-5.226694e+001,-3.933086e+001, 1.080033e+002, 0.000000e+000, 0.000000e+000, 0.000000e+000, 0.000000e+000
 2.928000e-001,-3.093942e+003, 3.147938e+002, 2.755526e+003,-5.184910e+001,-3.767632e+001, 1.090918e+002, 0.000000e+000, 0.000000e+000, 0.000000e+000, 0.000000e+000
 2.928500e-001,-3.066991e+003, 2.508994e+002, 2.792511e+003,-5.141390e+001,-3.601176e+001, 1.101413e+002, 0.000000e+000, 0.000000e+000, 0.000000e+000, 0.000000e+000
 2.929000e-001,-3.038953e+003, 1.869703e+002, 2.828510e+003,-5.096211e+001,-3.433831e+001, 1.111510e+002, 0.000000e+000, 0.000000e+000, 0.000000e+000, 0.000000e+000
 2.929500e-001,-3.009826e+003, 1.229295e+002, 2.863506e+003,-5.049433e+001,-3.265716e+001, 1.121199e+002, 0.000000e+000, 0.000000e+000, 0.000000e+000, 0.000000e+000
 2.930000e-001,-2.979629e+003, 5.889799e+001, 2.897486e+003,-5.001136e+001,-3.096943e+001, 1.130476e+002, 0.000000e+000, 0.000000e+000, 0.000000e+000, 0.000000e+000
 2.930500e-001,-2.948367e+003,-5.199008e+000, 2.930444e+003,-4.951378e+001,-2.927627e+001, 1.139331e+002, 0.000000e+000, 0.000000e+000, 0.000000e+000, 0.000000e+000
 2.931000e-001,-2.916056e+003,-6.924234e+001, 2.962357e+003,-4.900239e+001,-2.757877e+001, 1.147759e+002, 0.000000e+000, 0.000000e+000, 0.000000e+000, 0.000000e+000
 2.931500e-001,-2.882704e+003,-1.333051e+002, 2.993229e+003,-4.847778e+001,-2.587805e+001, 1.155751e+002, 0.000000e+000, 0.000000e+000, 0.000000e+000, 0.000000e+000
 2.932000e-001,-2.848324e+003,-1.972699e+002, 3.023029e+003,-4.794071e+001,-2.417514e+001, 1.163303e+002, 0.000000e+000, 0.000000e+000, 0.000000e+000, 0.000000e+000
 2.932500e-001,-2.812930e+003,-2.612082e+002, 3.051771e+003,-4.739178e+001,-2.247111e+001, 1.170405e+002, 0.000000e+000, 0.000000e+000, 0.000000e+000, 0.000000e+000
 2.933000e-001,-2.776530e+003,-3.250042e+002, 3.079417e+003,-4.683173e+001,-2.076696e+001, 1.177055e+002, 0.000000e+000, 0.000000e+000, 0.000000e+000, 0.000000e+000
 2.933500e-001,-2.739144e+003,-3.887281e+002, 3.105988e+003,-4.626112e+001,-1.906369e+001, 1.183243e+002, 0.000000e+000, 0.000000e+000, 0.000000e+000, 0.000000e+000
 2.934000e-001,-2.700777e+003,-4.522654e+002, 3.131439e+003,-4.568067e+001,-1.736223e+001, 1.188967e+002, 0.000000e+000, 0.000000e+000, 0.000000e+000, 0.000000e+000
 2.934500e-001,-2.661453e+003,-5.156854e+002, 3.155801e+003,-4.509093e+001,-1.566353e+001, 1.194219e+002, 0.000000e+000, 0.000000e+000, 0.000000e+000, 0.000000e+000
 2.935000e-001,-2.621174e+003,-5.788745e+002, 3.179021e+003,-4.449256e+001,-1.396847e+001, 1.198996e+002, 0.000000e+000, 0.000000e+000, 0.000000e+000, 0.000000e+000
 2.935500e-001,-2.579969e+003,-6.419013e+002, 3.201139e+003,-4.388608e+001,-1.227792e+001, 1.203292e+002, 0.000000e+000, 0.000000e+000, 0.000000e+000, 0.000000e+000
 2.936000e-001,-2.537835e+003,-7.046534e+002, 3.222094e+003,-4.327211e+001,-1.059269e+001, 1.207104e+002, 0.000000e+000, 0.000000e+000, 0.000000e+000, 0.000000e+000
 2.936500e-001,-2.494807e+003,-7.671985e+002, 3.241936e+003,-4.265114e+001,-8.913587e+000, 1.210426e+002, 0.000000e+000, 0.000000e+000, 0.000000e+000, 0.000000e+000
 2.937000e-001,-2.450880e+003,-8.294255e+002, 3.260596e+003,-4.202373e+001,-7.241339e+000, 1.213256e+002, 0.000000e+000, 0.000000e+000, 0.000000e+000, 0.000000e+000
 2.937500e-001,-2.406092e+003,-8.914010e+002, 3.278134e+003,-4.139032e+001,-5.576686e+000, 1.215590e+002, 0.000000e+000, 0.000000e+000, 0.000000e+000, 0.000000e+000
 2.938000e-001,-2.360435e+003,-9.530154e+002, 3.294471e+003,-4.075142e+001,-3.920283e+000, 1.217426e+002, 0.000000e+000, 0.000000e+000, 0.000000e+000, 0.000000e+000
 2.938500e-001,-2.313951e+003,-1.014334e+003, 3.309679e+003,-4.010740e+001,-2.272797e+000, 1.218759e+002, 0.000000e+000, 0.000000e+000, 0.000000e+000, 0.000000e+000
 2.939000e-001,-2.266629e+003,-1.075250e+003, 3.323671e+003,-3.945874e+001,-6.348002e-001, 1.219589e+002, 0.000000e+000, 0.000000e+000, 0.000000e+000, 0.000000e+000
 2.939500e-001,-2.218517e+003,-1.135826e+003, 3.336527e+003,-3.880575e+001, 9.931080e-001, 1.219914e+002, 0.000000e+000, 0.000000e+000, 0.000000e+000, 0.000000e+000
 2.940000e-001,-2.169598e+003,-1.195957e+003, 3.348152e+003,-3.814883e+001, 2.610437e+000, 1.219732e+002, 0.000000e+000, 0.000000e+000, 0.000000e+000, 0.000000e+000
 2.940500e-001,-2.119926e+003,-1.255704e+003, 3.358637e+003,-3.748822e+001, 4.216656e+000, 1.219041e+002, 0.000000e+000, 0.000000e+000, 0.000000e+000, 0.000000e+000
 2.941000e-001,-2.069482e+003,-1.314967e+003, 3.367879e+003,-3.682429e+001, 5.811357e+000, 1.217842e+002, 0.000000e+000, 0.000000e+000, 0.000000e+000, 0.000000e+000
 2.941500e-001,-2.018322e+003,-1.373802e+003, 3.375977e+003,-3.615720e+001, 7.394072e+000, 1.216133e+002, 0.000000e+000, 0.000000e+000, 0.000000e+000, 0.000000e+000
 2.942000e-001,-1.966425e+003,-1.432113e+003, 3.382822e+003,-3.548724e+001, 8.964477e+000, 1.213916e+002, 0.000000e+000, 0.000000e+000, 0.000000e+000, 0.000000e+000
 2.942500e-001,-1.913851e+003,-1.489953e+003, 3.388521e+003,-3.481451e+001, 1.052216e+001, 1.211190e+002, 0.000000e+000, 0.000000e+000, 0.000000e+000, 0.000000e+000
 2.943000e-001,-1.860575e+003,-1.547230e+003, 3.392958e+003,-3.413925e+001, 1.206689e+001, 1.207958e+002, 0.000000e+000, 0.000000e+000, 0.000000e+000, 0.000000e+000
 2.943500e-001,-1.806662e+003,-1.603994e+003, 3.396249e+003,-3.346149e+001, 1.359830e+001, 1.204218e+002, 0.000000e+000, 0.000000e+000, 0.000000e+000, 0.000000e+000
 2.944000e-001,-1.752085e+003,-1.660157e+003, 3.398272e+003,-3.278139e+001, 1.511624e+001, 1.199975e+002, 0.000000e+000, 0.000000e+000, 0.000000e+000, 0.000000e+000
 2.944500e-001,-1.696911e+003,-1.715765e+003, 3.399150e+003,-3.209893e+001, 1.662039e+001, 1.195229e+002, 0.000000e+000, 0.000000e+000, 0.000000e+000, 0.000000e+000
 2.945000e-001,-1.641110e+003,-1.770734e+003, 3.398756e+003,-3.141419e+001, 1.811068e+001, 1.189984e+002, 0.000000e+000, 0.000000e+000, 0.000000e+000, 0.000000e+000
 2.945500e-001,-1.584756e+003,-1.825107e+003, 3.397218e+003,-3.072709e+001, 1.958683e+001, 1.184242e+002, 0.000000e+000, 0.000000e+000, 0.000000e+000, 0.000000e+000
 2.946000e-001,-1.527812e+003,-1.878806e+003, 3.394406e+003,-3.003766e+001, 2.104885e+001, 1.178007e+002, 0.000000e+000, 0.000000e+000, 0.000000e+000, 0.000000e+000
 2.946500e-001,-1.470357e+003,-1.931868e+003, 3.390454e+003,-2.934576e+001, 2.249650e+001, 1.171282e+002, 0.000000e+000, 0.000000e+000, 0.000000e+000, 0.000000e+000
 2.947000e-001,-1.412352e+003,-1.984221e+003, 3.385228e+003,-2.865135e+001, 2.392983e+001, 1.164072e+002, 0.000000e+000, 0.000000e+000, 0.000000e+000, 0.000000e+000
 2.947500e-001,-1.353879e+003,-2.035896e+003, 3.378867e+003,-2.795425e+001, 2.534866e+001, 1.156381e+002, 0.000000e+000, 0.000000e+000, 0.000000e+000, 0.000000e+000
 2.948000e-001,-1.294896e+003,-2.086830e+003, 3.371233e+003,-2.725435e+001, 2.675310e+001, 1.148214e+002, 0.000000e+000, 0.000000e+000, 0.000000e+000, 0.000000e+000
 2.948500e-001,-1.235489e+003,-2.137045e+003, 3.362471e+003,-2.655143e+001, 2.814299e+001, 1.139577e+002, 0.000000e+000, 0.000000e+000, 0.000000e+000, 0.000000e+000
 2.949000e-001,-1.175613e+003,-2.186488e+003, 3.352441e+003,-2.584533e+001, 2.951848e+001, 1.130475e+002, 0.000000e+000, 0.000000e+000, 0.000000e+000, 0.000000e+000
 2.949500e-001,-1.115356e+003,-2.235172e+003, 3.341290e+003,-2.513580e+001, 3.087944e+001, 1.120914e+002, 0.000000e+000, 0.000000e+000, 0.000000e+000, 0.000000e+000
 2.950000e-001,-1.054673e+003,-2.283054e+003, 3.328876e+003,-2.442262e+001, 3.222608e+001, 1.110901e+002, 0.000000e+000, 0.000000e+000, 0.000000e+000, 0.000000e+000
 2.950500e-001,-9.936536e+002,-2.330138e+003, 3.315351e+003,-2.370551e+001, 3.355827e+001, 1.100441e+002, 0.000000e+000, 0.000000e+000, 0.000000e+000, 0.000000e+000
 2.951000e-001,-9.322506e+002,-2.376392e+003, 3.300572e+003,-2.298421e+001, 3.487626e+001, 1.089544e+002, 0.000000e+000, 0.000000e+000, 0.000000e+000, 0.000000e+000
 2.951500e-001,-8.705544e+002,-2.421809e+003, 3.284691e+003,-2.225844e+001, 3.617994e+001, 1.078215e+002, 0.000000e+000, 0.000000e+000, 0.000000e+000, 0.000000e+000
 2.952000e-001,-8.085192e+002,-2.466369e+003, 3.267566e+003,-2.152788e+001, 3.746957e+001, 1.066462e+002, 0.000000e+000, 0.000000e+000, 0.000000e+000, 0.000000e+000
 2.952500e-001,-7.462346e+002,-2.510055e+003, 3.249352e+003,-2.079225e+001, 3.874506e+001, 1.054294e+002, 0.000000e+000, 0.000000e+000, 0.000000e+000, 0.000000e+000
 2.953000e-001,-6.836559e+002,-2.552857e+003, 3.229906e+003,-2.005120e+001, 4.000669e+001, 1.041719e+002, 0.000000e+000, 0.000000e+000, 0.000000e+000, 0.000000e+000
 2.953500e-001,-6.208713e+002,-2.594749e+003, 3.209384e+003,-1.930445e+001, 4.125437e+001, 1.028744e+002, 0.000000e+000, 0.000000e+000, 0.000000e+000, 0.000000e+000
 2.954000e-001,-5.578386e+002,-2.635734e+003, 3.187645e+003,-1.855164e+001, 4.248840e+001, 1.015380e+002, 0.000000e+000, 0.000000e+000, 0.000000e+000, 0.000000e+000
 2.954500e-001,-4.946430e+002,-2.675773e+003, 3.164843e+003,-1.779249e+001, 4.370868e+001, 1.001634e+002, 0.000000e+000, 0.000000e+000, 0.000000e+000, 0.000000e+000
 2.955000e-001,-4.312463e+002,-2.714881e+003, 3.140841e+003,-1.702662e+001, 4.491550e+001, 9.875169e+001, 0.000000e+000, 0.000000e+000, 0.000000e+000, 0.000000e+000
 2.955500e-001,-3.677292e+002,-2.753010e+003, 3.115791e+003,-1.625379e+001, 4.610878e+001, 9.730372e+001, 0.000000e+000, 0.000000e+000, 0.000000e+000, 0.000000e+000
 2.956000e-001,-3.040587e+002,-2.790186e+003, 3.089561e+003,-1.547360e+001, 4.728879e+001, 9.582041e+001, 0.000000e+000, 0.000000e+000, 0.000000e+000, 0.000000e+000
 2.956500e-001,-2.403099e+002,-2.826350e+003, 3.062298e+003,-1.468585e+001, 4.845544e+001, 9.430283e+001, 0.000000e+000, 0.000000e+000, 0.000000e+000, 0.000000e+000
 2.957000e-001,-1.764565e+002,-2.861541e+003, 3.033877e+003,-1.389014e+001, 4.960899e+001, 9.275188e+001, 0.000000e+000, 0.000000e+000, 0.000000e+000, 0.000000e+000
 2.957500e-001,-1.125658e+002,-2.895688e+003, 3.004440e+003,-1.308633e+001, 5.074934e+001, 9.116865e+001, 0.000000e+000, 0.000000e+000, 0.000000e+000, 0.000000e+000
 2.958000e-001,-4.862018e+001,-2.928843e+003, 2.973868e+003,-1.227399e+001, 5.187673e+001, 8.955405e+001, 0.000000e+000, 0.000000e+000, 0.000000e+000, 0.000000e+000
 2.958500e-001, 1.532221e+001,-2.960926e+003, 2.942299e+003,-1.145305e+001, 5.299104e+001, 8.790922e+001, 0.000000e+000, 0.000000e+000, 0.000000e+000, 0.000000e+000
 2.959000e-001, 7.926923e+001,-2.991998e+003, 2.909621e+003,-1.062311e+001, 5.409248e+001, 8.623505e+001, 0.000000e+000, 0.000000e+000, 0.000000e+000, 0.000000e+000
 2.959500e-001, 1.431734e+002,-3.021969e+003, 2.875964e+003,-9.784146e+000, 5.518092e+001, 8.453272e+001, 0.000000e+000, 0.000000e+000, 0.000000e+000, 0.000000e+000
 2.960000e-001, 2.070311e+002,-3.050912e+003, 2.841225e+003,-8.935785e+000, 5.625653e+001, 8.280312e+001, 0.000000e+000, 0.000000e+000, 0.000000e+000, 0.000000e+000
 2.960500e-001, 2.708071e+002,-3.078729e+003, 2.805529e+003,-8.078081e+000, 5.731917e+001, 8.104744e+001, 0.000000e+000, 0.000000e+000, 0.000000e+000, 0.000000e+000
 2.961000e-001, 3.344850e+002,-3.105503e+003, 2.768780e+003,-7.210675e+000, 5.836895e+001, 7.926656e+001, 0.000000e+000, 0.000000e+000, 0.000000e+000, 0.000000e+000
 2.961500e-001, 3.980432e+002,-3.131126e+003, 2.731094e+003,-6.333704e+000, 5.940572e+001, 7.746167e+001, 0.000000e+000, 0.000000e+000, 0.000000e+000, 0.000000e+000
 2.962000e-001, 4.614513e+002,-3.155690e+003, 2.692388e+003,-5.446845e+000, 6.042955e+001, 7.563364e+001, 0.000000e+000, 0.000000e+000, 0.000000e+000, 0.000000e+000
 2.962500e-001, 5.247026e+002,-3.179082e+003, 2.652768e+003,-4.550314e+000, 6.144025e+001, 7.378367e+001, 0.000000e+000, 0.000000e+000, 0.000000e+000, 0.000000e+000
 2.963000e-001, 5.877512e+002,-3.201402e+003, 2.612159e+003,-3.643830e+000, 6.243786e+001, 7.191259e+001, 0.000000e+000, 0.000000e+000, 0.000000e+000, 0.000000e+000
 2.963500e-001, 6.506068e+002,-3.222529e+003, 2.570660e+003,-2.727691e+000, 6.342214e+001, 7.002159e+001, 0.000000e+000, 0.000000e+000, 0.000000e+000, 0.000000e+000
 2.964000e-001, 7.132070e+002,-3.242572e+003, 2.528208e+003,-1.801668e+000, 6.439309e+001, 6.811149e+001, 0.000000e+000, 0.000000e+000, 0.000000e+000, 0.000000e+000
 2.964500e-001, 7.755785e+002,-3.261403e+003, 2.484891e+003,-8.661385e-001, 6.535044e+001, 6.618345e+001, 0.000000e+000, 0.000000e+000, 0.000000e+000, 0.000000e+000
 2.965000e-001, 8.376421e+002,-3.279139e+003, 2.440655e+003, 7.906788e-002, 6.629413e+001, 6.423826e+001, 0.000000e+000, 0.000000e+000, 0.000000e+000, 0.000000e+000
 2.965500e-001, 8.994421e+002,-3.295648e+003, 2.395581e+003, 1.033494e+000, 6.722387e+001, 6.227705e+001, 0.000000e+000, 0.000000e+000, 0.000000e+000, 0.000000e+000
 2.966000e-001, 9.608817e+002,-3.311051e+003, 2.349626e+003, 1.997246e+000, 6.813953e+001, 6.030059e+001, 0.000000e+000, 0.000000e+000, 0.000000e+000, 0.000000e+000
 2.966500e-001, 1.022023e+003,-3.325213e+003, 2.302860e+003, 2.969791e+000, 6.904079e+001, 5.830997e+001, 0.000000e+000, 0.000000e+000, 0.000000e+000, 0.000000e+000
 2.967000e-001, 1.082753e+003,-3.338260e+003, 2.255252e+003, 3.951166e+000, 6.992747e+001, 5.630592e+001, 0.000000e+000, 0.000000e+000, 0.000000e+000, 0.000000e+000
 2.967500e-001, 1.143150e+003,-3.350054e+003, 2.206861e+003, 4.940764e+000, 7.079921e+001, 5.428948e+001, 0.000000e+000, 0.000000e+000, 0.000000e+000, 0.000000e+000
 2.968000e-001, 1.203083e+003,-3.360726e+003, 2.157668e+003, 5.938552e+000, 7.165575e+001, 5.226134e+001, 0.000000e+000, 0.000000e+000, 0.000000e+000, 0.000000e+000
 2.968500e-001, 1.262652e+003,-3.370135e+003, 2.107722e+003, 6.943853e+000, 7.249674e+001, 5.022251e+001, 0.000000e+000, 0.000000e+000, 0.000000e+000, 0.000000e+000
 2.969000e-001, 1.321705e+003,-3.378416e+003, 2.057015e+003, 7.956556e+000, 7.332185e+001, 4.817364e+001, 0.000000e+000, 0.000000e+000, 0.000000e+000, 0.000000e+000
 2.969500e-001, 1.380361e+003,-3.385425e+003, 2.005586e+003, 8.975926e+000, 7.413066e+001, 4.611567e+001, 0.000000e+000, 0.000000e+000, 0.000000e+000, 0.000000e+000
 2.970000e-001, 1.438452e+003,-3.391301e+003, 1.953437e+003, 1.000177e+001, 7.492281e+001, 4.404922e+001, 0.000000e+000, 0.000000e+000, 0.000000e+000, 0.000000e+000
 2.970500e-001, 1.496112e+003,-3.395901e+003, 1.900598e+003, 1.103331e+001, 7.569785e+001, 4.197518e+001, 0.000000e+000, 0.000000e+000, 0.000000e+000, 0.000000e+000
 2.971000e-001, 1.553159e+003,-3.399363e+003, 1.847082e+003, 1.207026e+001, 7.645534e+001, 3.989410e+001, 0.000000e+000, 0.000000e+000, 0.000000e+000, 0.000000e+000
 2.971500e-001, 1.609742e+003,-3.401546e+003, 1.792910e+003, 1.311179e+001, 7.719482e+001, 3.780684e+001, 0.000000e+000, 0.000000e+000, 0.000000e+000, 0.000000e+000
 2.972000e-001, 1.665664e+003,-3.402589e+003, 1.738104e+003, 1.415756e+001, 7.791579e+001, 3.571390e+001, 0.000000e+000, 0.000000e+000, 0.000000e+000, 0.000000e+000
 2.972500e-001, 1.721092e+003,-3.402351e+003, 1.682677e+003, 1.520669e+001, 7.861777e+001, 3.361608e+001, 0.000000e+000, 0.000000e+000, 0.000000e+000, 0.000000e+000
 2.973000e-001, 1.775811e+003,-3.400971e+003, 1.626660e+003, 1.625875e+001, 7.930019e+001, 3.151383e+001, 0.000000e+000, 0.000000e+000, 0.000000e+000, 0.000000e+000
 2.973500e-001, 1.830004e+003,-3.398312e+003, 1.570057e+003, 1.731284e+001, 7.996253e+001, 2.940790e+001, 0.000000e+000, 0.000000e+000, 0.000000e+000, 0.000000e+000
 2.974000e-001, 1.883444e+003,-3.394512e+003, 1.512909e+003, 1.836845e+001, 8.060421e+001, 2.729870e+001, 0.000000e+000, 0.000000e+000, 0.000000e+000, 0.000000e+000
 2.974500e-001, 1.936325e+003,-3.389434e+003, 1.455211e+003, 1.942467e+001, 8.122467e+001, 2.518692e+001, 0.000000e+000, 0.000000e+000, 0.000000e+000, 0.000000e+000
 2.975000e-001, 1.988411e+003,-3.383218e+003, 1.397014e+003, 2.048092e+001, 8.182327e+001, 2.307293e+001, 0.000000e+000, 0.000000e+000, 0.000000e+000, 0.000000e+000
 2.975500e-001, 2.039906e+003,-3.375729e+003, 1.338304e+003, 2.153626e+001, 8.239945e+001, 2.095736e+001, 0.000000e+000, 0.000000e+000, 0.000000e+000, 0.000000e+000
 2.976000e-001, 2.090564e+003,-3.367104e+003, 1.279142e+003, 2.259006e+001, 8.295252e+001, 1.884055e+001, 0.000000e+000, 0.000000e+000, 0.000000e+000, 0.000000e+000
 2.976500e-001, 2.140599e+003,-3.357214e+003, 1.219504e+003, 2.364137e+001, 8.348190e+001, 1.672307e+001, 0.000000e+000, 0.000000e+000, 0.000000e+000, 0.000000e+000
 2.977000e-001, 2.189759e+003,-3.346192e+003, 1.159460e+003, 2.468950e+001, 8.398689e+001, 1.460522e+001, 0.000000e+000, 0.000000e+000, 0.000000e+000, 0.000000e+000
 2.977500e-001, 2.238265e+003,-3.333914e+003, 1.098981e+003, 2.573350e+001, 8.446687e+001, 1.248755e+001, 0.000000e+000, 0.000000e+000, 0.000000e+000, 0.000000e+000
 2.978000e-001, 2.285857e+003,-3.320511e+003, 1.038142e+003, 2.677262e+001, 8.492111e+001, 1.037031e+001, 0.000000e+000, 0.000000e+000, 0.000000e+000, 0.000000e+000
 2.978500e-001, 2.332763e+003,-3.305862e+003, 9.769072e+002, 2.780594e+001, 8.534902e+001, 8.254002e+000, 0.000000e+000, 0.000000e+000, 0.000000e+000, 0.000000e+000
 2.979000e-001, 2.378720e+003,-3.290095e+003, 9.153594e+002, 2.883265e+001, 8.574983e+001, 6.138862e+000, 0.000000e+000, 0.000000e+000, 0.000000e+000, 0.000000e+000
 2.979500e-001, 2.423960e+003,-3.273096e+003, 8.534568e+002, 2.985186e+001, 8.612295e+001, 4.025342e+000, 0.000000e+000, 0.000000e+000, 0.000000e+000, 0.000000e+000
 2.980000e-001, 2.468219e+003,-3.254989e+003, 7.912884e+002, 3.086271e+001, 8.646760e+001, 1.913666e+000, 0.000000e+000, 0.000000e+000, 0.000000e+000, 0.000000e+000
 2.980500e-001, 2.511729e+003,-3.235663e+003, 7.288063e+002, 3.186434e+001, 8.678319e+001,-1.957480e-001, 0.000000e+000, 0.000000e+000, 0.000000e+000, 0.000000e+000
 2.981000e-001, 2.554225e+003,-3.215239e+003, 6.661058e+002, 3.285585e+001, 8.706895e+001,-2.302695e+000, 0.000000e+000, 0.000000e+000, 0.000000e+000, 0.000000e+000
 2.981500e-001, 2.595942e+003,-3.193615e+003, 6.031333e+002, 3.383643e+001, 8.732430e+001,-4.406781e+000, 0.000000e+000, 0.000000e+000, 0.000000e+000, 0.000000e+000
 2.982000e-001, 2.636617e+003,-3.170904e+003, 5.399900e+002, 3.480516e+001, 8.754845e+001,-6.507813e+000, 0.000000e+000, 0.000000e+000, 0.000000e+000, 0.000000e+000
 2.982500e-001, 2.676482e+003,-3.147011e+003, 4.766169e+002, 3.576123e+001, 8.774088e+001,-8.605414e+000, 0.000000e+000, 0.000000e+000, 0.000000e+000, 0.000000e+000
 2.983000e-001, 2.715278e+003,-3.122045e+003, 4.131206e+002, 3.670375e+001, 8.790082e+001,-1.069940e+001, 0.000000e+000, 0.000000e+000, 0.000000e+000, 0.000000e+000
 2.983500e-001, 2.753233e+003,-3.095918e+003, 3.494370e+002, 3.763195e+001, 8.802773e+001,-1.278940e+001, 0.000000e+000, 0.000000e+000, 0.000000e+000, 0.000000e+000
 2.984000e-001, 2.790094e+003,-3.068733e+003, 2.856781e+002, 3.854490e+001, 8.812090e+001,-1.487523e+001, 0.000000e+000, 0.000000e+000, 0.000000e+000, 0.000000e+000
 2.984500e-001, 2.826086e+003,-3.040408e+003, 2.217746e+002, 3.944191e+001, 8.817982e+001,-1.695654e+001, 0.000000e+000, 0.000000e+000, 0.000000e+000, 0.000000e+000
 2.985000e-001, 2.860961e+003,-3.011042e+003, 1.578435e+002, 4.032204e+001, 8.820380e+001,-1.903313e+001, 0.000000e+000, 0.000000e+000, 0.000000e+000, 0.000000e+000
 2.985500e-001, 2.894937e+003,-2.980561e+003, 9.381068e+001, 4.118465e+001, 8.819240e+001,-2.110463e+001, 0.000000e+000, 0.000000e+000, 0.000000e+000, 0.000000e+000
 2.986000e-001, 2.927777e+003,-2.949057e+003, 2.979811e+001, 4.202884e+001, 8.814495e+001,-2.317085e+001, 0.000000e+000, 0.000000e+000, 0.000000e+000, 0.000000e+000
 2.986500e-001, 2.959688e+003,-2.916463e+003,-3.427310e+001, 4.285400e+001, 8.806108e+001,-2.523142e+001, 0.000000e+000, 0.000000e+000, 0.000000e+000, 0.000000e+000
 2.987000e-001, 2.990445e+003,-2.882864e+003,-9.827642e+001, 4.365924e+001, 8.794016e+001,-2.728612e+001, 0.000000e+000, 0.000000e+000, 0.000000e+000, 0.000000e+000
 2.987500e-001, 3.020245e+003,-2.848205e+003,-1.622953e+002, 4.444405e+001, 8.778188e+001,-2.933456e+001, 0.000000e+000, 0.000000e+000, 0.000000e+000, 0.000000e+000
 2.988000e-001, 3.048876e+003,-2.812561e+003,-2.261988e+002, 4.520752e+001, 8.758567e+001,-3.137650e+001, 0.000000e+000, 0.000000e+000, 0.000000e+000, 0.000000e+000
 2.988500e-001, 3.076523e+003,-2.775885e+003,-2.900747e+002, 4.594924e+001, 8.735130e+001,-3.341154e+001, 0.000000e+000, 0.000000e+000, 0.000000e+000, 0.000000e+000
 2.989000e-001, 3.102986e+003,-2.738247e+003,-3.537879e+002, 4.666832e+001, 8.707825e+001,-3.543942e+001, 0.000000e+000, 0.000000e+000, 0.000000e+000, 0.000000e+000
 2.989500e-001, 3.128439e+003,-2.699607e+003,-4.174306e+002, 4.736441e+001, 8.676637e+001,-3.745970e+001, 0.000000e+000, 0.000000e+000, 0.000000e+000, 0.000000e+000
 2.990000e-001, 3.152698e+003,-2.660029e+003,-4.808636e+002, 4.803668e+001, 8.641521e+001,-3.947209e+001, 0.000000e+000, 0.000000e+000, 0.000000e+000, 0.000000e+000
 2.990500e-001, 3.175920e+003,-2.619483e+003,-5.441830e+002, 4.868483e+001, 8.602472e+001,-4.147613e+001, 0.000000e+000, 0.000000e+000, 0.000000e+000, 0.000000e+000
 2.991000e-001, 3.197938e+003,-2.578021e+003,-6.072461e+002, 4.930808e+001, 8.559454e+001,-4.347149e+001, 0.000000e+000, 0.000000e+000, 0.000000e+000, 0.000000e+000
 2.991500e-001, 3.218896e+003,-2.535625e+003,-6.701529e+002, 4.990622e+001, 8.512466e+001,-4.545768e+001, 0.000000e+000, 0.000000e+000, 0.000000e+000, 0.000000e+000
 2.992000e-001, 3.238642e+003,-2.492340e+003,-7.327573e+002, 5.047849e+001, 8.461485e+001,-4.743433e+001, 0.000000e+000, 0.000000e+000, 0.000000e+000, 0.000000e+000
 2.992500e-001, 3.257304e+003,-2.448157e+003,-7.951626e+002, 5.102478e+001, 8.406518e+001,-4.940092e+001, 0.000000e+000, 0.000000e+000, 0.000000e+000, 0.000000e+000
 2.993000e-001, 3.274750e+003,-2.403111e+003,-8.572198e+002, 5.154438e+001, 8.347549e+001,-5.135704e+001, 0.000000e+000, 0.000000e+000, 0.000000e+000, 0.000000e+000
 2.993500e-001, 3.291090e+003,-2.357204e+003,-9.190358e+002, 5.203725e+001, 8.284599e+001,-5.330212e+001, 0.000000e+000, 0.000000e+000, 0.000000e+000, 0.000000e+000
 2.994000e-001, 3.306211e+003,-2.310461e+003,-9.804586e+002, 5.250273e+001, 8.217657e+001,-5.523571e+001, 0.000000e+000, 0.000000e+000, 0.000000e+000, 0.000000e+000
 2.994500e-001, 3.320203e+003,-2.262897e+003,-1.041598e+003, 5.294088e+001, 8.146758e+001,-5.715723e+001, 0.000000e+000, 0.000000e+000, 0.000000e+000, 0.000000e+000
 2.995000e-001, 3.332977e+003,-2.214525e+003,-1.102300e+003, 5.335109e+001, 8.071899e+001,-5.906616e+001, 0.000000e+000, 0.000000e+000, 0.000000e+000, 0.000000e+000
 2.995500e-001, 3.344601e+003,-2.165372e+003,-1.162676e+003, 5.373349e+001, 7.993123e+001,-6.096189e+001, 0.000000e+000, 0.000000e+000, 0.000000e+000, 0.000000e+000
 2.996000e-001, 3.355008e+003,-2.115442e+003,-1.222571e+003, 5.408754e+001, 7.910441e+001,-6.284384e+001, 0.000000e+000, 0.000000e+000, 0.000000e+000, 0.000000e+000
 2.996500e-001, 3.364247e+003,-2.064771e+003,-1.282099e+003, 5.441346e+001, 7.823904e+001,-6.471138e+001, 0.000000e+000, 0.000000e+000, 0.000000e+000, 0.000000e+000
 2.997000e-001, 3.372273e+003,-2.013354e+003,-1.341104e+003, 5.471076e+001, 7.733533e+001,-6.656389e+001, 0.000000e+000, 0.000000e+000, 0.000000e+000, 0.000000e+000
 2.997500e-001, 3.379112e+003,-1.961238e+003,-1.399700e+003, 5.497976e+001, 7.639389e+001,-6.840070e+001, 0.000000e+000, 0.000000e+000, 0.000000e+000, 0.000000e+000
 2.998000e-001, 3.384745e+003,-1.908408e+003,-1.457731e+003, 5.522001e+001, 7.541503e+001,-7.022112e+001, 0.000000e+000, 0.000000e+000, 0.000000e+000, 0.000000e+000
 2.998500e-001, 3.389173e+003,-1.854923e+003,-1.515313e+003, 5.543193e+001, 7.439948e+001,-7.202448e+001, 0.000000e+000, 0.000000e+000, 0.000000e+000, 0.000000e+000
 2.999000e-001, 3.392404e+003,-1.800756e+003,-1.572289e+003, 5.561512e+001, 7.334761e+001,-7.381006e+001, 0.000000e+000, 0.000000e+000, 0.000000e+000, 0.000000e+000
 2.999500e-001, 3.394415e+003,-1.745978e+003,-1.628774e+003, 5.577010e+001, 7.226026e+001,-7.557712e+001, 0.000000e+000, 0.000000e+000, 0.000000e+000, 0.000000e+000
 3.000000e-001, 3.395239e+003,-1.690552e+003,-1.684615e+003, 5.589651e+001, 7.113792e+001,-7.732490e+001, 0.000000e+000, 0.000000e+000, 0.000000e+000, 0.000000e+000
 3.000500e-001, 3.394828e+003,-1.634561e+003,-1.739925e+003, 5.599496e+001, 6.998148e+001,-7.905267e+001, 0.000000e+000, 0.000000e+000, 0.000000e+000, 0.000000e+000
 3.001000e-001, 1.942801e+003,-1.595714e+003,-1.828402e+003, 1.536431e+002, 6.998621e+001,-7.848227e+001, 2.139190e+002, 0.000000e+000, 0.000000e+000, 0.000000e+000
 3.001500e-001, 1.918966e+003,-1.513553e+003,-1.886640e+003, 3.501231e+002, 6.946716e+001,-7.533474e+001, 5.626720e+002, 0.000000e+000, 0.000000e+000, 0.000000e+000
 3.002000e-001, 1.965003e+003,-1.488250e+003,-1.965546e+003, 5.443583e+002, 6.941058e+001,-7.016975e+001, 8.477518e+002, 0.000000e+000, 0.000000e+000, 0.000000e+000
 3.002500e-001, 1.961709e+003,-1.416695e+003,-2.014407e+003, 7.348077e+002, 7.060116e+001,-6.353052e+001, 1.121670e+003, 0.000000e+000, 0.000000e+000, 0.000000e+000
 3.003000e-001, 1.991757e+003,-1.368044e+003,-2.067970e+003, 9.223904e+002, 7.153548e+001,-5.703117e+001, 1.385339e+003, 0.000000e+000, 0.000000e+000, 0.000000e+000
 3.003500e-001, 1.978589e+003,-1.287911e+003,-2.104333e+003, 1.107613e+003, 7.170295e+001,-5.141704e+001, 1.637183e+003, 0.000000e+000, 0.000000e+000, 0.000000e+000
 3.004000e-001, 2.006301e+003,-1.227733e+003,-2.144953e+003, 1.290475e+003, 7.039258e+001,-4.745994e+001, 1.879790e+003, 0.000000e+000, 0.000000e+000, 0.000000e+000
 3.004500e-001, 1.987107e+003,-1.152199e+003,-2.182296e+003, 1.471223e+003, 6.797630e+001,-4.499152e+001, 2.110097e+003, 0.000000e+000, 0.000000e+000, 0.000000e+000
 3.005000e-001, 2.014355e+003,-1.083453e+003,-2.213353e+003, 1.649732e+003, 6.393695e+001,-4.455054e+001, 2.331251e+003, 0.000000e+000, 0.000000e+000, 0.000000e+000
 3.005500e-001, 1.991285e+003,-1.017248e+003,-2.256300e+003, 1.826106e+003, 5.895912e+001,-4.565226e+001, 2.539912e+003, 0.000000e+000, 0.000000e+000, 0.000000e+000
 3.006000e-001, 2.018329e+003,-9.414221e+002,-2.277983e+003, 2.000202e+003, 5.261969e+001,-4.881799e+001, 2.740421e+003, 0.000000e+000, 0.000000e+000, 0.000000e+000
 3.006500e-001, 1.991680e+003,-8.837033e+002,-2.327642e+003, 2.172105e+003, 4.554044e+001,-5.348396e+001, 2.928770e+003, 0.000000e+000, 0.000000e+000, 0.000000e+000
 3.007000e-001, 2.019497e+003,-8.044500e+002,-2.341064e+003, 2.341608e+003, 3.753794e+001,-6.009211e+001, 3.109987e+003, 0.000000e+000, 0.000000e+000, 0.000000e+000
 3.007500e-001, 1.987515e+003,-7.491089e+002,-2.394958e+003, 2.508917e+003, 2.881654e+001,-6.824095e+001, 3.279853e+003, 0.000000e+000, 0.000000e+000, 0.000000e+000
 3.008000e-001, 2.017890e+003,-6.717010e+002,-2.403135e+003, 2.673706e+003, 1.954158e+001,-7.816520e+001, 3.442888e+003, 0.000000e+000, 0.000000e+000, 0.000000e+000
 3.008500e-001, 1.977934e+003,-6.110145e+002,-2.456640e+003, 2.836358e+003, 9.391434e+000,-8.977028e+001, 3.595525e+003, 0.000000e+000, 0.000000e+000, 0.000000e+000
 3.009000e-001, 2.012439e+003,-5.392794e+002,-2.463503e+003, 2.996446e+003,-1.216830e+000,-1.030220e+002, 3.740909e+003, 0.000000e+000, 0.000000e+000, 0.000000e+000
 3.009500e-001, 1.962934e+003,-4.691093e+002,-2.512720e+003, 3.154460e+003,-1.288934e+001,-1.180844e+002, 3.876627e+003, 0.000000e+000, 0.000000e+000, 0.000000e+000
 3.010000e-001, 2.001880e+003,-4.028386e+002,-2.521491e+003, 3.309952e+003,-2.522879e+001,-1.347022e+002, 4.004506e+003, 0.000000e+000, 0.000000e+000, 0.000000e+000
 3.010500e-001, 1.943586e+003,-3.255089e+002,-2.565488e+003, 3.463366e+003,-3.869072e+001,-1.530983e+002, 4.123148e+003, 0.000000e+000, 0.000000e+000, 0.000000e+000
 3.011000e-001, 1.985960e+003,-2.608618e+002,-2.577911e+003, 3.614323e+003,-5.314218e+001,-1.728964e+002, 4.233848e+003, 0.000000e+000, 0.000000e+000, 0.000000e+000
 3.011500e-001, 1.921643e+003,-1.836518e+002,-2.618771e+003, 3.763082e+003,-6.855463e+001,-1.941755e+002, 4.335726e+003, 0.000000e+000, 0.000000e+000, 0.000000e+000
 3.012000e-001, 1.966111e+003,-1.163935e+002,-2.635699e+003, 3.909358e+003,-8.508630e+001,-2.164989e+002, 4.430384e+003, 0.000000e+000, 0.000000e+000, 0.000000e+000
 3.012500e-001, 1.898964e+003,-4.701247e+001,-2.676544e+003, 4.053197e+003,-1.021959e+002,-2.397323e+002, 4.517081e+003, 0.000000e+000, 0.000000e+000, 0.000000e+000
 3.013000e-001, 1.945055e+003, 2.404993e+001,-2.699051e+003, 4.194349e+003,-1.201286e+002,-2.633641e+002, 4.598018e+003, 0.000000e+000, 0.000000e+000, 0.000000e+000
 3.013500e-001, 1.877103e+003, 8.158026e+001,-2.741682e+003, 4.332727e+003,-1.380791e+002,-2.871364e+002, 4.672548e+003, 0.000000e+000, 0.000000e+000, 0.000000e+000
 3.014000e-001, 1.925570e+003, 1.537279e+002,-2.771481e+003, 4.468033e+003,-1.561163e+002,-3.104200e+002, 4.743156e+003, 0.000000e+000, 0.000000e+000, 0.000000e+000
 3.014500e-001, 1.857109e+003, 2.001437e+002,-2.815268e+003, 4.600163e+003,-1.734917e+002,-3.329975e+002, 4.809410e+003, 0.000000e+000, 0.000000e+000, 0.000000e+000
 3.015000e-001, 1.909178e+003, 2.690084e+002,-2.853974e+003, 4.728741e+003,-1.899875e+002,-3.541288e+002, 4.873529e+003, 0.000000e+000, 0.000000e+000, 0.000000e+000
 3.015500e-001, 1.839387e+003, 3.078097e+002,-2.896485e+003, 4.853722e+003,-2.050978e+002,-3.737588e+002, 4.935297e+003, 0.000000e+000, 0.000000e+000, 0.000000e+000
 3.016000e-001, 1.895549e+003, 3.708167e+002,-2.944381e+003, 4.974700e+003,-2.184388e+002,-3.911264e+002, 4.996325e+003, 0.000000e+000, 0.000000e+000, 0.000000e+000
 3.016500e-001, 1.823554e+003, 4.053494e+002,-2.982923e+003, 5.091694e+003,-2.297371e+002,-4.063560e+002, 5.056382e+003, 0.000000e+000, 0.000000e+000, 0.000000e+000
 3.017000e-001, 1.882884e+003, 4.636224e+002,-3.038351e+003, 5.204363e+003,-2.386913e+002,-4.187962e+002, 5.116503e+003, 0.000000e+000, 0.000000e+000, 0.000000e+000
 3.017500e-001, 1.808420e+003, 4.955028e+002,-3.071207e+003, 5.312749e+003,-2.451438e+002,-4.286848e+002, 5.176175e+003, 0.000000e+000, 0.000000e+000, 0.000000e+000
 3.018000e-001, 1.868907e+003, 5.529413e+002,-3.131171e+003, 5.416649e+003,-2.490621e+002,-4.355705e+002, 5.236092e+003, 0.000000e+000, 0.000000e+000, 0.000000e+000
 3.018500e-001, 1.792267e+003, 5.824904e+002,-3.157865e+003, 5.516089e+003,-2.503165e+002,-4.397208e+002, 5.295429e+003, 0.000000e+000, 0.000000e+000, 0.000000e+000
 3.019000e-001, 1.851842e+003, 6.429848e+002,-3.219378e+003, 5.611012e+003,-2.491427e+002,-4.408832e+002, 5.354719e+003, 0.000000e+000, 0.000000e+000, 0.000000e+000
 3.019500e-001, 1.773417e+003, 6.706167e+002,-3.240193e+003, 5.701419e+003,-2.454446e+002,-4.393043e+002, 5.413135e+003, 0.000000e+000, 0.000000e+000, 0.000000e+000
 3.020000e-001, 1.830862e+003, 7.356068e+002,-3.301341e+003, 5.787338e+003,-2.395606e+002,-4.348582e+002, 5.471043e+003, 0.000000e+000, 0.000000e+000, 0.000000e+000
 3.020500e-001, 1.750820e+003, 7.626578e+002,-3.316738e+003, 5.868766e+003,-2.314901e+002,-4.277583e+002, 5.528083e+003, 0.000000e+000, 0.000000e+000, 0.000000e+000
 3.021000e-001, 1.805947e+003, 8.306674e+002,-3.376709e+003, 5.945746e+003,-2.214778e+002,-4.179314e+002, 5.584327e+003, 0.000000e+000, 0.000000e+000, 0.000000e+000
 3.021500e-001, 1.724295e+003, 8.590410e+002,-3.387107e+003, 6.018277e+003,-2.096568e+002,-4.055609e+002, 5.640193e+003, 0.000000e+000, 0.000000e+000, 0.000000e+000
 3.022000e-001, 1.777392e+003, 9.271506e+002,-3.445280e+003, 6.086390e+003,-1.960808e+002,-3.906135e+002, 5.695357e+003, 0.000000e+000, 0.000000e+000, 0.000000e+000
 3.022500e-001, 1.694255e+003, 9.583679e+002,-3.451130e+003, 6.150080e+003,-1.809908e+002,-3.732406e+002, 5.750960e+003, 0.000000e+000, 0.000000e+000, 0.000000e+000
 3.023000e-001, 1.745320e+003, 1.024253e+003,-3.506042e+003, 6.209379e+003,-1.642896e+002,-3.535060e+002, 5.806281e+003, 0.000000e+000, 0.000000e+000, 0.000000e+000
 3.023500e-001, 1.661093e+003, 1.058930e+003,-3.507885e+003, 6.264263e+003,-1.462653e+002,-3.315229e+002, 5.862812e+003, 0.000000e+000, 0.000000e+000, 0.000000e+000
 3.024000e-001, 1.709420e+003, 1.122011e+003,-3.556884e+003, 6.314816e+003,-1.267872e+002,-3.075322e+002, 5.919479e+003, 0.000000e+000, 0.000000e+000, 0.000000e+000
 3.024500e-001, 1.624624e+003, 1.160214e+003,-3.555216e+003, 6.360981e+003,-1.061534e+002,-2.816122e+002, 5.977688e+003, 0.000000e+000, 0.000000e+000, 0.000000e+000
 3.025000e-001, 1.668950e+003, 1.221427e+003,-3.595050e+003, 6.402935e+003,-8.430159e+001,-2.542212e+002, 6.036030e+003, 0.000000e+000, 0.000000e+000, 0.000000e+000
 3.025500e-001, 1.583961e+003, 1.263453e+003,-3.590155e+003, 6.440599e+003,-6.155532e+001,-2.254170e+002, 6.095577e+003, 0.000000e+000, 0.000000e+000, 0.000000e+000
 3.026000e-001, 1.622932e+003, 1.324225e+003,-3.618039e+003, 6.474245e+003,-3.795349e+001,-1.958437e+002, 6.154542e+003, 0.000000e+000, 0.000000e+000, 0.000000e+000
 3.026500e-001, 1.537874e+003, 1.370957e+003,-3.610053e+003, 6.503792e+003,-1.388409e+001,-1.655485e+002, 6.213698e+003, 0.000000e+000, 0.000000e+000, 0.000000e+000
 3.027000e-001, 1.570466e+003, 1.432311e+003,-3.624527e+003, 6.529584e+003, 1.054014e+001,-1.352724e+002, 6.270886e+003, 0.000000e+000, 0.000000e+000, 0.000000e+000
 3.027500e-001, 1.485413e+003, 1.484751e+003,-3.613805e+003, 6.551541e+003, 3.485905e+001,-1.050371e+002, 6.326777e+003, 0.000000e+000, 0.000000e+000, 0.000000e+000
 3.028000e-001, 1.511057e+003, 1.547049e+003,-3.614926e+003, 6.570050e+003, 5.893094e+001,-7.557855e+001, 6.378983e+003, 0.000000e+000, 0.000000e+000, 0.000000e+000
 3.028500e-001, 1.426385e+003, 1.605385e+003,-3.602433e+003, 6.585010e+003, 8.227843e+001,-4.685256e+001, 6.428261e+003, 0.000000e+000, 0.000000e+000, 0.000000e+000
 3.029000e-001, 1.444857e+003, 1.668543e+003,-3.591349e+003, 6.596829e+003, 1.047609e+002,-1.951686e+001, 6.472292e+003, 0.000000e+000, 0.000000e+000, 0.000000e+000
 3.029500e-001, 1.361446e+003, 1.731561e+003,-3.578683e+003, 6.605350e+003, 1.259784e+002, 6.581066e+000, 6.511962e+003, 0.000000e+000, 0.000000e+000, 0.000000e+000
 3.030000e-001, 1.372696e+003, 1.795290e+003,-3.556973e+003, 6.610991e+003, 1.458052e+002, 3.089016e+001, 6.545358e+003, 0.000000e+000, 0.000000e+000, 0.000000e+000
 3.030500e-001, 1.291788e+003, 1.860651e+003,-3.545852e+003, 6.613517e+003, 1.639942e+002, 5.367863e+001, 6.573403e+003, 0.000000e+000, 0.000000e+000, 0.000000e+000
 3.031000e-001, 1.295848e+003, 1.924467e+003,-3.515019e+003, 6.613346e+003, 1.804479e+002, 7.449647e+001, 6.594801e+003, 0.000000e+000, 0.000000e+000, 0.000000e+000
 3.031500e-001, 1.218626e+003, 1.989700e+003,-3.506466e+003, 6.610171e+003, 1.950808e+002, 9.368045e+001, 6.610362e+003, 0.000000e+000, 0.000000e+000, 0.000000e+000
 3.032000e-001, 1.215609e+003, 2.052829e+003,-3.467749e+003, 6.604410e+003, 2.078427e+002, 1.108633e+002, 6.619413e+003, 0.000000e+000, 0.000000e+000, 0.000000e+000
 3.032500e-001, 1.142784e+003, 2.116370e+003,-3.461486e+003, 6.595710e+003, 2.187487e+002, 1.263624e+002, 6.622519e+003, 0.000000e+000, 0.000000e+000, 0.000000e+000
 3.033000e-001, 1.132877e+003, 2.177814e+003,-3.415936e+003, 6.584483e+003, 2.278111e+002, 1.398804e+002, 6.619462e+003, 0.000000e+000, 0.000000e+000, 0.000000e+000
 3.033500e-001, 1.064536e+003, 2.239441e+003,-3.410377e+003, 6.570377e+003, 2.350551e+002, 1.516267e+002, 6.610501e+003, 0.000000e+000, 0.000000e+000, 0.000000e+000
 3.034000e-001, 1.047949e+003, 2.298277e+003,-3.359065e+003, 6.553794e+003, 2.405504e+002, 1.613751e+002, 6.595676e+003, 0.000000e+000, 0.000000e+000, 0.000000e+000
 3.034500e-001, 9.837438e+002, 2.358778e+003,-3.351943e+003, 6.534413e+003, 2.442644e+002, 1.691815e+002, 6.574921e+003, 0.000000e+000, 0.000000e+000, 0.000000e+000
 3.035000e-001, 9.606673e+002, 2.414462e+003,-3.296192e+003, 6.512627e+003, 2.462990e+002, 1.749072e+002, 6.548447e+003, 0.000000e+000, 0.000000e+000, 0.000000e+000
 3.035500e-001, 9.001833e+002, 2.474884e+003,-3.285454e+003, 6.488149e+003, 2.465468e+002, 1.784687e+002, 6.515890e+003, 0.000000e+000, 0.000000e+000, 0.000000e+000
 3.036000e-001, 8.708210e+002, 2.527256e+003,-3.227036e+003, 6.461367e+003, 2.451160e+002, 1.798454e+002, 6.477680e+003, 0.000000e+000, 0.000000e+000, 0.000000e+000
 3.036500e-001, 8.138878e+002, 2.588251e+003,-3.211510e+003, 6.432007e+003, 2.418509e+002, 1.788732e+002, 6.433221e+003, 0.000000e+000, 0.000000e+000, 0.000000e+000
 3.037000e-001, 7.785860e+002, 2.637166e+003,-3.152726e+003, 6.400441e+003, 2.368655e+002, 1.756848e+002, 6.383289e+003, 0.000000e+000, 0.000000e+000, 0.000000e+000
 3.037500e-001, 7.253795e+002, 2.698763e+003,-3.132266e+003, 6.366391e+003, 2.299984e+002, 1.701045e+002, 6.327158e+003, 0.000000e+000, 0.000000e+000, 0.000000e+000
 3.038000e-001, 6.847515e+002, 2.743588e+003,-3.075807e+003, 6.330192e+003, 2.214020e+002, 1.624439e+002, 6.266035e+003, 0.000000e+000, 0.000000e+000, 0.000000e+000
 3.038500e-001, 6.356942e+002, 2.805330e+003,-3.050932e+003, 6.291542e+003, 2.109416e+002, 1.525600e+002, 6.199179e+003, 0.000000e+000, 0.000000e+000, 0.000000e+000
 3.039000e-001, 5.906172e+002, 2.844727e+003,-2.999472e+003, 6.250726e+003, 1.988561e+002, 1.409418e+002, 6.128196e+003, 0.000000e+000, 0.000000e+000, 0.000000e+000
 3.039500e-001, 5.461915e+002, 2.905938e+003,-2.970796e+003, 6.207414e+003, 1.850524e+002, 1.274848e+002, 6.052402e+003, 0.000000e+000, 0.000000e+000, 0.000000e+000
 3.040000e-001, 4.976240e+002, 2.938130e+003,-2.926413e+003, 6.161832e+003, 1.698849e+002, 1.128147e+002, 5.973657e+003, 0.000000e+000, 0.000000e+000, 0.000000e+000
 3.040500e-001, 4.582213e+002, 2.998114e+003,-2.894204e+003, 6.113632e+003, 1.533037e+002, 9.684180e+001, 5.891317e+003, 0.000000e+000, 0.000000e+000, 0.000000e+000
 3.041000e-001, 4.069170e+002, 3.021527e+003,-2.857858e+003, 6.062994e+003, 1.357650e+002, 8.025320e+001, 5.807298e+003, 0.000000e+000, 0.000000e+000, 0.000000e+000
 3.041500e-001, 3.727741e+002, 3.079647e+003,-2.821935e+003, 6.009561e+003, 1.172580e+002, 6.294321e+001, 5.720900e+003, 0.000000e+000, 0.000000e+000, 0.000000e+000
 3.042000e-001, 3.190510e+002, 3.093544e+003,-2.793275e+003, 5.953498e+003, 9.828478e+001, 4.557181e+001, 5.633922e+003, 0.000000e+000, 0.000000e+000, 0.000000e+000
 3.042500e-001, 2.902618e+002, 3.149268e+003,-2.753218e+003, 5.894447e+003, 7.886624e+001, 2.800128e+001, 5.545484e+003, 0.000000e+000, 0.000000e+000, 0.000000e+000
 3.043000e-001, 2.339553e+002, 3.154022e+003,-2.730835e+003, 5.832591e+003, 5.947575e+001, 1.079291e+001, 5.457180e+003, 0.000000e+000, 0.000000e+000, 0.000000e+000
 3.043500e-001, 2.105186e+002, 3.206979e+003,-2.686365e+003, 5.767580e+003, 4.015564e+001,-6.213480e+000, 5.367873e+003, 0.000000e+000, 0.000000e+000, 0.000000e+000
 3.044000e-001, 1.511326e+002, 3.203879e+003,-2.668357e+003, 5.699634e+003, 2.128890e+001,-2.258827e+001, 5.278950e+003, 0.000000e+000, 0.000000e+000, 0.000000e+000
 3.044500e-001, 1.330150e+002, 3.253886e+003,-2.619689e+003, 5.628414e+003, 2.926824e+000,-3.848094e+001, 5.189054e+003, 0.000000e+000, 0.000000e+000, 0.000000e+000
 3.045000e-001, 6.996813e+001, 3.244669e+003,-2.604262e+003, 5.554184e+003,-1.466751e+001,-5.358642e+001, 5.099427e+003, 0.000000e+000, 0.000000e+000, 0.000000e+000
 3.045500e-001, 5.716977e+001, 3.291656e+003,-2.552267e+003, 5.476611e+003,-3.144103e+001,-6.799933e+001, 5.008614e+003, 0.000000e+000, 0.000000e+000, 0.000000e+000
 3.046000e-001,-1.000612e+001, 3.278041e+003,-2.538057e+003, 5.395998e+003,-4.724930e+001,-8.151031e+001, 4.917809e+003, 0.000000e+000, 0.000000e+000, 0.000000e+000
 3.046500e-001,-1.739941e+001, 3.321864e+003,-2.484172e+003, 5.312011e+003,-6.203217e+001,-9.412130e+001, 4.825603e+003, 0.000000e+000, 0.000000e+000, 0.000000e+000
 3.047000e-001,-8.899635e+001, 3.305323e+003,-2.470175e+003, 5.224980e+003,-7.574664e+001,-1.056946e+002, 4.733230e+003, 0.000000e+000, 0.000000e+000, 0.000000e+000
 3.047500e-001,-9.080639e+001, 3.345581e+003,-2.416072e+003, 5.134564e+003,-8.830780e+001,-1.161237e+002, 4.639420e+003, 0.000000e+000, 0.000000e+000, 0.000000e+000
 3.048000e-001,-1.670053e+002, 3.327336e+003,-2.401289e+003, 5.041111e+003,-9.975700e+001,-1.253425e+002, 4.545489e+003, 0.000000e+000, 0.000000e+000, 0.000000e+000
 3.048500e-001,-1.630230e+002, 3.363324e+003,-2.348442e+003, 4.944272e+003,-1.099639e+002,-1.331495e+002, 4.450298e+003, 0.000000e+000, 0.000000e+000, 0.000000e+000
 3.049000e-001,-2.440065e+002, 3.344467e+003,-2.331508e+003, 4.844415e+003,-1.190453e+002,-1.395750e+002, 4.355235e+003, 0.000000e+000, 0.000000e+000, 0.000000e+000
 3.049500e-001,-2.341078e+002, 3.375341e+003,-2.280806e+003, 4.741187e+003,-1.268157e+002,-1.443624e+002, 4.259198e+003, 0.000000e+000, 0.000000e+000, 0.000000e+000
 3.050000e-001,-3.201310e+002, 3.356934e+003,-2.259851e+003, 4.634977e+003,-1.334648e+002,-1.476724e+002, 4.163577e+003, 0.000000e+000, 0.000000e+000, 0.000000e+000
 3.050500e-001,-3.043908e+002, 3.381991e+003,-2.211444e+003, 4.525447e+003,-1.387615e+002,-1.492428e+002, 4.067186e+003, 0.000000e+000, 0.000000e+000, 0.000000e+000
 3.051000e-001,-3.957674e+002, 3.365083e+003,-2.184299e+003, 4.413012e+003,-1.429675e+002,-1.493849e+002, 3.971327e+003, 0.000000e+000, 0.000000e+000, 0.000000e+000
 3.051500e-001,-3.745028e+002, 3.384002e+003,-2.137749e+003, 4.297358e+003,-1.458309e+002,-1.478705e+002, 3.874649e+003, 0.000000e+000, 0.000000e+000, 0.000000e+000
 3.052000e-001,-4.715156e+002, 3.369568e+003,-2.102398e+003, 4.178927e+003,-1.476803e+002,-1.451510e+002, 3.778296e+003, 0.000000e+000, 0.000000e+000, 0.000000e+000
 3.052500e-001,-4.452260e+002, 3.382460e+003,-2.057080e+003, 4.057445e+003,-1.482724e+002,-1.410447e+002, 3.680741e+003, 0.000000e+000, 0.000000e+000, 0.000000e+000
 3.053000e-001,-5.480110e+002, 3.371317e+003,-2.012172e+003, 3.933367e+003,-1.479913e+002,-1.360984e+002, 3.582960e+003, 0.000000e+000, 0.000000e+000, 0.000000e+000
 3.053500e-001,-5.172429e+002, 3.378573e+003,-1.967719e+003, 3.806461e+003,-1.466204e+002,-1.301594e+002, 3.483321e+003, 0.000000e+000, 0.000000e+000, 0.000000e+000
 3.054000e-001,-6.256949e+002, 3.371278e+003,-1.912891e+003, 3.677181e+003,-1.445819e+002,-1.238034e+002, 3.382682e+003, 0.000000e+000, 0.000000e+000, 0.000000e+000
 3.054500e-001,-5.909079e+002, 3.373323e+003,-1.869467e+003, 3.545332e+003,-1.416881e+002,-1.168711e+002, 3.279414e+003, 0.000000e+000, 0.000000e+000, 0.000000e+000
 3.055000e-001,-7.046406e+002, 3.370087e+003,-1.805372e+003, 3.411345e+003,-1.383754e+002,-1.098988e+002, 3.174349e+003, 0.000000e+000, 0.000000e+000, 0.000000e+000
 3.055500e-001,-6.661493e+002, 3.367191e+003,-1.763617e+003, 3.275052e+003,-1.344742e+002,-1.026888e+002, 3.065970e+003, 0.000000e+000, 0.000000e+000, 0.000000e+000
 3.056000e-001,-7.845187e+002, 3.367806e+003,-1.691646e+003, 3.136847e+003,-1.304067e+002,-9.568848e+001, 2.955149e+003, 0.000000e+000, 0.000000e+000, 0.000000e+000
 3.056500e-001,-7.425392e+002, 3.360053e+003,-1.652323e+003, 2.996581e+003,-1.260088e+002,-8.865372e+001, 2.840559e+003, 0.000000e+000, 0.000000e+000, 0.000000e+000
 3.057000e-001,-8.647231e+002, 3.363885e+003,-1.574156e+003, 2.854597e+003,-1.216598e+002,-8.192403e+001, 2.723120e+003, 0.000000e+000, 0.000000e+000, 0.000000e+000
 3.057500e-001,-8.194896e+002, 3.351281e+003,-1.537680e+003, 2.710766e+003,-1.171953e+002,-7.523271e+001, 2.601725e+003, 0.000000e+000, 0.000000e+000, 0.000000e+000
 3.058000e-001,-9.445955e+002, 3.357358e+003,-1.454844e+003, 2.565378e+003,-1.129286e+002,-6.882171e+001, 2.477281e+003, 0.000000e+000, 0.000000e+000, 0.000000e+000
 3.058500e-001,-8.964782e+002, 3.339985e+003,-1.420930e+003, 2.418333e+003,-1.087003e+002,-6.244903e+001, 2.348891e+003, 0.000000e+000, 0.000000e+000, 0.000000e+000
 3.059000e-001,-1.023644e+003, 3.347170e+003,-1.334553e+003, 2.269867e+003,-1.047466e+002,-5.628632e+001, 2.217350e+003, 0.000000e+000, 0.000000e+000, 0.000000e+000
 3.059500e-001,-9.732035e+002, 3.325312e+003,-1.302159e+003, 2.119923e+003,-1.009265e+002,-5.016732e+001, 2.081943e+003, 0.000000e+000, 0.000000e+000, 0.000000e+000
 3.060000e-001,-1.101654e+003, 3.332500e+003,-1.212990e+003, 1.968689e+003,-9.740079e+001,-4.421899e+001, 1.943260e+003, 0.000000e+000, 0.000000e+000, 0.000000e+000
 3.060500e-001,-1.049608e+003, 3.306670e+003,-1.180575e+003, 1.816161e+003,-9.406226e+001,-3.838446e+001, 1.800763e+003, 0.000000e+000, 0.000000e+000, 0.000000e+000
 3.061000e-001,-1.178642e+003, 3.312929e+003,-1.089235e+003, 1.662486e+003,-9.100793e+001,-3.275441e+001, 1.654788e+003, 0.000000e+000, 0.000000e+000, 0.000000e+000
 3.061500e-001,-1.125770e+003, 3.283818e+003,-1.055200e+003, 1.507716e+003,-8.817599e+001,-2.738529e+001, 1.505000e+003, 0.000000e+000, 0.000000e+000, 0.000000e+000
 3.062000e-001,-1.254701e+003, 3.288415e+003,-9.625341e+002, 1.351954e+003,-8.561299e+001,-2.231664e+001, 1.351501e+003, 0.000000e+000, 0.000000e+000, 0.000000e+000
 3.062500e-001,-1.201734e+003, 3.256794e+003,-9.256298e+002, 1.195308e+003,-8.330769e+001,-1.769463e+001, 1.194218e+003, 0.000000e+000, 0.000000e+000, 0.000000e+000
 3.063000e-001,-1.329804e+003, 3.259126e+003,-8.329524e+002, 1.037834e+003,-8.126456e+001,-1.347591e+001, 1.033077e+003, 0.000000e+000, 0.000000e+000, 0.000000e+000
 3.063500e-001,-1.277348e+003, 3.225738e+003,-7.924839e+002, 8.796835e+002,-7.952078e+001,-9.859194e+000, 8.683427e+002, 0.000000e+000, 0.000000e+000, 0.000000e+000
 3.064000e-001,-1.403686e+003, 3.225220e+003,-7.015954e+002, 7.208592e+002,-7.803979e+001,-6.685742e+000, 6.998300e+002, 0.000000e+000, 0.000000e+000, 0.000000e+000
 3.064500e-001,-1.352206e+003, 3.190688e+003,-6.573522e+002, 5.615477e+002,-7.689896e+001,-4.174316e+000, 5.281873e+002, 0.000000e+000, 0.000000e+000, 0.000000e+000
 3.065000e-001,-1.475847e+003, 3.186682e+003,-5.702885e+002, 4.016902e+002,-7.601692e+001,-2.035116e+000, 3.531605e+002, 0.000000e+000, 0.000000e+000, 0.000000e+000
 3.065500e-001,-1.425705e+003, 3.151450e+003,-5.222689e+002, 2.415016e+002,-7.549897e+001,-4.931116e-001, 1.757712e+002, 0.000000e+000, 0.000000e+000, 0.000000e+000
 3.066000e-001,-1.545670e+003, 3.143277e+003,-4.408959e+002, 8.086124e+001,-7.521592e+001, 8.609088e-001,-4.308027e+000, 0.000000e+000, 0.000000e+000, 0.000000e+000
 3.066500e-001,-1.497188e+003, 3.107592e+003,-3.889830e+002,-7.999074e+001,-7.528743e+001, 1.787823e+000,-1.857588e+002, 0.000000e+000, 0.000000e+000, 0.000000e+000
 3.067000e-001,-1.612590e+003, 3.094608e+003,-3.146154e+002,-2.412311e+002,-7.553875e+001, 2.778998e+000,-3.690196e+002, 0.000000e+000, 0.000000e+000, 0.000000e+000
 3.067500e-001,-1.566114e+003, 3.058544e+003,-2.583727e+002,-4.025928e+002,-7.609232e+001, 3.559525e+000,-5.526018e+002, 0.000000e+000, 0.000000e+000, 0.000000e+000
 3.068000e-001,-1.676233e+003, 3.040240e+003,-1.915869e+002,-5.642975e+002,-7.673662e+001, 4.653159e+000,-7.370987e+002, 0.000000e+000, 0.000000e+000, 0.000000e+000
 3.068500e-001,-1.632161e+003, 3.003770e+003,-1.302742e+002,-7.260481e+002,-7.758971e+001, 5.728761e+000,-9.209896e+002, 0.000000e+000, 0.000000e+000, 0.000000e+000
 3.069000e-001,-1.736461e+003, 2.979838e+003,-7.098447e+001,-8.880991e+002,-7.841688e+001, 7.297965e+000,-1.105041e+003, 0.000000e+000, 0.000000e+000, 0.000000e+000
 3.069500e-001,-1.695229e+003, 2.942909e+003,-3.787008e+000,-1.050120e+003,-7.932996e+001, 8.968462e+000,-1.287810e+003, 0.000000e+000, 0.000000e+000, 0.000000e+000
 3.070000e-001,-1.793318e+003, 2.913268e+003, 4.847355e+001,-1.212390e+003,-8.008594e+001, 1.121419e+001,-1.470206e+003, 0.000000e+000, 0.000000e+000, 0.000000e+000
 3.070500e-001,-1.755354e+003, 2.875865e+003, 1.221123e+002,-1.374546e+003,-8.079277e+001, 1.359917e+001,-1.650924e+003, 0.000000e+000, 0.000000e+000, 0.000000e+000
 3.071000e-001,-1.846917e+003, 2.840634e+003, 1.678630e+002,-1.536885e+003,-8.121255e+001, 1.655622e+001,-1.830941e+003, 0.000000e+000, 0.000000e+000, 0.000000e+000
 3.071500e-001,-1.812585e+003, 2.802802e+003, 2.479618e+002,-1.699018e+003,-8.145334e+001, 1.964201e+001,-2.009095e+003, 0.000000e+000, 0.000000e+000, 0.000000e+000
 3.072000e-001,-1.897323e+003, 2.762264e+003, 2.875638e+002,-1.861258e+003,-8.129312e+001, 2.325895e+001,-2.186325e+003, 0.000000e+000, 0.000000e+000, 0.000000e+000
 3.072500e-001,-1.866889e+003, 2.724103e+003, 3.735087e+002,-2.023196e+003,-8.084325e+001, 2.699896e+001,-2.361604e+003, 0.000000e+000, 0.000000e+000, 0.000000e+000
 3.073000e-001,-1.944505e+003, 2.678662e+003, 4.071693e+002,-2.185163e+003,-7.990558e+001, 3.124442e+001,-2.535724e+003, 0.000000e+000, 0.000000e+000, 0.000000e+000
 3.073500e-001,-1.918146e+003, 2.640292e+003, 4.978484e+002,-2.346736e+003,-7.859618e+001, 3.565598e+001,-2.707789e+003, 0.000000e+000, 0.000000e+000, 0.000000e+000
 3.074000e-001,-1.988374e+003, 2.590438e+003, 5.258218e+002,-2.508260e+003,-7.674619e+001, 4.059282e+001,-2.878372e+003, 0.000000e+000, 0.000000e+000, 0.000000e+000
 3.074500e-001,-1.966219e+003, 2.551987e+003, 6.199251e+002,-2.669301e+003,-7.447646e+001, 4.579762e+001,-3.046735e+003, 0.000000e+000, 0.000000e+000, 0.000000e+000
 3.075000e-001,-2.028872e+003, 2.498256e+003, 6.427906e+002,-2.830217e+003,-7.165045e+001, 5.158440e+001,-3.213205e+003, 0.000000e+000, 0.000000e+000, 0.000000e+000
 3.075500e-001,-2.011061e+003, 2.459846e+003, 7.391367e+002,-2.990562e+003,-6.839342e+001, 5.776922e+001,-3.377259e+003, 0.000000e+000, 0.000000e+000, 0.000000e+000
 3.076000e-001,-2.066073e+003, 2.402792e+003, 7.579998e+002,-3.150696e+003,-6.460201e+001, 6.458558e+001,-3.538995e+003, 0.000000e+000, 0.000000e+000, 0.000000e+000
 3.076500e-001,-2.052801e+003, 2.364545e+003, 8.557369e+002,-3.310156e+003,-6.040538e+001, 7.190079e+001,-3.698172e+003, 0.000000e+000, 0.000000e+000, 0.000000e+000
 3.077000e-001,-2.100236e+003, 2.304708e+003, 8.722360e+002,-3.469299e+003,-5.573230e+001, 7.983203e+001,-3.854699e+003, 0.000000e+000, 0.000000e+000, 0.000000e+000
 3.077500e-001,-2.091749e+003, 2.266732e+003, 9.708344e+002,-3.627645e+003,-5.071491e+001, 8.827637e+001,-4.008666e+003, 0.000000e+000, 0.000000e+000, 0.000000e+000
 3.078000e-001,-2.131764e+003, 2.204623e+003, 9.869325e+002,-3.785536e+003,-4.531182e+001, 9.721299e+001,-4.159820e+003, 0.000000e+000, 0.000000e+000, 0.000000e+000
 3.078500e-001,-2.128314e+003, 2.166994e+003, 1.085983e+003,-3.942474e+003,-3.965569e+001, 1.065608e+002,-4.308603e+003, 0.000000e+000, 0.000000e+000, 0.000000e+000
 3.079000e-001,-2.161103e+003, 2.103087e+003, 1.103620e+003,-4.098789e+003,-3.373233e+001, 1.161628e+002,-4.454594e+003, 0.000000e+000, 0.000000e+000, 0.000000e+000
 3.079500e-001,-2.162873e+003, 2.065815e+003, 1.202555e+003,-4.253969e+003,-2.767031e+001, 1.259707e+002,-4.598563e+003, 0.000000e+000, 0.000000e+000, 0.000000e+000
 3.080000e-001,-2.188595e+003, 2.000552e+003, 1.223299e+003,-4.408332e+003,-2.148039e+001, 1.357164e+002,-4.739895e+003, 0.000000e+000, 0.000000e+000, 0.000000e+000
 3.080500e-001,-2.195641e+003, 1.963555e+003, 1.321178e+003,-4.561362e+003,-1.528055e+001, 1.454096e+002,-4.879626e+003, 0.000000e+000, 0.000000e+000, 0.000000e+000
 3.081000e-001,-2.214383e+003, 1.897355e+003, 1.346017e+003,-4.713369e+003,-9.104776e+000, 1.547105e+002,-5.016904e+003, 0.000000e+000, 0.000000e+000, 0.000000e+000
 3.081500e-001,-2.226608e+003, 1.860441e+003, 1.441499e+003,-4.863846e+003,-3.053096e+000, 1.637139e+002,-5.152976e+003, 0.000000e+000, 0.000000e+000, 0.000000e+000
 3.082000e-001,-2.238380e+003, 1.793711e+003, 1.470831e+003,-5.013100e+003, 2.818380e+000, 1.720479e+002,-5.286713e+003, 0.000000e+000, 0.000000e+000, 0.000000e+000
 3.082500e-001,-2.255559e+003, 1.756584e+003, 1.562346e+003,-5.160639e+003, 8.434802e+000, 1.799076e+002,-5.419533e+003, 0.000000e+000, 0.000000e+000, 0.000000e+000
 3.083000e-001,-2.260331e+003, 1.689718e+003, 1.596161e+003,-5.306773e+003, 1.371883e+001, 1.869169e+002,-5.550031e+003, 0.000000e+000, 0.000000e+000, 0.000000e+000
 3.083500e-001,-2.282166e+003, 1.651988e+003, 1.682215e+003,-5.451029e+003, 1.862720e+001, 1.933660e+002,-5.679779e+003, 0.000000e+000, 0.000000e+000, 0.000000e+000
 3.084000e-001,-2.279922e+003, 1.585365e+003, 1.720350e+003,-5.593718e+003, 2.306238e+001, 1.988844e+002,-5.807128e+003, 0.000000e+000, 0.000000e+000, 0.000000e+000
 3.084500e-001,-2.306106e+003, 1.546561e+003, 1.799830e+003,-5.734389e+003, 2.701830e+001, 2.038322e+002,-5.933825e+003, 0.000000e+000, 0.000000e+000, 0.000000e+000
 3.085000e-001,-2.296891e+003, 1.480542e+003, 1.842177e+003,-5.873350e+003, 3.037881e+001, 2.078409e+002,-6.058025e+003, 0.000000e+000, 0.000000e+000, 0.000000e+000
 3.085500e-001,-2.327154e+003, 1.440120e+003, 1.914522e+003,-6.010167e+003, 3.317992e+001, 2.113031e+002,-6.181675e+003, 0.000000e+000, 0.000000e+000, 0.000000e+000
 3.086000e-001,-2.311088e+003, 1.375028e+003, 1.961089e+003,-6.145142e+003, 3.528918e+001, 2.138445e+002,-6.302789e+003, 0.000000e+000, 0.000000e+000, 0.000000e+000
 3.086500e-001,-2.345197e+003, 1.332390e+003, 2.026280e+003,-6.277857e+003, 3.678861e+001, 2.158540e+002,-6.423520e+003, 0.000000e+000, 0.000000e+000, 0.000000e+000
 3.087000e-001,-2.322461e+003, 1.268504e+003, 2.077085e+003,-6.408603e+003, 3.753258e+001, 2.169511e+002,-6.541771e+003, 0.000000e+000, 0.000000e+000, 0.000000e+000
 3.087500e-001,-2.360196e+003, 1.223022e+003, 2.135464e+003,-6.536977e+003, 3.765094e+001, 2.174967e+002,-6.659888e+003, 0.000000e+000, 0.000000e+000, 0.000000e+000
 3.088000e-001,-2.330983e+003, 1.160572e+003, 2.190330e+003,-6.663257e+003, 3.698836e+001, 2.171174e+002,-6.775655e+003, 0.000000e+000, 0.000000e+000, 0.000000e+000
 3.088500e-001,-2.372102e+003, 1.111642e+003, 2.242362e+003,-6.787059e+003, 3.572113e+001, 2.161381e+002,-6.891560e+003, 0.000000e+000, 0.000000e+000, 0.000000e+000
 3.089000e-001,-2.336575e+003, 1.050810e+003, 2.300727e+003,-6.908650e+003, 3.368730e+001, 2.142184e+002,-7.005245e+003, 0.000000e+000, 0.000000e+000, 0.000000e+000
 3.089500e-001,-2.380786e+003, 9.979091e+002, 2.346805e+003,-7.027668e+003, 3.110409e+001, 2.116522e+002,-7.119273e+003, 0.000000e+000, 0.000000e+000, 0.000000e+000
 3.090000e-001,-2.339057e+003, 9.388505e+002, 2.407650e+003,-7.144374e+003, 2.780488e+001, 2.081632e+002,-7.231119e+003, 0.000000e+000, 0.000000e+000, 0.000000e+000
 3.090500e-001,-2.386017e+003, 8.815950e+002, 2.448042e+003,-7.258429e+003, 2.403842e+001, 2.040227e+002,-7.343351e+003, 0.000000e+000, 0.000000e+000, 0.000000e+000
 3.091000e-001,-2.338159e+003, 8.244548e+002, 2.509987e+003,-7.370091e+003, 1.963408e+001, 1.990428e+002,-7.453272e+003, 0.000000e+000, 0.000000e+000, 0.000000e+000
 3.091500e-001,-2.387500e+003, 7.626379e+002, 2.544915e+003,-7.479049e+003, 1.486039e+001, 1.934755e+002,-7.563419e+003, 0.000000e+000, 0.000000e+000, 0.000000e+000
 3.092000e-001,-2.333592e+003, 7.075607e+002, 2.606450e+003,-7.585557e+003, 9.542789e+000, 1.872301e+002,-7.670947e+003, 0.000000e+000, 0.000000e+000, 0.000000e+000
 3.092500e-001,-2.384955e+003, 6.411520e+002, 2.636251e+003,-7.689328e+003, 3.957664e+000, 1.805315e+002,-7.778353e+003, 0.000000e+000, 0.000000e+000, 0.000000e+000
 3.093000e-001,-2.325128e+003, 5.882698e+002, 2.696006e+003,-7.790610e+003,-2.072545e+000, 1.733771e+002,-7.882703e+003, 0.000000e+000, 0.000000e+000, 0.000000e+000
 3.093500e-001,-2.378198e+003, 5.173821e+002, 2.721265e+003,-7.889142e+003,-8.273164e+000, 1.659480e+002,-7.986474e+003, 0.000000e+000, 0.000000e+000, 0.000000e+000
 3.094000e-001,-2.312668e+003, 4.667829e+002, 2.778210e+003,-7.985157e+003,-1.482178e+001, 1.583066e+002,-8.086719e+003, 0.000000e+000, 0.000000e+000, 0.000000e+000
 3.094500e-001,-2.367174e+003, 3.916150e+002, 2.799791e+003,-8.078414e+003,-2.145116e+001, 1.505720e+002,-8.185917e+003, 0.000000e+000, 0.000000e+000, 0.000000e+000
 3.095000e-001,-2.296251e+003, 3.433059e+002, 2.853296e+003,-8.169129e+003,-2.833342e+001, 1.428450e+002,-8.281183e+003, 0.000000e+000, 0.000000e+000, 0.000000e+000
 3.095500e-001,-2.351941e+003, 2.640837e+002, 2.872224e+003,-8.257080e+003,-3.521058e+001, 1.351715e+002,-8.375007e+003, 0.000000e+000, 0.000000e+000, 0.000000e+000
 3.096000e-001,-2.276004e+003, 2.179679e+002, 2.921978e+003,-8.342461e+003,-4.224227e+001, 1.276698e+002,-8.464611e+003, 0.000000e+000, 0.000000e+000, 0.000000e+000
 3.096500e-001,-2.332607e+003, 1.349078e+002, 2.939230e+003,-8.425068e+003,-4.917908e+001, 1.203164e+002,-8.552487e+003, 0.000000e+000, 0.000000e+000, 0.000000e+000
 3.097000e-001,-2.252069e+003, 9.079427e+001, 2.985075e+003,-8.505072e+003,-5.616180e+001, 1.132366e+002,-8.635985e+003, 0.000000e+000, 0.000000e+000, 0.000000e+000
 3.097500e-001,-2.309249e+003, 4.099878e+000, 3.001351e+003,-8.582296e+003,-6.294876e+001, 1.063565e+002,-8.717555e+003, 0.000000e+000, 0.000000e+000, 0.000000e+000
 3.098000e-001,-2.224534e+003,-3.825095e+001, 3.043136e+003,-8.656883e+003,-6.965864e+001, 9.980816e+001,-8.794669e+003, 0.000000e+000, 0.000000e+000, 0.000000e+000
 3.098500e-001,-2.281874e+003,-1.283566e+002, 3.058723e+003,-8.728688e+003,-7.605882e+001, 9.349545e+001,-8.869692e+003, 0.000000e+000, 0.000000e+000, 0.000000e+000
 3.099000e-001,-2.193413e+003,-1.691650e+002, 3.096249e+003,-8.797829e+003,-8.224718e+001, 8.756091e+001,-8.940204e+003, 0.000000e+000, 0.000000e+000, 0.000000e+000
 3.099500e-001,-2.250428e+003,-2.623893e+002, 3.111016e+003,-8.864194e+003,-8.800488e+001, 8.191404e+001,-9.008443e+003, 0.000000e+000, 0.000000e+000, 0.000000e+000
 3.100000e-001,-2.158678e+003,-3.017925e+002, 3.144097e+003,-8.927877e+003,-9.341462e+001, 7.670715e+001,-9.072098e+003, 0.000000e+000, 0.000000e+000, 0.000000e+000
 3.100500e-001,-2.214858e+003,-3.977285e+002, 3.157639e+003,-8.988804e+003,-9.827898e+001, 7.187434e+001,-9.133257e+003, 0.000000e+000, 0.000000e+000, 0.000000e+000
 3.101000e-001,-2.120335e+003,-4.357488e+002, 3.186241e+003,-9.047035e+003,-1.026733e+002, 6.756746e+001,-9.189733e+003, 0.000000e+000, 0.000000e+000, 0.000000e+000
 3.101500e-001,-2.175191e+003,-5.338593e+002, 3.198080e+003,-9.102533e+003,-1.064302e+002, 6.375026e+001,-9.243474e+003, 0.000000e+000, 0.000000e+000, 0.000000e+000
 3.102000e-001,-2.078492e+003,-5.704182e+002, 3.222466e+003,-9.155323e+003,-1.096246e+002, 6.055443e+001,-9.292449e+003, 0.000000e+000, 0.000000e+000, 0.000000e+000
 3.102500e-001,-2.131596e+003,-6.700571e+002, 3.232235e+003,-9.205401e+003,-1.121266e+002, 5.796605e+001,-9.338481e+003, 0.000000e+000, 0.000000e+000, 0.000000e+000
 3.103000e-001,-2.033397e+003,-7.050333e+002, 3.253021e+003,-9.252750e+003,-1.140131e+002, 5.607311e+001,-9.379737e+003, 0.000000e+000, 0.000000e+000, 0.000000e+000
 3.103500e-001,-2.084396e+003,-8.054977e+002, 3.260552e+003,-9.297392e+003,-1.151958e+002, 5.487088e+001,-9.417932e+003, 0.000000e+000, 0.000000e+000, 0.000000e+000
 3.104000e-001,-1.985419e+003,-8.388066e+002, 3.278643e+003,-9.339266e+003,-1.157512e+002, 5.438444e+001,-9.451457e+003, 0.000000e+000, 0.000000e+000, 0.000000e+000
 3.104500e-001,-2.034019e+003,-9.393959e+002, 3.283931e+003,-9.378420e+003,-1.156323e+002, 5.460748e+001,-9.481917e+003, 0.000000e+000, 0.000000e+000, 0.000000e+000
 3.105000e-001,-1.934975e+003,-9.710591e+002, 3.300348e+003,-9.414748e+003,-1.149081e+002, 5.549472e+001,-9.507939e+003, 0.000000e+000, 0.000000e+000, 0.000000e+000
 3.105500e-001,-1.980906e+003,-1.071115e+003, 3.303438e+003,-9.448320e+003,-1.135698e+002, 5.703550e+001,-9.530994e+003, 0.000000e+000, 0.000000e+000, 0.000000e+000
 3.106000e-001,-1.882444e+003,-1.101296e+003, 3.319096e+003,-9.478993e+003,-1.116697e+002, 5.912152e+001,-9.549927e+003, 0.000000e+000, 0.000000e+000, 0.000000e+000
 3.106500e-001,-1.925432e+003,-1.200211e+003, 3.319943e+003,-9.506859e+003,-1.092338e+002, 6.174386e+001,-9.566035e+003, 0.000000e+000, 0.000000e+000, 0.000000e+000
 3.107000e-001,-1.828089e+003,-1.229204e+003, 3.335475e+003,-9.531741e+003,-1.062888e+002, 6.475066e+001,-9.578359e+003, 0.000000e+000, 0.000000e+000, 0.000000e+000
 3.107500e-001,-1.867848e+003,-1.326390e+003, 3.333877e+003,-9.553759e+003,-1.028944e+002, 6.814571e+001,-9.587980e+003, 0.000000e+000, 0.000000e+000, 0.000000e+000
 3.108000e-001,-1.772044e+003,-1.354573e+003, 3.349552e+003,-9.572711e+003,-9.904590e+001, 7.175820e+001,-9.594107e+003, 0.000000e+000, 0.000000e+000, 0.000000e+000
 3.108500e-001,-1.808285e+003,-1.449423e+003, 3.345173e+003,-9.588739e+003,-9.483823e+001, 7.561391e+001,-9.597579e+003, 0.000000e+000, 0.000000e+000, 0.000000e+000
 3.109000e-001,-1.714337e+003,-1.477201e+003, 3.360941e+003,-9.601628e+003,-9.023362e+001, 7.954488e+001,-9.597767e+003, 0.000000e+000, 0.000000e+000, 0.000000e+000
 3.109500e-001,-1.746802e+003,-1.569056e+003, 3.353420e+003,-9.611542e+003,-8.536565e+001, 8.360059e+001,-9.595258e+003, 0.000000e+000, 0.000000e+000, 0.000000e+000
 3.110000e-001,-1.654959e+003,-1.596813e+003, 3.369033e+003,-9.618252e+003,-8.016495e+001, 8.762929e+001,-9.589601e+003, 0.000000e+000, 0.000000e+000, 0.000000e+000
 3.110500e-001,-1.683448e+003,-1.684974e+003, 3.358129e+003,-9.621942e+003,-7.480666e+001, 9.169643e+001,-9.581150e+003, 0.000000e+000, 0.000000e+000, 0.000000e+000
 3.111000e-001,-1.593926e+003,-1.713063e+003, 3.373290e+003,-9.622376e+003,-6.919209e+001, 9.567020e+001,-9.569656e+003, 0.000000e+000, 0.000000e+000, 0.000000e+000
 3.111500e-001,-1.618313e+003,-1.796833e+003, 3.358982e+003,-9.619748e+003,-6.353775e+001, 9.961731e+001,-9.555272e+003, 0.000000e+000, 0.000000e+000, 0.000000e+000
 3.112000e-001,-1.531306e+003,-1.825592e+003, 3.373430e+003,-9.613814e+003,-5.771667e+001, 1.034234e+002,-9.537971e+003, 0.000000e+000, 0.000000e+000, 0.000000e+000
 3.112500e-001,-1.551532e+003,-1.904351e+003, 3.355940e+003,-9.604781e+003,-5.198161e+001, 1.071404e+002,-9.517735e+003, 0.000000e+000, 0.000000e+000, 0.000000e+000
 3.113000e-001,-1.467214e+003,-1.934138e+003, 3.369465e+003,-9.592396e+003,-4.617617e+001, 1.106684e+002,-9.494768e+003, 0.000000e+000, 0.000000e+000, 0.000000e+000
 3.113500e-001,-1.483254e+003,-2.007415e+003, 3.349177e+003,-9.576875e+003,-4.057956e+001, 1.140338e+002,-9.468898e+003, 0.000000e+000, 0.000000e+000, 0.000000e+000
 3.114000e-001,-1.401755e+003,-2.038626e+003, 3.361561e+003,-9.557960e+003,-3.500342e+001, 1.171516e+002,-9.440541e+003, 0.000000e+000, 0.000000e+000, 0.000000e+000
 3.114500e-001,-1.413586e+003,-2.106135e+003, 3.338897e+003,-9.535875e+003,-2.974106e+001, 1.200205e+002,-9.409371e+003, 0.000000e+000, 0.000000e+000, 0.000000e+000
 3.115000e-001,-1.334979e+003,-2.139194e+003, 3.349826e+003,-9.510363e+003,-2.457051e+001, 1.225775e+002,-9.375978e+003, 0.000000e+000, 0.000000e+000, 0.000000e+000
 3.115500e-001,-1.342552e+003,-2.200825e+003, 3.325118e+003,-9.481655e+003,-1.978736e+001, 1.247997e+002,-9.339868e+003, 0.000000e+000, 0.000000e+000, 0.000000e+000
 3.116000e-001,-1.266847e+003,-2.236132e+003, 3.334133e+003,-9.449503e+003,-1.513782e+001, 1.266559e+002,-9.301757e+003, 0.000000e+000, 0.000000e+000, 0.000000e+000
 3.116500e-001,-1.270087e+003,-2.291905e+003, 3.307558e+003,-9.414146e+003,-1.091148e+001, 1.281122e+002,-9.260977e+003, 0.000000e+000, 0.000000e+000, 0.000000e+000
 3.117000e-001,-1.197248e+003,-2.329764e+003, 3.314076e+003,-9.375342e+003,-6.829300e+000, 1.291780e+002,-9.218322e+003, 0.000000e+000, 0.000000e+000, 0.000000e+000
 3.117500e-001,-1.196068e+003,-2.379749e+003, 3.285672e+003,-9.333346e+003,-3.171449e+000, 1.298181e+002,-9.172954e+003, 0.000000e+000, 0.000000e+000, 0.000000e+000
 3.118000e-001,-1.126047e+003,-2.420305e+003, 3.289076e+003,-9.287924e+003, 3.552981e-001, 1.300844e+002,-9.125718e+003, 0.000000e+000, 0.000000e+000, 0.000000e+000
 3.118500e-001,-1.120383e+003,-2.464567e+003, 3.258818e+003,-9.239339e+003, 3.479654e+000, 1.299449e+002,-9.075631e+003, 0.000000e+000, 0.000000e+000, 0.000000e+000
 3.119000e-001,-1.053155e+003,-2.507768e+003, 3.258589e+003,-9.187366e+003, 6.495763e+000, 1.294881e+002,-9.023578e+003, 0.000000e+000, 0.000000e+000, 0.000000e+000
 3.119500e-001,-1.042987e+003,-2.546346e+003, 3.226489e+003,-9.132275e+003, 9.139180e+000, 1.286825e+002,-8.968477e+003, 0.000000e+000, 0.000000e+000, 0.000000e+000
 3.120000e-001,-9.785701e+002,-2.591964e+003, 3.222313e+003,-9.073848e+003, 1.169285e+001, 1.276394e+002,-8.911253e+003, 0.000000e+000, 0.000000e+000, 0.000000e+000
 3.120500e-001,-9.639365e+002,-2.624891e+003, 3.188477e+003,-9.012355e+003, 1.389859e+001, 1.263221e+002,-8.850775e+003, 0.000000e+000, 0.000000e+000, 0.000000e+000
 3.121000e-001,-9.023938e+002,-2.672579e+003, 3.180295e+003,-8.947580e+003, 1.602005e+001, 1.248477e+002,-8.788014e+003, 0.000000e+000, 0.000000e+000, 0.000000e+000
 3.121500e-001,-8.833772e+002,-2.699934e+003, 3.144913e+003,-8.879795e+003, 1.780835e+001, 1.231686e+002,-8.721835e+003, 0.000000e+000, 0.000000e+000, 0.000000e+000
 3.122000e-001,-8.247936e+002,-2.749305e+003, 3.132889e+003,-8.808782e+003, 1.950491e+001, 1.213929e+002,-8.653248e+003, 0.000000e+000, 0.000000e+000, 0.000000e+000
 3.122500e-001,-8.014918e+002,-2.771271e+003, 3.096165e+003,-8.734815e+003, 2.087702e+001, 1.194615e+002,-8.581146e+003, 0.000000e+000, 0.000000e+000, 0.000000e+000
 3.123000e-001,-7.459454e+002,-2.821960e+003, 3.080600e+003,-8.657677e+003, 2.214520e+001, 1.174645e+002,-8.506553e+003, 0.000000e+000, 0.000000e+000, 0.000000e+000
 3.123500e-001,-7.184399e+002,-2.838858e+003, 3.042644e+003,-8.577640e+003, 2.310188e+001, 1.153380e+002,-8.428404e+003, 0.000000e+000, 0.000000e+000, 0.000000e+000
 3.124000e-001,-6.659777e+002,-2.890544e+003, 3.023879e+003,-8.494489e+003, 2.394951e+001, 1.131518e+002,-8.347711e+003, 0.000000e+000, 0.000000e+000, 0.000000e+000
 3.124500e-001,-6.343139e+002,-2.902821e+003, 2.984622e+003,-8.408503e+003, 2.451393e+001, 1.108492e+002,-8.263451e+003, 0.000000e+000, 0.000000e+000, 0.000000e+000
 3.125000e-001,-5.849456e+002,-2.955204e+003, 2.962969e+003,-8.319472e+003, 2.498074e+001, 1.084817e+002,-8.176583e+003, 0.000000e+000, 0.000000e+000, 0.000000e+000
 3.125500e-001,-5.491339e+002,-2.963381e+003, 2.922135e+003,-8.227676e+003, 2.521414e+001, 1.060142e+002,-8.086140e+003, 0.000000e+000, 0.000000e+000, 0.000000e+000
 3.126000e-001,-5.028477e+002,-3.016129e+003, 2.897878e+003,-8.132915e+003, 2.538026e+001, 1.034822e+002,-7.992992e+003, 0.000000e+000, 0.000000e+000, 0.000000e+000
 3.126500e-001,-4.628839e+002,-3.020738e+003, 2.855026e+003,-8.035476e+003, 2.538205e+001, 1.008832e+002,-7.896247e+003, 0.000000e+000, 0.000000e+000, 0.000000e+000
 3.127000e-001,-4.196758e+002,-3.073418e+003, 2.828469e+003,-7.935163e+003, 2.535950e+001, 9.823545e+001,-7.796671e+003, 0.000000e+000, 0.000000e+000, 0.000000e+000
 3.127500e-001,-3.755703e+002,-3.074946e+003, 2.783083e+003,-7.832269e+003, 2.525092e+001, 9.557452e+001,-7.693476e+003, 0.000000e+000, 0.000000e+000, 0.000000e+000
 3.128000e-001,-3.354730e+002,-3.126998e+003, 2.754621e+003,-7.726603e+003, 2.516121e+001, 9.289528e+001,-7.587318e+003, 0.000000e+000, 0.000000e+000, 0.000000e+000
 3.128500e-001,-2.872755e+002,-3.125857e+003, 2.706215e+003,-7.618460e+003, 2.505913e+001, 9.026953e+001,-7.477559e+003, 0.000000e+000, 0.000000e+000, 0.000000e+000
 3.129000e-001,-2.503739e+002,-3.176603e+003, 2.676387e+003,-7.507648e+003, 2.500624e+001, 8.765946e+001,-7.364739e+003, 0.000000e+000, 0.000000e+000, 0.000000e+000
 3.129500e-001,-1.981818e+002,-3.173156e+003, 2.624571e+003,-7.394463e+003, 2.499799e+001, 8.516667e+001,-7.248415e+003, 0.000000e+000, 0.000000e+000, 0.000000e+000
 3.130000e-001,-1.646060e+002,-3.221848e+003, 2.594053e+003,-7.278710e+003, 2.504789e+001, 8.271159e+001,-7.129006e+003, 0.000000e+000, 0.000000e+000, 0.000000e+000
 3.130500e-001,-1.085547e+002,-3.216447e+003, 2.538554e+003,-7.160682e+003, 2.517725e+001, 8.041801e+001,-7.006294e+003, 0.000000e+000, 0.000000e+000, 0.000000e+000
 3.131000e-001,-7.845349e+001,-3.262344e+003, 2.508094e+003,-7.040178e+003, 2.535179e+001, 7.815993e+001,-6.880557e+003, 0.000000e+000, 0.000000e+000, 0.000000e+000
 3.131500e-001,-1.869554e+001,-3.255378e+003, 2.448727e+003,-6.917487e+003, 2.562091e+001, 7.607766e+001,-6.751819e+003, 0.000000e+000, 0.000000e+000, 0.000000e+000
 3.132000e-001, 7.799439e+000,-3.297814e+003, 2.419039e+003,-6.792407e+003, 2.590734e+001, 7.400121e+001,-6.620185e+003, 0.000000e+000, 0.000000e+000, 0.000000e+000
 3.132500e-001, 7.111488e+001,-3.289725e+003, 2.355661e+003,-6.665221e+003, 2.629205e+001, 7.208476e+001,-6.485922e+003, 0.000000e+000, 0.000000e+000, 0.000000e+000
 3.133000e-001, 9.392004e+001,-3.328147e+003, 2.327319e+003,-6.535729e+003, 2.666213e+001, 7.012410e+001,-6.348918e+003, 0.000000e+000, 0.000000e+000, 0.000000e+000
 3.133500e-001, 1.606546e+002,-3.319412e+003, 2.259800e+003,-6.404209e+003, 2.713221e+001, 6.828658e+001,-6.209678e+003, 0.000000e+000, 0.000000e+000, 0.000000e+000
 3.134000e-001, 1.797507e+002,-3.353379e+003, 2.233161e+003,-6.270465e+003, 2.756117e+001, 6.634843e+001,-6.067834e+003, 0.000000e+000, 0.000000e+000, 0.000000e+000
 3.134500e-001, 2.497667e+002,-3.344454e+003, 2.161397e+003,-6.134773e+003, 2.809563e+001, 6.448867e+001,-5.924120e+003, 0.000000e+000, 0.000000e+000, 0.000000e+000
 3.135000e-001, 2.651976e+002,-3.373614e+003, 2.136582e+003,-5.996944e+003, 2.857191e+001, 6.248007e+001,-5.777893e+003, 0.000000e+000, 0.000000e+000, 0.000000e+000
 3.135500e-001, 3.383333e+002,-3.364866e+003, 2.060546e+003,-5.857250e+003, 2.916236e+001, 6.050813e+001,-5.630113e+003, 0.000000e+000, 0.000000e+000, 0.000000e+000
 3.136000e-001, 3.501927e+002,-3.388922e+003, 2.037462e+003,-5.715515e+003, 2.968434e+001, 5.835669e+001,-5.479860e+003, 0.000000e+000, 0.000000e+000, 0.000000e+000
 3.136500e-001, 4.262347e+002,-3.380573e+003, 1.957285e+003,-5.571999e+003, 3.032602e+001, 5.620740e+001,-5.328326e+003, 0.000000e+000, 0.000000e+000, 0.000000e+000
 3.137000e-001, 4.346524e+002,-3.399274e+003, 1.935671e+003,-5.426542e+003, 3.088853e+001, 5.386665e+001,-5.174327e+003, 0.000000e+000, 0.000000e+000, 0.000000e+000
 3.137500e-001, 5.133161e+002,-3.391385e+003, 1.851700e+003,-5.279391e+003, 3.156478e+001, 5.149766e+001,-5.019302e+003, 0.000000e+000, 0.000000e+000, 0.000000e+000
 3.138000e-001, 5.184528e+002,-3.404540e+003, 1.831161e+003,-5.130401e+003, 3.214361e+001, 4.893840e+001,-4.861828e+003, 0.000000e+000, 0.000000e+000, 0.000000e+000
 3.138500e-001, 5.993807e+002,-3.397034e+003, 1.743987e+003,-4.979801e+003, 3.281312e+001, 4.631749e+001,-4.703594e+003, 0.000000e+000, 0.000000e+000, 0.000000e+000
 3.139000e-001, 6.014350e+002,-3.404559e+003, 1.724007e+003,-4.827464e+003, 3.335671e+001, 4.351286e+001,-4.542966e+003, 0.000000e+000, 0.000000e+000, 0.000000e+000
 3.139500e-001, 6.842127e+002,-3.397272e+003, 1.634435e+003,-4.673597e+003, 3.395165e+001, 4.060416e+001,-4.381875e+003, 0.000000e+000, 0.000000e+000, 0.000000e+000
 3.140000e-001, 6.834377e+002,-3.399232e+003, 1.614358e+003,-4.518096e+003, 3.438589e+001, 3.751885e+001,-4.218495e+003, 0.000000e+000, 0.000000e+000, 0.000000e+000
 3.140500e-001, 7.676191e+002,-3.391973e+003, 1.523344e+003,-4.361141e+003, 3.482372e+001, 3.427757e+001,-4.054976e+003, 0.000000e+000, 0.000000e+000, 0.000000e+000
 3.141000e-001, 7.643370e+002,-3.388614e+003, 1.502347e+003,-4.202656e+003, 3.506947e+001, 3.086849e+001,-3.889313e+003, 0.000000e+000, 0.000000e+000, 0.000000e+000
 3.141500e-001, 8.494694e+002,-3.381197e+003, 1.410920e+003,-4.042796e+003, 3.527480e+001, 2.724851e+001,-3.723836e+003, 0.000000e+000, 0.000000e+000, 0.000000e+000
 3.142000e-001, 8.440751e+002,-3.372934e+003, 1.388013e+003,-3.881515e+003, 3.527155e+001, 2.347806e+001,-3.556367e+003, 0.000000e+000, 0.000000e+000, 0.000000e+000
 3.142500e-001, 9.297124e+002,-3.365189e+003, 1.297212e+003,-3.718945e+003, 3.519934e+001, 1.944970e+001,-3.389373e+003, 0.000000e+000, 0.000000e+000, 0.000000e+000
 3.143000e-001, 9.226603e+002,-3.352554e+003, 1.271266e+003,-3.555074e+003, 3.492524e+001, 1.530543e+001,-3.220517e+003, 0.000000e+000, 0.000000e+000, 0.000000e+000
 3.143500e-001, 1.008362e+003,-3.344297e+003, 1.182108e+003,-3.390009e+003, 3.457572e+001, 1.087493e+001,-3.052361e+003, 0.000000e+000, 0.000000e+000, 0.000000e+000
 3.144000e-001, 1.000137e+003,-3.327867e+003, 1.151931e+003,-3.223775e+003, 3.405572e+001, 6.386154e+000,-2.882427e+003, 0.000000e+000, 0.000000e+000, 0.000000e+000
 3.144500e-001, 1.085455e+003,-3.318862e+003, 1.065413e+003,-3.056455e+003, 3.347482e+001, 1.607381e+000,-2.713346e+003, 0.000000e+000, 0.000000e+000, 0.000000e+000
 3.145000e-001, 1.076537e+003,-3.299181e+003, 1.029848e+003,-2.888110e+003, 3.277346e+001,-3.149769e+000,-2.542528e+003, 0.000000e+000, 0.000000e+000, 0.000000e+000
 3.145500e-001, 1.161006e+003,-3.289114e+003, 9.469554e+002,-2.718795e+003, 3.203878e+001,-8.177684e+000,-2.372653e+003, 0.000000e+000, 0.000000e+000, 0.000000e+000
 3.146000e-001, 1.151839e+003,-3.266646e+003, 9.049738e+002,-2.548606e+003, 3.124106e+001,-1.308980e+001,-2.201062e+003, 0.000000e+000, 0.000000e+000, 0.000000e+000
 3.146500e-001, 1.234967e+003,-3.255126e+003, 8.266846e+002,-2.377570e+003, 3.043959e+001,-1.823844e+001,-2.030469e+003, 0.000000e+000, 0.000000e+000, 0.000000e+000
 3.147000e-001, 1.225946e+003,-3.230243e+003, 7.774570e+002,-2.205814e+003, 2.962808e+001,-2.317540e+001,-1.858183e+003, 0.000000e+000, 0.000000e+000, 0.000000e+000
 3.147500e-001, 1.307227e+003,-3.216836e+003, 7.047097e+002,-2.033332e+003, 2.883488e+001,-2.831035e+001,-1.686948e+003, 0.000000e+000, 0.000000e+000, 0.000000e+000
 3.148000e-001, 1.298697e+003,-3.189845e+003, 6.476323e+002,-1.860280e+003, 2.807245e+001,-3.314852e+001,-1.514072e+003, 0.000000e+000, 0.000000e+000, 0.000000e+000
 3.148500e-001, 1.377631e+003,-3.174127e+003, 5.812714e+002,-1.686624e+003, 2.733873e+001,-3.815056e+001,-1.342309e+003, 0.000000e+000, 0.000000e+000, 0.000000e+000
 3.149000e-001, 1.369901e+003,-3.145310e+003, 5.159564e+002,-1.512543e+003, 2.666320e+001,-4.278965e+001,-1.168989e+003, 0.000000e+000, 0.000000e+000, 0.000000e+000
 3.149500e-001, 1.446020e+003,-3.126924e+003, 4.566622e+002,-1.337974e+003, 2.601749e+001,-4.756623e+001,-9.968523e+002, 0.000000e+000, 0.000000e+000, 0.000000e+000
 3.150000e-001, 1.439383e+003,-3.096577e+003, 3.829117e+002,-1.163121e+003, 2.544881e+001,-5.193417e+001,-8.232656e+002, 0.000000e+000, 0.000000e+000, 0.000000e+000
 3.150500e-001, 1.512272e+003,-3.075257e+003, 3.311386e+002,-9.878978e+002, 2.490870e+001,-5.641848e+001,-6.509232e+002, 0.000000e+000, 0.000000e+000, 0.000000e+000
 3.151000e-001, 1.507012e+003,-3.043704e+003, 2.489223e+002,-8.125286e+002, 2.446369e+001,-6.046492e+001,-4.772369e+002, 0.000000e+000, 0.000000e+000, 0.000000e+000
 3.151500e-001, 1.576316e+003,-3.019282e+003, 2.048668e+002,-6.369069e+002, 2.405127e+001,-6.460569e+001,-3.048267e+002, 0.000000e+000, 0.000000e+000, 0.000000e+000
 3.152000e-001, 1.572705e+003,-2.986855e+003, 1.143198e+002,-4.612799e+002, 2.375765e+001,-6.828955e+001,-1.311593e+002, 0.000000e+000, 0.000000e+000, 0.000000e+000
 3.152500e-001, 1.638123e+003,-2.959221e+003, 7.792585e+001,-2.855233e+002, 2.351028e+001,-7.203884e+001, 4.124121e+001, 0.000000e+000, 0.000000e+000, 0.000000e+000
 3.153000e-001, 1.636410e+003,-2.926223e+003,-2.063278e+001,-1.099041e+002, 2.341290e+001,-7.531772e+001, 2.148358e+002, 0.000000e+000, 0.000000e+000, 0.000000e+000
 3.153500e-001, 1.697677e+003,-2.895288e+003,-4.963890e+001, 6.571665e+001, 2.338394e+001,-7.862400e+001, 3.872081e+002, 0.000000e+000, 0.000000e+000, 0.000000e+000
 3.154000e-001, 1.698067e+003,-2.861954e+003,-1.556801e+002, 2.410555e+002, 2.353984e+001,-8.145138e+001, 5.607217e+002, 0.000000e+000, 0.000000e+000, 0.000000e+000
 3.154500e-001, 1.754937e+003,-2.827614e+003,-1.777418e+002, 4.162651e+002, 2.378877e+001,-8.426173e+001, 7.330703e+002, 0.000000e+000, 0.000000e+000, 0.000000e+000
 3.155000e-001, 1.757578e+003,-2.794086e+003,-2.905109e+002, 5.910493e+002, 2.425348e+001,-8.659344e+001, 9.064909e+002, 0.000000e+000, 0.000000e+000, 0.000000e+000
 3.155500e-001, 1.809815e+003,-2.756210e+003,-3.062014e+002, 7.655740e+002, 2.483005e+001,-8.886373e+001, 1.078787e+003, 0.000000e+000, 0.000000e+000, 0.000000e+000
 3.156000e-001, 1.814794e+003,-2.722543e+003,-4.247289e+002, 9.395349e+002, 2.564141e+001,-9.067017e+001, 1.252042e+003, 0.000000e+000, 0.000000e+000, 0.000000e+000
 3.156500e-001, 1.862174e+003,-2.680998e+003,-4.347299e+002, 1.113110e+003, 2.657103e+001,-9.237798e+001, 1.424169e+003, 0.000000e+000, 0.000000e+000, 0.000000e+000
 3.157000e-001, 1.869527e+003,-2.647186e+003,-5.578724e+002, 1.285992e+003, 2.773779e+001,-9.365562e+001, 1.597082e+003, 0.000000e+000, 0.000000e+000, 0.000000e+000
 3.157500e-001, 1.911852e+003,-2.601871e+003,-5.629709e+002, 1.458369e+003, 2.901469e+001,-9.480930e+001, 1.768814e+003, 0.000000e+000, 0.000000e+000, 0.000000e+000
 3.158000e-001, 1.921580e+003,-2.567883e+003,-6.894725e+002, 1.629929e+003, 3.051480e+001,-9.558591e+001, 1.941100e+003, 0.000000e+000, 0.000000e+000, 0.000000e+000
 3.158500e-001, 1.958693e+003,-2.518772e+003,-6.905630e+002, 1.800873e+003, 3.210545e+001,-9.622538e+001, 2.112108e+003, 0.000000e+000, 0.000000e+000, 0.000000e+000
 3.159000e-001, 1.970782e+003,-2.484586e+003,-8.191222e+002, 1.970886e+003, 3.389415e+001,-9.655619e+001, 2.283401e+003, 0.000000e+000, 0.000000e+000, 0.000000e+000
 3.159500e-001, 2.002579e+003,-2.431747e+003,-8.171977e+002, 2.140174e+003, 3.574879e+001,-9.674534e+001, 2.453302e+003, 0.000000e+000, 0.000000e+000, 0.000000e+000
 3.160000e-001, 2.017005e+003,-2.397353e+003,-9.465211e+002, 2.308423e+003, 3.777218e+001,-9.670238e+001, 2.623209e+003, 0.000000e+000, 0.000000e+000, 0.000000e+000
 3.160500e-001, 2.043437e+003,-2.340946e+003,-9.426436e+002, 2.475840e+003, 3.983873e+001,-9.651683e+001, 2.791616e+003, 0.000000e+000, 0.000000e+000, 0.000000e+000
 3.161000e-001, 2.060170e+003,-2.306336e+003,-1.071479e+003, 2.642112e+003, 4.204630e+001,-9.617660e+001, 2.959768e+003, 0.000000e+000, 0.000000e+000, 0.000000e+000
 3.161500e-001, 2.081230e+003,-2.246584e+003,-1.066726e+003, 2.807444e+003, 4.427995e+001,-9.569269e+001, 3.126337e+003, 0.000000e+000, 0.000000e+000, 0.000000e+000
 3.162000e-001, 2.100221e+003,-2.211718e+003,-1.193876e+003, 2.971526e+003, 4.663044e+001,-9.512769e+001, 3.292419e+003, 0.000000e+000, 0.000000e+000, 0.000000e+000
 3.162500e-001, 2.115930e+003,-2.148868e+003,-1.189280e+003, 3.134561e+003, 4.899498e+001,-9.441728e+001, 3.456860e+003, 0.000000e+000, 0.000000e+000, 0.000000e+000
 3.163000e-001, 2.137105e+003,-2.113653e+003,-1.313611e+003, 3.296242e+003, 5.145337e+001,-9.369454e+001, 3.620609e+003, 0.000000e+000, 0.000000e+000, 0.000000e+000
 3.163500e-001, 2.147495e+003,-2.047948e+003,-1.310099e+003, 3.456770e+003, 5.391439e+001,-9.282698e+001, 3.782674e+003, 0.000000e+000, 0.000000e+000, 0.000000e+000
 3.164000e-001, 2.170748e+003,-2.012224e+003,-1.430557e+003, 3.615844e+003, 5.644245e+001,-9.201291e+001, 3.943854e+003, 0.000000e+000, 0.000000e+000, 0.000000e+000
 3.164500e-001, 2.175855e+003,-1.943889e+003,-1.428912e+003, 3.773660e+003, 5.895657e+001,-9.106134e+001, 4.103300e+003, 0.000000e+000, 0.000000e+000, 0.000000e+000
 3.165000e-001, 2.201049e+003,-1.907452e+003,-1.544551e+003, 3.929928e+003, 6.150243e+001,-9.022859e+001, 4.261665e+003, 0.000000e+000, 0.000000e+000, 0.000000e+000
 3.165500e-001, 2.200918e+003,-1.836703e+003,-1.545404e+003, 4.084842e+003, 6.400873e+001,-8.927566e+001, 4.418223e+003, 0.000000e+000, 0.000000e+000, 0.000000e+000
 3.166000e-001, 2.227905e+003,-1.799336e+003,-1.655429e+003, 4.238118e+003, 6.650153e+001,-8.850685e+001, 4.573492e+003, 0.000000e+000, 0.000000e+000, 0.000000e+000
 3.166500e-001, 2.222597e+003,-1.726408e+003,-1.659264e+003, 4.389947e+003, 6.892030e+001,-8.764501e+001, 4.726857e+003, 0.000000e+000, 0.000000e+000, 0.000000e+000
 3.167000e-001, 2.251230e+003,-1.687926e+003,-1.763070e+003, 4.540056e+003, 7.127348e+001,-8.702966e+001, 4.878716e+003, 0.000000e+000, 0.000000e+000, 0.000000e+000
 3.167500e-001, 2.240838e+003,-1.613096e+003,-1.770245e+003, 4.688627e+003, 7.351395e+001,-8.635417e+001, 5.028559e+003, 0.000000e+000, 0.000000e+000, 0.000000e+000
 3.168000e-001, 2.270985e+003,-1.573377e+003,-1.867446e+003, 4.835399e+003, 7.563670e+001,-8.597868e+001, 5.176688e+003, 0.000000e+000, 0.000000e+000, 0.000000e+000
 3.168500e-001, 2.255639e+003,-1.496972e+003,-1.878201e+003, 4.980546e+003, 7.761133e+001,-8.557510e+001, 5.322684e+003, 0.000000e+000, 0.000000e+000, 0.000000e+000
 3.169000e-001, 2.287187e+003,-1.455967e+003,-1.968632e+003, 5.123812e+003, 7.942414e+001,-8.550951e+001, 5.466788e+003, 0.000000e+000, 0.000000e+000, 0.000000e+000
 3.169500e-001, 2.267055e+003,-1.378353e+003,-1.983091e+003, 5.265360e+003, 8.106393e+001,-8.544032e+001, 5.608660e+003, 0.000000e+000, 0.000000e+000, 0.000000e+000
 3.170000e-001, 2.299899e+003,-1.336069e+003,-2.066775e+003, 5.404945e+003, 8.251202e+001,-8.572692e+001, 5.748502e+003, 0.000000e+000, 0.000000e+000, 0.000000e+000
 3.170500e-001, 2.275177e+003,-1.257623e+003,-2.084935e+003, 5.542716e+003, 8.377701e+001,-8.602288e+001, 5.886036e+003, 0.000000e+000, 0.000000e+000, 0.000000e+000
 3.171000e-001, 2.309207e+003,-1.214092e+003,-2.162041e+003, 5.678435e+003, 8.483675e+001,-8.667136e+001, 6.021447e+003, 0.000000e+000, 0.000000e+000, 0.000000e+000
 3.171500e-001, 2.280108e+003,-1.135165e+003,-2.183761e+003, 5.812238e+003, 8.571788e+001,-8.733060e+001, 6.154489e+003, 0.000000e+000, 0.000000e+000, 0.000000e+000
 3.172000e-001, 2.315187e+003,-1.090411e+003,-2.254549e+003, 5.943898e+003, 8.639411e+001,-8.832153e+001, 6.285352e+003, 0.000000e+000, 0.000000e+000, 0.000000e+000
 3.172500e-001, 2.281928e+003,-1.011306e+003,-2.279551e+003, 6.073538e+003, 8.690665e+001,-8.931644e+001, 6.413785e+003, 0.000000e+000, 0.000000e+000, 0.000000e+000
 3.173000e-001, 2.317880e+003,-9.653196e+002,-2.344328e+003, 6.200944e+003, 8.722284e+001,-9.061089e+001, 6.540002e+003, 0.000000e+000, 0.000000e+000, 0.000000e+000
 3.173500e-001, 2.280686e+003,-8.862822e+002,-2.372216e+003, 6.326224e+003, 8.739458e+001,-9.189927e+001, 6.663715e+003, 0.000000e+000, 0.000000e+000, 0.000000e+000
 3.174000e-001, 2.317294e+003,-8.390226e+002,-2.431316e+003, 6.449181e+003, 8.738058e+001,-9.345030e+001, 6.785180e+003, 0.000000e+000, 0.000000e+000, 0.000000e+000
 3.174500e-001, 2.276399e+003,-7.602552e+002,-2.461617e+003, 6.569910e+003, 8.724045e+001,-9.498589e+001, 6.904036e+003, 0.000000e+000, 0.000000e+000, 0.000000e+000
 3.175000e-001, 2.313407e+003,-7.116636e+002,-2.515388e+003, 6.688230e+003, 8.692297e+001,-9.674702e+001, 7.020613e+003, 0.000000e+000, 0.000000e+000, 0.000000e+000
 3.175500e-001, 2.269071e+003,-6.333514e+002,-2.547599e+003, 6.804223e+003, 8.649426e+001,-9.848529e+001, 7.134452e+003, 0.000000e+000, 0.000000e+000, 0.000000e+000
 3.176000e-001, 2.306196e+003,-5.833756e+002,-2.596402e+003, 6.917729e+003, 8.589363e+001,-1.004132e+002, 7.245981e+003, 0.000000e+000, 0.000000e+000, 0.000000e+000
 3.176500e-001, 2.258714e+003,-5.057124e+002,-2.630034e+003, 7.028810e+003, 8.519421e+001,-1.023113e+002, 7.354627e+003, 0.000000e+000, 0.000000e+000, 0.000000e+000
 3.177000e-001, 2.295655e+003,-4.543268e+002,-2.674239e+003, 7.137330e+003, 8.432753e+001,-1.043633e+002, 7.460951e+003, 0.000000e+000, 0.000000e+000, 0.000000e+000
 3.177500e-001, 2.245364e+003,-3.775285e+002,-2.708845e+003, 7.243331e+003, 8.337521e+001,-1.063758e+002, 7.564245e+003, 0.000000e+000, 0.000000e+000, 0.000000e+000
 3.178000e-001, 2.281805e+003,-3.247416e+002,-2.748814e+003, 7.346699e+003, 8.226328e+001,-1.085044e+002, 7.665233e+003, 0.000000e+000, 0.000000e+000, 0.000000e+000
 3.178500e-001, 2.229082e+003,-2.490411e+002,-2.783995e+003, 7.447455e+003, 8.108295e+001,-1.105791e+002, 7.763059e+003, 0.000000e+000, 0.000000e+000, 0.000000e+000
 3.179000e-001, 2.264694e+003,-1.948887e+002,-2.820062e+003, 7.545510e+003, 7.975653e+001,-1.127295e+002, 7.858627e+003, 0.000000e+000, 0.000000e+000, 0.000000e+000
 3.179500e-001, 2.209940e+003,-1.205158e+002,-2.855454e+003, 7.640858e+003, 7.838460e+001,-1.148064e+002, 7.950917e+003, 0.000000e+000, 0.000000e+000, 0.000000e+000
 3.180000e-001, 2.244377e+003,-6.504497e+001,-2.887897e+003, 7.733438e+003, 7.688650e+001,-1.169172e+002, 8.041029e+003, 0.000000e+000, 0.000000e+000, 0.000000e+000
 3.180500e-001, 2.188004e+003, 7.799962e+000,-2.923161e+003, 7.823219e+003, 7.537012e+001,-1.189325e+002, 8.127757e+003, 0.000000e+000, 0.000000e+000, 0.000000e+000
 3.181000e-001, 2.220897e+003, 6.454556e+001,-2.952188e+003, 7.910168e+003, 7.375160e+001,-1.209427e+002, 8.212396e+003, 0.000000e+000, 0.000000e+000, 0.000000e+000
 3.181500e-001, 2.163315e+003, 1.357135e+002,-2.986993e+003, 7.994229e+003, 7.214270e+001,-1.228372e+002, 8.293546e+003, 0.000000e+000, 0.000000e+000, 0.000000e+000
 3.182000e-001, 2.194276e+003, 1.936984e+002,-3.012744e+003, 8.075399e+003, 7.045580e+001,-1.246940e+002, 8.372688e+003, 0.000000e+000, 0.000000e+000, 0.000000e+000
 3.182500e-001, 2.135881e+003, 2.630992e+002,-3.046773e+003, 8.153598e+003, 6.880255e+001,-1.264212e+002, 8.448215e+003, 0.000000e+000, 0.000000e+000, 0.000000e+000
 3.183000e-001, 2.164517e+003, 3.222874e+002,-3.069341e+003, 8.228853e+003, 6.709162e+001,-1.280876e+002, 8.521792e+003, 0.000000e+000, 0.000000e+000, 0.000000e+000
 3.183500e-001, 2.105691e+003, 3.898826e+002,-3.102296e+003, 8.301061e+003, 6.543111e+001,-1.296188e+002, 8.591607e+003, 0.000000e+000, 0.000000e+000, 0.000000e+000
 3.184000e-001, 2.131613e+003, 4.502182e+002,-3.121754e+003, 8.370279e+003, 6.372733e+001,-1.310759e+002, 8.659498e+003, 0.000000e+000, 0.000000e+000, 0.000000e+000
 3.184500e-001, 2.072729e+003, 5.160039e+002,-3.153375e+003, 8.436385e+003, 6.208254e+001,-1.323995e+002, 8.723460e+003, 0.000000e+000, 0.000000e+000, 0.000000e+000
 3.185000e-001, 2.095571e+003, 5.773900e+002,-3.169808e+003, 8.499462e+003, 6.040346e+001,-1.336428e+002, 8.785494e+003, 0.000000e+000, 0.000000e+000, 0.000000e+000
 3.185500e-001, 2.036990e+003, 6.413781e+002,-3.199875e+003, 8.559368e+003, 5.878550e+001,-1.347587e+002, 8.843424e+003, 0.000000e+000, 0.000000e+000, 0.000000e+000
 3.186000e-001, 2.056423e+003, 7.036634e+002,-3.213392e+003, 8.616212e+003, 5.713950e+001,-1.357909e+002, 8.899404e+003, 0.000000e+000, 0.000000e+000, 0.000000e+000
 3.186500e-001, 1.998496e+003, 7.658705e+002,-3.241723e+003, 8.669832e+003, 5.555371e+001,-1.367026e+002, 8.951114e+003, 0.000000e+000, 0.000000e+000, 0.000000e+000
 3.187000e-001, 2.014229e+003, 8.288505e+002,-3.252461e+003, 8.720361e+003, 5.394673e+001,-1.375261e+002, 9.000850e+003, 0.000000e+000, 0.000000e+000, 0.000000e+000
 3.187500e-001, 1.957289e+003, 8.892980e+002,-3.278892e+003, 8.767620e+003, 5.239940e+001,-1.382339e+002, 9.046171e+003, 0.000000e+000, 0.000000e+000, 0.000000e+000
 3.188000e-001, 1.969070e+003, 9.527299e+002,-3.287000e+003, 8.811762e+003, 5.084068e+001,-1.388466e+002, 9.089491e+003, 0.000000e+000, 0.000000e+000, 0.000000e+000
 3.188500e-001, 1.913426e+003, 1.011452e+003,-3.311362e+003, 8.852591e+003, 4.934319e+001,-1.393463e+002, 9.128285e+003, 0.000000e+000, 0.000000e+000, 0.000000e+000
 3.189000e-001, 1.921035e+003, 1.075078e+003,-3.316982e+003, 8.890279e+003, 4.784729e+001,-1.397426e+002, 9.165054e+003, 0.000000e+000, 0.000000e+000, 0.000000e+000
 3.189500e-001, 1.866956e+003, 1.132133e+003,-3.339085e+003, 8.924619e+003, 4.641580e+001,-1.400289e+002, 9.197210e+003, 0.000000e+000, 0.000000e+000, 0.000000e+000
 3.190000e-001, 1.870200e+003, 1.195706e+003,-3.342343e+003, 8.955799e+003, 4.499998e+001,-1.402051e+002, 9.227311e+003, 0.000000e+000, 0.000000e+000, 0.000000e+000
 3.190500e-001, 1.817913e+003, 1.251178e+003,-3.361972e+003, 8.983600e+003, 4.365105e+001,-1.402779e+002, 9.252733e+003, 0.000000e+000, 0.000000e+000, 0.000000e+000
 3.191000e-001, 1.816622e+003, 1.314473e+003,-3.362973e+003, 9.008228e+003, 4.232962e+001,-1.402390e+002, 9.276057e+003, 0.000000e+000, 0.000000e+000, 0.000000e+000
 3.191500e-001, 1.766316e+003, 1.368472e+003,-3.379901e+003, 9.029454e+003, 4.107394e+001,-1.401094e+002, 9.294649e+003, 0.000000e+000, 0.000000e+000, 0.000000e+000
 3.192000e-001, 1.760349e+003, 1.431289e+003,-3.378741e+003, 9.047501e+003, 3.985237e+001,-1.398733e+002, 9.311080e+003, 0.000000e+000, 0.000000e+000, 0.000000e+000
 3.192500e-001, 1.712175e+003, 1.483927e+003,-3.392756e+003, 9.062134e+003, 3.868983e+001,-1.395654e+002, 9.322737e+003, 0.000000e+000, 0.000000e+000, 0.000000e+000
 3.193000e-001, 1.701425e+003, 1.546084e+003,-3.389538e+003, 9.073587e+003, 3.756140e+001,-1.391625e+002, 9.332153e+003, 0.000000e+000, 0.000000e+000, 0.000000e+000
 3.193500e-001, 1.655513e+003, 1.597461e+003,-3.400466e+003, 9.081622e+003, 3.647988e+001,-1.387103e+002, 9.336770e+003, 0.000000e+000, 0.000000e+000, 0.000000e+000
 3.194000e-001, 1.639913e+003, 1.658779e+003,-3.395305e+003, 9.086482e+003, 3.542682e+001,-1.381773e+002, 9.339055e+003, 0.000000e+000, 0.000000e+000, 0.000000e+000
 3.194500e-001, 1.596375e+003, 1.708957e+003,-3.403035e+003, 9.087929e+003, 3.440535e+001,-1.376165e+002, 9.336537e+003, 0.000000e+000, 0.000000e+000, 0.000000e+000
 3.195000e-001, 1.575904e+003, 1.769255e+003,-3.396058e+003, 9.086209e+003, 3.340387e+001,-1.369878e+002, 9.331603e+003, 0.000000e+000, 0.000000e+000, 0.000000e+000
 3.195500e-001, 1.534840e+003, 1.818253e+003,-3.400540e+003, 9.081084e+003, 3.241899e+001,-1.363474e+002, 9.321897e+003, 0.000000e+000, 0.000000e+000, 0.000000e+000
 3.196000e-001, 1.509519e+003, 1.877346e+003,-3.391865e+003, 9.072806e+003, 3.144635e+001,-1.356472e+002, 9.309701e+003, 0.000000e+000, 0.000000e+000, 0.000000e+000
 3.196500e-001, 1.471017e+003, 1.925139e+003,-3.393112e+003, 9.061134e+003, 3.047902e+001,-1.349428e+002, 9.292805e+003, 0.000000e+000, 0.000000e+000, 0.000000e+000
 3.197000e-001, 1.440899e+003, 1.982845e+003,-3.382824e+003, 9.046322e+003, 2.951970e+001,-1.341807e+002, 9.273358e+003, 0.000000e+000, 0.000000e+000, 0.000000e+000
 3.197500e-001, 1.405028e+003, 2.029376e+003,-3.380891e+003, 9.028130e+003, 2.856018e+001,-1.334132e+002, 9.249320e+003, 0.000000e+000, 0.000000e+000, 0.000000e+000
 3.198000e-001, 1.370192e+003, 2.085534e+003,-3.369014e+003, 9.006813e+003, 2.760904e+001,-1.325857e+002, 9.222686e+003, 0.000000e+000, 0.000000e+000, 0.000000e+000
 3.198500e-001, 1.337000e+003, 2.130730e+003,-3.363996e+003, 8.982135e+003, 2.665803e+001,-1.317448e+002, 9.191596e+003, 0.000000e+000, 0.000000e+000, 0.000000e+000
 3.199000e-001, 1.297539e+003, 2.185211e+003,-3.350475e+003, 8.954347e+003, 2.571954e+001,-1.308404e+002, 9.157865e+003, 0.000000e+000, 0.000000e+000, 0.000000e+000
 3.199500e-001, 1.267046e+003, 2.228995e+003,-3.342506e+003, 8.923217e+003, 2.478574e+001,-1.299108e+002, 9.119833e+003, 0.000000e+000, 0.000000e+000, 0.000000e+000
 3.200000e-001, 1.223061e+003, 2.281710e+003,-3.327203e+003, 8.888999e+003, 2.387025e+001,-1.289162e+002, 9.079110e+003, 0.000000e+000, 0.000000e+000, 0.000000e+000
 3.200500e-001, 1.195268e+003, 2.324002e+003,-3.316468e+003, 8.851463e+003, 2.296585e+001,-1.278837e+002, 9.034246e+003, 0.000000e+000, 0.000000e+000, 0.000000e+000
 3.201000e-001, 1.146869e+003, 2.374903e+003,-3.299174e+003, 8.810861e+003, 2.208483e+001,-1.267888e+002, 8.986631e+003, 0.000000e+000, 0.000000e+000, 0.000000e+000
 3.201500e-001, 1.121762e+003, 2.415620e+003,-3.285926e+003, 8.766974e+003, 2.122105e+001,-1.256428e+002, 8.935035e+003, 0.000000e+000, 0.000000e+000, 0.000000e+000
 3.202000e-001, 1.069066e+003, 2.464690e+003,-3.266372e+003, 8.720049e+003, 2.038344e+001,-1.244409e+002, 8.880623e+003, 0.000000e+000, 0.000000e+000, 0.000000e+000
 3.202500e-001, 1.046622e+003, 2.503737e+003,-3.250943e+003, 8.669873e+003, 1.956804e+001,-1.231734e+002, 8.822394e+003, 0.000000e+000, 0.000000e+000, 0.000000e+000
 3.203000e-001, 9.897587e+002, 2.550983e+003,-3.228814e+003, 8.616693e+003, 1.877906e+001,-1.218585e+002, 8.761282e+003, 0.000000e+000, 0.000000e+000, 0.000000e+000
 3.203500e-001, 9.699574e+002, 2.588240e+003,-3.211620e+003, 8.560303e+003, 1.801630e+001,-1.204603e+002, 8.696526e+003, 0.000000e+000, 0.000000e+000, 0.000000e+000
 3.204000e-001, 9.090650e+002, 2.633681e+003,-3.186559e+003, 8.500944e+003, 1.727853e+001,-1.190228e+002, 8.628832e+003, 0.000000e+000, 0.000000e+000, 0.000000e+000
 3.204500e-001, 8.918876e+002, 2.669007e+003,-3.168085e+003, 8.438419e+003, 1.657111e+001,-1.174797e+002, 8.557683e+003, 0.000000e+000, 0.000000e+000, 0.000000e+000
 3.205000e-001, 8.271133e+002, 2.712674e+003,-3.139693e+003, 8.372968e+003, 1.588682e+001,-1.159037e+002, 8.483558e+003, 0.000000e+000, 0.000000e+000, 0.000000e+000
 3.205500e-001, 8.125434e+002, 2.745905e+003,-3.120468e+003, 8.304396e+003, 1.523812e+001,-1.141951e+002, 8.406182e+003, 0.000000e+000, 0.000000e+000, 0.000000e+000
 3.206000e-001, 7.440357e+002, 2.787843e+003,-3.088301e+003, 8.232939e+003, 1.461113e+001,-1.124592e+002, 8.325814e+003, 0.000000e+000, 0.000000e+000, 0.000000e+000
 3.206500e-001, 7.320544e+002, 2.818806e+003,-3.068869e+003, 8.158414e+003, 1.402629e+001,-1.105619e+002, 8.242412e+003, 0.000000e+000, 0.000000e+000, 0.000000e+000
 3.207000e-001, 6.599592e+002, 2.859073e+003,-3.032440e+003, 8.081052e+003, 1.346217e+001,-1.086436e+002, 8.156021e+003, 0.000000e+000, 0.000000e+000, 0.000000e+000
 3.207500e-001, 6.505403e+002, 2.887598e+003,-3.013335e+003, 8.000674e+003, 1.294722e+001,-1.065373e+002, 8.066811e+003, 0.000000e+000, 0.000000e+000, 0.000000e+000
 3.208000e-001, 5.749985e+002, 2.926270e+003,-2.972134e+003, 7.917511e+003, 1.245153e+001,-1.044203e+002, 7.974624e+003, 0.000000e+000, 0.000000e+000, 0.000000e+000
 3.208500e-001, 5.681063e+002, 2.952200e+003,-2.953858e+003, 7.831392e+003, 1.201083e+001,-1.020945e+002, 7.879827e+003, 0.000000e+000, 0.000000e+000, 0.000000e+000
 3.209000e-001, 4.892558e+002, 2.989364e+003,-2.907384e+003, 7.742543e+003, 1.158615e+001,-9.977409e+001, 7.782069e+003, 0.000000e+000, 0.000000e+000, 0.000000e+000
 3.209500e-001, 4.848441e+002, 3.012563e+003,-2.890399e+003, 7.650804e+003, 1.121934e+001,-9.723288e+001, 7.681889e+003, 0.000000e+000, 0.000000e+000, 0.000000e+000
 3.210000e-001, 4.028266e+002, 3.048307e+003,-2.838197e+003, 7.556397e+003, 1.086248e+001,-9.471875e+001, 7.578763e+003, 0.000000e+000, 0.000000e+000, 0.000000e+000
 3.210500e-001, 4.008406e+002, 3.068660e+003,-2.822918e+003, 7.459171e+003, 1.056228e+001,-9.198085e+001, 7.473380e+003, 0.000000e+000, 0.000000e+000, 0.000000e+000
 3.211000e-001, 3.158096e+002, 3.103059e+003,-2.764624e+003, 7.359346e+003, 1.026304e+001,-8.929494e+001, 7.365069e+003, 0.000000e+000, 0.000000e+000, 0.000000e+000
 3.211500e-001, 3.161867e+002, 3.120474e+003,-2.751406e+003, 7.256779e+003, 1.001497e+001,-8.638967e+001, 7.254646e+003, 0.000000e+000, 0.000000e+000, 0.000000e+000
 3.212000e-001, 2.283156e+002, 3.153572e+003,-2.686778e+003, 7.151683e+003, 9.756869e+000,-8.356059e+001, 7.141318e+003, 0.000000e+000, 0.000000e+000, 0.000000e+000
 3.212500e-001, 2.309852e+002, 3.167981e+003,-2.675897e+003, 7.043929e+003, 9.541093e+000,-8.052132e+001, 7.026008e+003, 0.000000e+000, 0.000000e+000, 0.000000e+000
 3.213000e-001, 1.404720e+002, 3.199780e+003,-2.604837e+003, 6.933722e+003, 9.303939e+000,-7.757776e+001, 6.907829e+003, 0.000000e+000, 0.000000e+000, 0.000000e+000
 3.213500e-001, 1.453514e+002, 3.211142e+003,-2.596463e+003, 6.820943e+003, 9.098308e+000,-7.443583e+001, 6.787787e+003, 0.000000e+000, 0.000000e+000, 0.000000e+000
 3.214000e-001, 5.242014e+001, 3.241597e+003,-2.519023e+003, 6.705788e+003, 8.861395e+000,-7.140182e+001, 6.664931e+003, 0.000000e+000, 0.000000e+000, 0.000000e+000
 3.214500e-001, 5.940839e+001, 3.249905e+003,-2.513191e+003, 6.588151e+003, 8.644586e+000,-6.818337e+001, 6.540321e+003, 0.000000e+000, 0.000000e+000, 0.000000e+000
 3.215000e-001,-3.569231e+001, 3.278925e+003,-2.429570e+003, 6.468219e+003, 8.389294e+000,-6.507736e+001, 6.412971e+003, 0.000000e+000, 0.000000e+000, 0.000000e+000
 3.215500e-001,-2.672072e+001, 3.284212e+003,-2.426152e+003, 6.345899e+003, 8.142806e+000,-6.180417e+001, 6.283968e+003, 0.000000e+000, 0.000000e+000, 0.000000e+000
 3.216000e-001,-1.237208e+002, 3.311666e+003,-2.336694e+003, 6.221364e+003, 7.853686e+000,-5.864169e+001, 6.152314e+003, 0.000000e+000, 0.000000e+000, 0.000000e+000
 3.216500e-001,-1.129205e+002, 3.314015e+003,-2.335388e+003, 6.094539e+003, 7.562148e+000,-5.533501e+001, 6.019092e+003, 0.000000e+000, 0.000000e+000, 0.000000e+000
 3.217000e-001,-2.115302e+002, 3.339738e+003,-2.240584e+003, 5.965583e+003, 7.226337e+000,-5.213348e+001, 5.883316e+003, 0.000000e+000, 0.000000e+000, 0.000000e+000
 3.217500e-001,-1.990857e+002, 3.339277e+003,-2.240915e+003, 5.834438e+003, 6.876361e+000,-4.881853e+001, 5.746041e+003, 0.000000e+000, 0.000000e+000, 0.000000e+000
 3.218000e-001,-2.989964e+002, 3.363080e+003,-2.141400e+003, 5.701250e+003, 6.481928e+000,-4.560126e+001, 5.606316e+003, 0.000000e+000, 0.000000e+000, 0.000000e+000
 3.218500e-001,-2.851186e+002, 3.359984e+003,-2.142744e+003, 5.565981e+003, 6.060357e+000,-4.230978e+001, 5.465139e+003, 0.000000e+000, 0.000000e+000, 0.000000e+000
 3.219000e-001,-3.860014e+002, 3.381654e+003,-2.039302e+003, 5.428757e+003, 5.594573e+000,-3.910709e+001, 5.321623e+003, 0.000000e+000, 0.000000e+000, 0.000000e+000
 3.219500e-001,-3.709216e+002, 3.376127e+003,-2.040911e+003, 5.289564e+003, 5.087161e+000,-3.587645e+001, 5.176686e+003, 0.000000e+000, 0.000000e+000, 0.000000e+000
 3.220000e-001,-4.724267e+002, 3.395438e+003,-1.934471e+003, 5.148511e+003, 4.535643e+000,-3.272316e+001, 5.029529e+003, 0.000000e+000, 0.000000e+000, 0.000000e+000
 3.220500e-001,-4.563889e+002, 3.387704e+003,-1.935502e+003, 5.005603e+003, 3.926886e+000,-2.959203e+001, 4.880972e+003, 0.000000e+000, 0.000000e+000, 0.000000e+000
 3.221000e-001,-5.581465e+002, 3.404412e+003,-1.827121e+003, 4.860930e+003, 3.274077e+000,-2.652229e+001, 4.730330e+003, 0.000000e+000, 0.000000e+000, 0.000000e+000
 3.221500e-001,-5.414019e+002, 3.394698e+003,-1.826667e+003, 4.714521e+003, 2.548356e+000,-2.352489e+001, 4.578306e+003, 0.000000e+000, 0.000000e+000, 0.000000e+000
 3.222000e-001,-6.430261e+002, 3.408558e+003,-1.717496e+003, 4.566445e+003, 1.779170e+000,-2.056660e+001, 4.424353e+003, 0.000000e+000, 0.000000e+000, 0.000000e+000
 3.222500e-001,-6.258280e+002, 3.397083e+003,-1.714605e+003, 4.416751e+003, 9.227488e-001,-1.772766e+001, 4.269041e+003, 0.000000e+000, 0.000000e+000, 0.000000e+000
 3.223000e-001,-7.269235e+002, 3.407853e+003,-1.605849e+003, 4.265489e+003, 2.473339e-002,-1.489890e+001, 4.111975e+003, 0.000000e+000, 0.000000e+000, 0.000000e+000
 3.223500e-001,-7.095258e+002, 3.394817e+003,-1.599544e+003, 4.112731e+003,-9.721382e-001,-1.223162e+001, 3.953578e+003, 0.000000e+000, 0.000000e+000, 0.000000e+000
 3.224000e-001,-8.096965e+002, 3.402271e+003,-1.492417e+003, 3.958503e+003,-2.006913e+000,-9.540323e+000, 3.793624e+003, 0.000000e+000, 0.000000e+000, 0.000000e+000
 3.224500e-001,-7.923514e+002, 3.387850e+003,-1.481719e+003, 3.802900e+003,-3.148520e+000,-7.047673e+000, 3.632371e+003, 0.000000e+000, 0.000000e+000, 0.000000e+000
 3.225000e-001,-8.912085e+002, 3.391792e+003,-1.377399e+003, 3.645927e+003,-4.322421e+000,-4.494377e+000, 3.469770e+003, 0.000000e+000, 0.000000e+000, 0.000000e+000
 3.225500e-001,-8.741645e+002, 3.376136e+003,-1.361354e+003, 3.487700e+003,-5.607096e+000,-2.172787e+000, 3.305900e+003, 0.000000e+000, 0.000000e+000, 0.000000e+000
 3.226000e-001,-9.713331e+002, 3.376409e+003,-1.260946e+003, 3.328204e+003,-6.916890e+000, 2.452918e-001, 3.140897e+003, 0.000000e+000, 0.000000e+000, 0.000000e+000
 3.226500e-001,-9.548309e+002, 3.359635e+003,-1.238664e+003, 3.167576e+003,-8.337444e+000, 2.401938e+000, 2.974650e+003, 0.000000e+000, 0.000000e+000, 0.000000e+000
 3.227000e-001,-1.049954e+003, 3.356130e+003,-1.143178e+003, 3.005782e+003,-9.774994e+000, 4.687614e+000, 2.807485e+003, 0.000000e+000, 0.000000e+000, 0.000000e+000
 3.227500e-001,-1.034221e+003, 3.338318e+003,-1.113872e+003, 2.842979e+003,-1.131966e+001, 6.685705e+000, 2.639094e+003, 0.000000e+000, 0.000000e+000, 0.000000e+000
 3.228000e-001,-1.126963e+003, 3.330980e+003,-1.024201e+003, 2.679115e+003,-1.287290e+001, 8.840988e+000, 2.469998e+003, 0.000000e+000, 0.000000e+000, 0.000000e+000
 3.228500e-001,-1.112207e+003, 3.312168e+003,-9.872244e+002, 2.514365e+003,-1.452633e+001, 1.068764e+001, 2.299689e+003, 0.000000e+000, 0.000000e+000, 0.000000e+000
 3.229000e-001,-1.202252e+003, 3.300997e+003,-9.041252e+002, 2.348659e+003,-1.618006e+001, 1.271560e+001, 2.128886e+003, 0.000000e+000, 0.000000e+000, 0.000000e+000
 3.229500e-001,-1.188656e+003, 3.281180e+003,-8.590067e+002, 2.182189e+003,-1.792399e+001, 1.442133e+001, 1.956882e+003, 0.000000e+000, 0.000000e+000, 0.000000e+000
 3.230000e-001,-1.275714e+003, 3.266228e+003,-7.830826e+002, 2.014873e+003,-1.966040e+001, 1.632951e+001, 1.784598e+003, 0.000000e+000, 0.000000e+000, 0.000000e+000
 3.230500e-001,-1.263436e+003, 3.245355e+003,-7.295377e+002, 1.846915e+003,-2.147410e+001, 1.791154e+001, 1.611131e+003, 0.000000e+000, 0.000000e+000, 0.000000e+000
 3.231000e-001,-1.347243e+003, 3.226733e+003,-6.612156e+002, 1.678218e+003,-2.327302e+001, 1.971486e+001, 1.437601e+003, 0.000000e+000, 0.000000e+000, 0.000000e+000
 3.231500e-001,-1.336410e+003, 3.204706e+003,-5.991541e+002, 1.509002e+003,-2.513358e+001, 2.119884e+001, 1.262917e+003, 0.000000e+000, 0.000000e+000, 0.000000e+000
 3.232000e-001,-1.416732e+003, 3.182576e+003,-5.386634e+002, 1.339155e+003,-2.697282e+001, 2.292034e+001, 1.088390e+003, 0.000000e+000, 0.000000e+000, 0.000000e+000
 3.232500e-001,-1.407449e+003, 3.159254e+003,-4.681843e+002, 1.168910e+003,-2.885567e+001, 2.433932e+001, 9.127471e+002, 0.000000e+000, 0.000000e+000, 0.000000e+000
 3.233000e-001,-1.484087e+003, 3.133835e+003,-4.155420e+002, 9.981452e+002,-3.071169e+001, 2.600773e+001, 7.374844e+002, 0.000000e+000, 0.000000e+000, 0.000000e+000
 3.233500e-001,-1.476433e+003, 3.109040e+003,-3.369246e+002, 8.271007e+002,-3.259151e+001, 2.739826e+001, 5.611511e+002, 0.000000e+000, 0.000000e+000, 0.000000e+000
 3.234000e-001,-1.549224e+003, 3.080600e+003,-2.919321e+002, 6.556490e+002,-3.444044e+001, 2.904340e+001, 3.854169e+002, 0.000000e+000, 0.000000e+000, 0.000000e+000
 3.234500e-001,-1.543254e+003, 3.054120e+003,-2.056277e+002, 4.840370e+002,-3.629243e+001, 3.044011e+001, 2.086627e+002, 0.000000e+000, 0.000000e+000, 0.000000e+000
 3.235000e-001,-1.612070e+003, 3.022974e+003,-1.678829e+002, 3.121320e+002,-3.811140e+001, 3.208768e+001, 3.271640e+001, 0.000000e+000, 0.000000e+000, 0.000000e+000
 3.235500e-001,-1.607820e+003, 2.994570e+003,-7.450720e+001, 1.401863e+002,-3.991259e+001, 3.351838e+001,-1.441971e+002, 0.000000e+000, 0.000000e+000, 0.000000e+000
 3.236000e-001,-1.672565e+003, 2.961072e+003,-4.342884e+001,-3.193596e+001,-4.168091e+001, 3.518627e+001,-3.201074e+002, 0.000000e+000, 0.000000e+000, 0.000000e+000
 3.236500e-001,-1.670047e+003, 2.930486e+003, 5.624615e+001,-2.039785e+002,-4.341130e+001, 3.666945e+001,-4.969304e+002, 0.000000e+000, 0.000000e+000, 0.000000e+000
 3.237000e-001,-1.730654e+003, 2.895016e+003, 8.138469e+001,-3.760789e+002,-4.511135e+001, 3.836691e+001,-6.725692e+002, 0.000000e+000, 0.000000e+000, 0.000000e+000
 3.237500e-001,-1.729857e+003, 2.861975e+003, 1.864447e+002,-5.479786e+002,-4.675458e+001, 3.991218e+001,-8.490622e+002, 0.000000e+000, 0.000000e+000, 0.000000e+000
 3.238000e-001,-1.786277e+003, 2.824930e+003, 2.064791e+002,-7.198156e+002,-4.837212e+001, 4.164188e+001,-1.024203e+003, 0.000000e+000, 0.000000e+000, 0.000000e+000
 3.238500e-001,-1.787173e+003, 2.789157e+003, 3.158907e+002,-8.913308e+002,-4.991553e+001, 4.325298e+001,-1.200132e+003, 0.000000e+000, 0.000000e+000, 0.000000e+000
 3.239000e-001,-1.839375e+003, 2.750938e+003, 3.317317e+002,-1.062662e+003,-5.143954e+001, 4.501468e+001,-1.374551e+003, 0.000000e+000, 0.000000e+000, 0.000000e+000
 3.239500e-001,-1.841917e+003, 2.712160e+003, 4.443752e+002,-1.233550e+003,-5.287388e+001, 4.669321e+001,-1.549680e+003, 0.000000e+000, 0.000000e+000, 0.000000e+000
 3.240000e-001,-1.889879e+003, 2.673159e+003, 4.569794e+002,-1.404132e+003,-5.429610e+001, 4.848728e+001,-1.723152e+003, 0.000000e+000, 0.000000e+000, 0.000000e+000
 3.240500e-001,-1.894010e+003, 2.631119e+003, 5.716911e+002,-1.574151e+003,-5.561500e+001, 5.023539e+001,-1.897241e+003, 0.000000e+000, 0.000000e+000, 0.000000e+000
 3.241000e-001,-1.937721e+003, 2.591708e+003, 5.820343e+002,-1.743742e+003,-5.692939e+001, 5.206448e+001,-2.069535e+003, 0.000000e+000, 0.000000e+000, 0.000000e+000
 3.241500e-001,-1.943382e+003, 2.546179e+003, 6.976502e+002,-1.912651e+003,-5.812890e+001, 5.388535e+001,-2.242341e+003, 0.000000e+000, 0.000000e+000, 0.000000e+000
 3.242000e-001,-1.982838e+003, 2.506698e+003, 7.067021e+002,-2.081010e+003,-5.933128e+001, 5.575364e+001,-2.413227e+003, 0.000000e+000, 0.000000e+000, 0.000000e+000
 3.242500e-001,-1.989969e+003, 2.457492e+003, 8.220991e+002,-2.248567e+003,-6.040951e+001, 5.764975e+001,-2.584508e+003, 0.000000e+000, 0.000000e+000, 0.000000e+000
 3.243000e-001,-2.025167e+003, 2.418238e+003, 8.307951e+002,-2.415455e+003,-6.149730e+001, 5.956034e+001,-2.753761e+003, 0.000000e+000, 0.000000e+000, 0.000000e+000
 3.243500e-001,-2.033717e+003, 2.365219e+003, 9.449232e+002,-2.581421e+003,-6.245423e+001, 6.153054e+001,-2.923286e+003, 0.000000e+000, 0.000000e+000, 0.000000e+000
 3.244000e-001,-2.064659e+003, 2.326439e+003, 9.541337e+002,-2.746598e+003,-6.342635e+001, 6.348249e+001,-3.090693e+003, 0.000000e+000, 0.000000e+000, 0.000000e+000
 3.244500e-001,-2.074584e+003, 2.269529e+003, 1.066039e+003,-2.910734e+003,-6.426367e+001, 6.551965e+001,-3.258241e+003, 0.000000e+000, 0.000000e+000, 0.000000e+000
 3.245000e-001,-2.101264e+003, 2.231412e+003, 1.076538e+003,-3.073961e+003,-6.512044e+001, 6.750617e+001,-3.423602e+003, 0.000000e+000, 0.000000e+000, 0.000000e+000
 3.245500e-001,-2.112531e+003, 2.170599e+003, 1.185375e+003,-3.236029e+003,-6.584130e+001, 6.959657e+001,-3.588968e+003, 0.000000e+000, 0.000000e+000, 0.000000e+000
 3.246000e-001,-2.134939e+003, 2.133267e+003, 1.197813e+003,-3.397068e+003,-6.658425e+001, 7.160541e+001,-3.752093e+003, 0.000000e+000, 0.000000e+000, 0.000000e+000
 3.246500e-001,-2.147520e+003, 2.068607e+003, 1.302855e+003,-3.556830e+003,-6.719302e+001, 7.373039e+001,-3.915078e+003, 0.000000e+000, 0.000000e+000, 0.000000e+000
 3.247000e-001,-2.165640e+003, 2.032119e+003, 1.317741e+003,-3.715445e+003,-6.782469e+001, 7.574614e+001,-4.075781e+003, 0.000000e+000, 0.000000e+000, 0.000000e+000
 3.247500e-001,-2.179513e+003, 1.963738e+003, 1.418385e+003,-3.872667e+003,-6.832666e+001, 7.788531e+001,-4.236187e+003, 0.000000e+000, 0.000000e+000, 0.000000e+000
 3.248000e-001,-2.193320e+003, 1.928082e+003, 1.436078e+003,-4.028625e+003,-6.885043e+001, 7.989270e+001,-4.394277e+003, 0.000000e+000, 0.000000e+000, 0.000000e+000
 3.248500e-001,-2.208469e+003, 1.856175e+003, 1.531849e+003,-4.183075e+003,-6.925156e+001, 8.202731e+001,-4.551897e+003, 0.000000e+000, 0.000000e+000, 0.000000e+000
 3.249000e-001,-2.217935e+003, 1.821279e+003, 1.552564e+003,-4.336148e+003,-6.967159e+001, 8.401389e+001,-4.707171e+003, 0.000000e+000, 0.000000e+000, 0.000000e+000
 3.249500e-001,-2.234346e+003, 1.746107e+003, 1.643122e+003,-4.487599e+003,-6.997849e+001, 8.612893e+001,-4.861791e+003, 0.000000e+000, 0.000000e+000, 0.000000e+000
 3.250000e-001,-2.239443e+003, 1.711836e+003, 1.666944e+003,-4.637561e+003,-7.029971e+001, 8.808606e+001,-5.014035e+003, 0.000000e+000, 0.000000e+000, 0.000000e+000
 3.250500e-001,-2.257103e+003, 1.633719e+003, 1.752079e+003,-4.785791e+003,-7.051958e+001, 9.017046e+001,-5.165426e+003, 0.000000e+000, 0.000000e+000, 0.000000e+000
 3.251000e-001,-2.257811e+003, 1.599889e+003, 1.778980e+003,-4.932422e+003,-7.074774e+001, 9.209232e+001,-5.314416e+003, 0.000000e+000, 0.000000e+000, 0.000000e+000
 3.251500e-001,-2.276705e+003, 1.519199e+003, 1.858607e+003,-5.077213e+003,-7.088828e+001, 9.413725e+001,-5.462350e+003, 0.000000e+000, 0.000000e+000, 0.000000e+000
 3.252000e-001,-2.273015e+003, 1.485578e+003, 1.888463e+003,-5.220300e+003,-7.102984e+001, 9.601856e+001,-5.607856e+003, 0.000000e+000, 0.000000e+000, 0.000000e+000
 3.252500e-001,-2.293120e+003, 1.402731e+003, 1.962607e+003,-5.361441e+003,-7.109900e+001, 9.801513e+001,-5.752105e+003, 0.000000e+000, 0.000000e+000, 0.000000e+000
 3.253000e-001,-2.285039e+003, 1.369047e+003, 1.995214e+003,-5.500773e+003,-7.116071e+001, 9.984889e+001,-5.893905e+003, 0.000000e+000, 0.000000e+000, 0.000000e+000
 3.253500e-001,-2.306322e+003, 1.284491e+003, 2.063982e+003,-5.638057e+003,-7.116617e+001, 1.017864e+002,-6.034248e+003, 0.000000e+000, 0.000000e+000, 0.000000e+000
 3.254000e-001,-2.293872e+003, 1.250446e+003, 2.099070e+003,-5.773429e+003,-7.115449e+001, 1.035629e+002,-6.172123e+003, 0.000000e+000, 0.000000e+000, 0.000000e+000
 3.254500e-001,-2.316282e+003, 1.164652e+003, 2.162630e+003,-5.906654e+003,-7.110297e+001, 1.054287e+002,-6.308346e+003, 0.000000e+000, 0.000000e+000, 0.000000e+000
 3.255000e-001,-2.299508e+003, 1.129922e+003, 2.199874e+003,-6.037867e+003,-7.102335e+001, 1.071362e+002,-6.442084e+003, 0.000000e+000, 0.000000e+000, 0.000000e+000
 3.255500e-001,-2.322974e+003, 1.043377e+003, 2.258426e+003,-6.166838e+003,-7.091998e+001, 1.089175e+002,-6.573984e+003, 0.000000e+000, 0.000000e+000, 0.000000e+000
 3.256000e-001,-2.301943e+003, 1.007630e+003, 2.297464e+003,-6.293700e+003,-7.077634e+001, 1.105445e+002,-6.703377e+003, 0.000000e+000, 0.000000e+000, 0.000000e+000
 3.256500e-001,-2.326370e+003, 9.208273e+002, 2.351224e+003,-6.418230e+003,-7.062425e+001, 1.122304e+002,-6.830750e+003, 0.000000e+000, 0.000000e+000, 0.000000e+000
 3.257000e-001,-2.301171e+003, 8.837261e+002, 2.391671e+003,-6.540555e+003,-7.041876e+001, 1.137685e+002,-6.955586e+003, 0.000000e+000, 0.000000e+000, 0.000000e+000
 3.257500e-001,-2.326441e+003, 7.971637e+002, 2.440856e+003,-6.660463e+003,-7.021926e+001, 1.153528e+002,-7.078229e+003, 0.000000e+000, 0.000000e+000, 0.000000e+000
 3.258000e-001,-2.297192e+003, 7.583793e+002, 2.482329e+003,-6.778075e+003,-6.995271e+001, 1.167981e+002,-7.198300e+003, 0.000000e+000, 0.000000e+000, 0.000000e+000
 3.258500e-001,-2.323165e+003, 6.725497e+002, 2.527149e+003,-6.893190e+003,-6.970573e+001, 1.182800e+002,-7.316011e+003, 0.000000e+000, 0.000000e+000, 0.000000e+000
 3.259000e-001,-2.290011e+003, 6.317676e+002, 2.569285e+003,-7.005920e+003,-6.937818e+001, 1.196335e+002,-7.431103e+003, 0.000000e+000, 0.000000e+000, 0.000000e+000
 3.259500e-001,-2.316526e+003, 5.471539e+002, 2.609944e+003,-7.116078e+003,-6.908321e+001, 1.210164e+002,-7.543681e+003, 0.000000e+000, 0.000000e+000, 0.000000e+000
 3.260000e-001,-2.279642e+003, 5.040805e+002, 2.652412e+003,-7.223766e+003,-6.869489e+001, 1.222819e+002,-7.653588e+003, 0.000000e+000, 0.000000e+000, 0.000000e+000
 3.260500e-001,-2.306521e+003, 4.211488e+002, 2.689098e+003,-7.328811e+003,-6.835172e+001, 1.235712e+002,-7.760841e+003, 0.000000e+000, 0.000000e+000, 0.000000e+000
 3.261000e-001,-2.266106e+003, 3.755165e+002, 2.731611e+003,-7.431304e+003,-6.790370e+001, 1.247531e+002,-7.865369e+003, 0.000000e+000, 0.000000e+000, 0.000000e+000
 3.261500e-001,-2.293156e+003, 2.947089e+002, 2.764498e+003,-7.531087e+003,-6.751305e+001, 1.259531e+002,-7.967119e+003, 0.000000e+000, 0.000000e+000, 0.000000e+000
 3.262000e-001,-2.249437e+003, 2.462796e+002, 2.806810e+003,-7.628240e+003,-6.700764e+001, 1.270531e+002,-8.066084e+003, 0.000000e+000, 0.000000e+000, 0.000000e+000
 3.262500e-001,-2.276448e+003, 1.680074e+002, 2.836046e+003,-7.722620e+003,-6.657128e+001, 1.281651e+002,-8.162168e+003, 0.000000e+000, 0.000000e+000, 0.000000e+000
 3.263000e-001,-2.229670e+003, 1.165763e+002, 2.877947e+003,-7.814292e+003,-6.601195e+001, 1.291813e+002,-8.255406e+003, 0.000000e+000, 0.000000e+000, 0.000000e+000
 3.263500e-001,-2.256423e+003, 4.121335e+001, 2.903655e+003,-7.903133e+003,-6.553251e+001, 1.302024e+002,-8.345677e+003, 0.000000e+000, 0.000000e+000, 0.000000e+000
 3.264000e-001,-2.206842e+003,-1.338623e+001, 2.944962e+003,-7.989194e+003,-6.492359e+001, 1.311296e+002,-8.433037e+003, 0.000000e+000, 0.000000e+000, 0.000000e+000
 3.264500e-001,-2.233107e+003,-8.550835e+001, 2.967233e+003,-8.072369e+003,-6.440426e+001, 1.320541e+002,-8.517357e+003, 0.000000e+000, 0.000000e+000, 0.000000e+000
 3.265000e-001,-2.180990e+003,-1.434007e+002, 3.007783e+003,-8.152694e+003,-6.375065e+001, 1.328851e+002,-8.598699e+003, 0.000000e+000, 0.000000e+000, 0.000000e+000
 3.265500e-001,-2.206532e+003,-2.119963e+002, 3.026683e+003,-8.230083e+003,-6.319493e+001, 1.337063e+002,-8.676943e+003, 0.000000e+000, 0.000000e+000, 0.000000e+000
 3.266000e-001,-2.152153e+003,-2.732581e+002, 3.066327e+003,-8.304556e+003,-6.250196e+001, 1.344341e+002,-8.752133e+003, 0.000000e+000, 0.000000e+000, 0.000000e+000
 3.266500e-001,-2.176734e+003,-3.380903e+002, 3.081904e+003,-8.376046e+003,-6.191371e+001, 1.351462e+002,-8.824179e+003, 0.000000e+000, 0.000000e+000, 0.000000e+000
 3.267000e-001,-2.120366e+003,-4.027465e+002, 3.120505e+003,-8.444560e+003,-6.118726e+001, 1.357656e+002,-8.893088e+003, 0.000000e+000, 0.000000e+000, 0.000000e+000
 3.267500e-001,-2.143753e+003,-4.636300e+002, 3.132801e+003,-8.510050e+003,-6.057097e+001, 1.363645e+002,-8.958820e+003, 0.000000e+000, 0.000000e+000, 0.000000e+000
 3.268000e-001,-2.085672e+003,-5.316507e+002, 3.170230e+003,-8.572506e+003,-5.981782e+001, 1.368721e+002,-9.021329e+003, 0.000000e+000, 0.000000e+000, 0.000000e+000
 3.268500e-001,-2.107638e+003,-5.884545e+002, 3.179290e+003,-8.631901e+003,-5.917890e+001, 1.373552e+002,-9.080642e+003, 0.000000e+000, 0.000000e+000, 0.000000e+000
 3.269000e-001,-2.048115e+003,-6.597543e+002, 3.215428e+003,-8.688211e+003,-5.840689e+001, 1.377489e+002,-9.136643e+003, 0.000000e+000, 0.000000e+000, 0.000000e+000
 3.269500e-001,-2.068447e+003,-7.124046e+002, 3.221311e+003,-8.741425e+003,-5.775179e+001, 1.381139e+002,-9.189442e+003, 0.000000e+000, 0.000000e+000, 0.000000e+000
 3.270000e-001,-2.007745e+003,-7.868433e+002, 3.256039e+003,-8.791507e+003,-5.696971e+001, 1.383910e+002,-9.238845e+003, 0.000000e+000, 0.000000e+000, 0.000000e+000
 3.270500e-001,-2.026245e+003,-8.353253e+002, 3.258817e+003,-8.838463e+003,-5.630563e+001, 1.386342e+002,-9.285058e+003, 0.000000e+000, 0.000000e+000, 0.000000e+000
 3.271000e-001,-1.964616e+003,-9.127097e+002, 3.292014e+003,-8.882244e+003,-5.552267e+001, 1.387908e+002,-9.327790e+003, 0.000000e+000, 0.000000e+000, 0.000000e+000
 3.271500e-001,-1.981103e+003,-9.570688e+002, 3.291778e+003,-8.922873e+003,-5.485682e+001, 1.389068e+002,-9.367360e+003, 0.000000e+000, 0.000000e+000, 0.000000e+000
 3.272000e-001,-1.918783e+003,-1.037155e+003, 3.323311e+003,-8.960289e+003,-5.408170e+001, 1.389368e+002,-9.403368e+003, 0.000000e+000, 0.000000e+000, 0.000000e+000
 3.272500e-001,-1.933093e+003,-1.077495e+003, 3.320162e+003,-8.994532e+003,-5.342040e+001, 1.389187e+002,-9.436255e+003, 0.000000e+000, 0.000000e+000, 0.000000e+000
 3.273000e-001,-1.870303e+003,-1.159989e+003, 3.349885e+003,-9.025529e+003,-5.266043e+001, 1.388155e+002,-9.465502e+003, 0.000000e+000, 0.000000e+000, 0.000000e+000
 3.273500e-001,-1.882291e+003,-1.196470e+003, 3.343932e+003,-9.053334e+003,-5.200831e+001, 1.386565e+002,-9.491678e+003, 0.000000e+000, 0.000000e+000, 0.000000e+000
 3.274000e-001,-1.819231e+003,-1.281031e+003, 3.371687e+003,-9.077866e+003,-5.126872e+001, 1.384142e+002,-9.514136e+003, 0.000000e+000, 0.000000e+000, 0.000000e+000
 3.274500e-001,-1.828773e+003,-1.313863e+003, 3.363043e+003,-9.099192e+003,-5.062831e+001, 1.381091e+002,-9.533580e+003, 0.000000e+000, 0.000000e+000, 0.000000e+000
 3.275000e-001,-1.765623e+003,-1.400103e+003, 3.388661e+003,-9.117224e+003,-4.991212e+001, 1.377243e+002,-9.549229e+003, 0.000000e+000, 0.000000e+000, 0.000000e+000
 3.275500e-001,-1.772617e+003,-1.429540e+003, 3.377444e+003,-9.132040e+003,-4.928401e+001, 1.372715e+002,-9.561925e+003, 0.000000e+000, 0.000000e+000, 0.000000e+000
 3.276000e-001,-1.709538e+003,-1.517031e+003, 3.400761e+003,-9.143547e+003,-4.859236e+001, 1.367442e+002,-9.570746e+003, 0.000000e+000, 0.000000e+000, 0.000000e+000
 3.276500e-001,-1.713904e+003,-1.543365e+003, 3.387087e+003,-9.151833e+003,-4.797577e+001, 1.361456e+002,-9.576682e+003, 0.000000e+000, 0.000000e+000, 0.000000e+000
 3.277000e-001,-1.651042e+003,-1.631636e+003, 3.407952e+003,-9.156800e+003,-4.730864e+001, 1.354789e+002,-9.578664e+003, 0.000000e+000, 0.000000e+000, 0.000000e+000
 3.277500e-001,-1.652724e+003,-1.655193e+003, 3.391934e+003,-9.158545e+003,-4.670216e+001, 1.347396e+002,-9.577832e+003, 0.000000e+000, 0.000000e+000, 0.000000e+000
 3.278000e-001,-1.590206e+003,-1.743745e+003, 3.410222e+003,-9.156967e+003,-4.605905e+001, 1.339387e+002,-9.572972e+003, 0.000000e+000, 0.000000e+000, 0.000000e+000
 3.278500e-001,-1.589168e+003,-1.764881e+003, 3.391962e+003,-9.152170e+003,-4.546118e+001, 1.330648e+002,-9.565371e+003, 0.000000e+000, 0.000000e+000, 0.000000e+000
 3.279000e-001,-1.527110e+003,-1.853187e+003, 3.407580e+003,-9.144050e+003,-4.484137e+001, 1.321354e+002,-9.553676e+003, 0.000000e+000, 0.000000e+000, 0.000000e+000
 3.279500e-001,-1.523336e+003,-1.872283e+003, 3.387159e+003,-9.132720e+003,-4.425063e+001, 1.311335e+002,-9.539317e+003, 0.000000e+000, 0.000000e+000, 0.000000e+000
 3.280000e-001,-1.461838e+003,-1.959801e+003, 3.400055e+003,-9.118071e+003,-4.365305e+001, 1.300804e+002,-9.520805e+003, 0.000000e+000, 0.000000e+000, 0.000000e+000
 3.280500e-001,-1.455326e+003,-1.977257e+003, 3.377521e+003,-9.100225e+003,-4.306756e+001, 1.289564e+002,-9.499712e+003, 0.000000e+000, 0.000000e+000, 0.000000e+000
 3.281000e-001,-1.394475e+003,-2.063437e+003, 3.387684e+003,-9.079072e+003,-4.249020e+001, 1.277836e+002,-9.474411e+003, 0.000000e+000, 0.000000e+000, 0.000000e+000
 3.281500e-001,-1.385240e+003,-2.079667e+003, 3.363042e+003,-9.054735e+003,-4.190707e+001, 1.265427e+002,-9.446615e+003, 0.000000e+000, 0.000000e+000, 0.000000e+000
 3.282000e-001,-1.325112e+003,-2.163960e+003, 3.370509e+003,-9.027109e+003,-4.134631e+001, 1.252541e+002,-9.414566e+003, 0.000000e+000, 0.000000e+000, 0.000000e+000
 3.282500e-001,-1.313177e+003,-2.179382e+003, 3.343714e+003,-8.996320e+003,-4.076099e+001, 1.239021e+002,-9.380104e+003, 0.000000e+000, 0.000000e+000, 0.000000e+000
 3.283000e-001,-1.253835e+003,-2.261243e+003, 3.348570e+003,-8.962263e+003,-4.021109e+001, 1.225025e+002,-9.341353e+003, 0.000000e+000, 0.000000e+000, 0.000000e+000
 3.283500e-001,-1.239236e+003,-2.276270e+003, 3.319527e+003,-8.925066e+003,-3.961721e+001, 1.210470e+002,-9.300269e+003, 0.000000e+000, 0.000000e+000, 0.000000e+000
 3.284000e-001,-1.180736e+003,-2.355169e+003, 3.321906e+003,-8.884630e+003,-3.907040e+001, 1.195435e+002,-9.254865e+003, 0.000000e+000, 0.000000e+000, 0.000000e+000
 3.284500e-001,-1.163518e+003,-2.370196e+003, 3.290472e+003,-8.841084e+003,-3.846005e+001, 1.179945e+002,-9.207205e+003, 0.000000e+000, 0.000000e+000, 0.000000e+000
 3.285000e-001,-1.105909e+003,-2.445623e+003, 3.290560e+003,-8.794330e+003,-3.790708e+001, 1.163967e+002,-9.155206e+003, 0.000000e+000, 0.000000e+000, 0.000000e+000
 3.285500e-001,-1.086129e+003,-2.461020e+003, 3.256553e+003,-8.744502e+003,-3.727163e+001, 1.147665e+002,-9.101023e+003, 0.000000e+000, 0.000000e+000, 0.000000e+000
 3.286000e-001,-1.029452e+003,-2.532494e+003, 3.254584e+003,-8.691502e+003,-3.670264e+001, 1.130863e+002,-9.042491e+003, 0.000000e+000, 0.000000e+000, 0.000000e+000
 3.286500e-001,-1.007178e+003,-2.548592e+003, 3.217792e+003,-8.635467e+003,-3.603366e+001, 1.113884e+002,-8.981848e+003, 0.000000e+000, 0.000000e+000, 0.000000e+000
 3.287000e-001,-9.514719e+002,-2.615673e+003, 3.214044e+003,-8.576302e+003,-3.543917e+001, 1.096385e+002,-8.916859e+003, 0.000000e+000, 0.000000e+000, 0.000000e+000
 3.287500e-001,-9.267847e+002,-2.632761e+003, 3.174235e+003,-8.514144e+003,-3.472925e+001, 1.078864e+002,-8.849829e+003, 0.000000e+000, 0.000000e+000, 0.000000e+000
 3.288000e-001,-8.720778e+002,-2.695057e+003, 3.169015e+003,-8.448902e+003,-3.410072e+001, 1.060789e+002,-8.778474e+003, 0.000000e+000, 0.000000e+000, 0.000000e+000
 3.288500e-001,-8.450710e+002,-2.713370e+003, 3.125951e+003,-8.380715e+003,-3.334387e+001, 1.042842e+002,-8.705144e+003, 0.000000e+000, 0.000000e+000, 0.000000e+000
 3.289000e-001,-7.913839e+002,-2.770552e+003, 3.119581e+003,-8.309494e+003,-3.267393e+001, 1.024296e+002,-8.627524e+003, 0.000000e+000, 0.000000e+000, 0.000000e+000
 3.289500e-001,-7.621634e+002,-2.790269e+003, 3.073027e+003,-8.235377e+003,-3.186552e+001, 1.006014e+002,-8.547997e+003, 0.000000e+000, 0.000000e+000, 0.000000e+000
 3.290000e-001,-7.095056e+002,-2.842075e+003, 3.065826e+003,-8.158283e+003,-3.114780e+001, 9.870805e+001,-8.464233e+003, 0.000000e+000, 0.000000e+000, 0.000000e+000
 3.290500e-001,-6.781903e+002,-2.863308e+003, 3.015563e+003,-8.078344e+003,-3.028424e+001, 9.685305e+001,-8.378623e+003, 0.000000e+000, 0.000000e+000, 0.000000e+000
 3.291000e-001,-6.265579e+002,-2.909554e+003, 3.007827e+003,-7.995488e+003,-2.951306e+001, 9.492760e+001,-8.288842e+003, 0.000000e+000, 0.000000e+000, 0.000000e+000
 3.291500e-001,-5.932806e+002,-2.932347e+003, 2.953668e+003,-7.909844e+003,-2.859150e+001, 9.305053e+001,-8.197271e+003, 0.000000e+000, 0.000000e+000, 0.000000e+000
 3.292000e-001,-5.426556e+002,-2.972925e+003, 2.945654e+003,-7.821346e+003,-2.776171e+001, 9.109860e+001,-8.101609e+003, 0.000000e+000, 0.000000e+000, 0.000000e+000
 3.292500e-001,-5.075641e+002,-2.997245e+003, 2.887460e+003,-7.730121e+003,-2.677996e+001, 8.920303e+001,-8.004207e+003, 0.000000e+000, 0.000000e+000, 0.000000e+000
 3.293000e-001,-4.579137e+002,-3.032128e+003, 2.879371e+003,-7.636109e+003,-2.588717e+001, 8.722993e+001,-7.902805e+003, 0.000000e+000, 0.000000e+000, 0.000000e+000
 3.293500e-001,-4.211720e+002,-3.057866e+003, 2.817067e+003,-7.539433e+003,-2.484402e+001, 8.531879e+001,-7.799707e+003, 0.000000e+000, 0.000000e+000, 0.000000e+000
 3.294000e-001,-3.724486e+002,-3.087107e+003, 2.809043e+003,-7.440042e+003,-2.388510e+001, 8.332964e+001,-7.692712e+003, 0.000000e+000, 0.000000e+000, 0.000000e+000
 3.294500e-001,-3.342380e+002,-3.114078e+003, 2.742630e+003,-7.338054e+003,-2.278086e+001, 8.140516e+001,-7.584059e+003, 0.000000e+000, 0.000000e+000, 0.000000e+000
 3.295000e-001,-2.863800e+002,-3.137805e+003, 2.734735e+003,-7.233428e+003,-2.175456e+001, 7.940454e+001,-7.471625e+003, 0.000000e+000, 0.000000e+000, 0.000000e+000
 3.295500e-001,-2.468984e+002,-3.165748e+003, 2.664306e+003,-7.126273e+003,-2.059158e+001, 7.746780e+001,-7.357568e+003, 0.000000e+000, 0.000000e+000, 0.000000e+000
 3.296000e-001,-1.998304e+002,-3.184166e+003, 2.656521e+003,-7.016560e+003,-1.949906e+001, 7.545904e+001,-7.239861e+003, 0.000000e+000, 0.000000e+000, 0.000000e+000
 3.296500e-001,-1.592910e+002,-3.212757e+003, 2.582266e+003,-6.904389e+003,-1.828193e+001, 7.350928e+001,-7.120561e+003, 0.000000e+000, 0.000000e+000, 0.000000e+000
 3.297000e-001,-1.129243e+002,-3.226136e+003, 2.574483e+003,-6.789745e+003,-1.712677e+001, 7.149377e+001,-6.997755e+003, 0.000000e+000, 0.000000e+000, 0.000000e+000
 3.297500e-001,-7.155368e+001,-3.254995e+003, 2.496689e+003,-6.672716e+003,-1.586206e+001, 6.952808e+001,-6.873387e+003, 0.000000e+000, 0.000000e+000, 0.000000e+000
 3.298000e-001,-2.578715e+001,-3.263672e+003, 2.488706e+003,-6.553301e+003,-1.464981e+001, 6.750508e+001,-6.745669e+003, 0.000000e+000, 0.000000e+000, 0.000000e+000
 3.298500e-001, 1.617837e+001,-3.292370e+003, 2.407757e+003,-6.431579e+003,-1.334534e+001, 6.551860e+001,-6.616418e+003, 0.000000e+000, 0.000000e+000, 0.000000e+000
 3.299000e-001, 6.145658e+001,-3.296733e+003, 2.399277e+003,-6.307560e+003,-1.208271e+001, 6.348563e+001,-6.483985e+003, 0.000000e+000, 0.000000e+000, 0.000000e+000
 3.299500e-001, 1.037739e+002,-3.324810e+003, 2.315648e+003,-6.181314e+003,-1.074662e+001, 6.147235e+001,-6.350047e+003, 0.000000e+000, 0.000000e+000, 0.000000e+000
 3.300000e-001, 1.486840e+002,-3.325291e+003, 2.306285e+003,-6.052865e+003,-9.440590e+000, 5.942606e+001,-6.213102e+003, 0.000000e+000, 0.000000e+000, 0.000000e+000
 3.300500e-001, 1.911065e+002,-3.352261e+003, 2.220532e+003,-5.922272e+003,-8.080499e+000, 5.737995e+001,-6.074678e+003, 0.000000e+000, 0.000000e+000, 0.000000e+000
 3.301000e-001, 2.357733e+002,-3.349317e+003, 2.209822e+003,-5.789572e+003,-6.737663e+000, 5.531717e+001,-5.933428e+003, 0.000000e+000, 0.000000e+000, 0.000000e+000
 3.301500e-001, 2.780538e+002,-3.374685e+003, 2.122573e+003,-5.654814e+003,-5.360204e+000, 5.323319e+001,-5.790723e+003, 0.000000e+000, 0.000000e+000, 0.000000e+000
 3.302000e-001, 3.226026e+002,-3.368788e+003, 2.109985e+003,-5.518051e+003,-3.986573e+000, 5.115160e+001,-5.645378e+003, 0.000000e+000, 0.000000e+000, 0.000000e+000
 3.302500e-001, 3.644966e+002,-3.392055e+003, 2.021927e+003,-5.379318e+003,-2.597406e+000, 4.902631e+001,-5.498601e+003, 0.000000e+000, 0.000000e+000, 0.000000e+000
 3.303000e-001, 4.090484e+002,-3.383676e+003, 2.006881e+003,-5.238681e+003,-1.198630e+000, 4.692465e+001,-5.349374e+003, 0.000000e+000, 0.000000e+000, 0.000000e+000
 3.303500e-001, 4.503175e+002,-3.404355e+003, 1.918748e+003,-5.096168e+003, 1.971765e-001, 4.475615e+001,-5.198737e+003, 0.000000e+000, 0.000000e+000, 0.000000e+000
 3.304000e-001, 4.949842e+002,-3.393948e+003, 1.900638e+003,-4.951857e+003, 1.615343e+000, 4.263392e+001,-5.045842e+003, 0.000000e+000, 0.000000e+000, 0.000000e+000
 3.304500e-001, 5.353999e+002,-3.411581e+003, 1.813187e+003,-4.805765e+003, 3.012813e+000, 4.042141e+001,-4.891562e+003, 0.000000e+000, 0.000000e+000, 0.000000e+000
 3.305000e-001, 5.802807e+002,-3.399573e+003, 1.791400e+003,-4.657981e+003, 4.444090e+000, 3.827814e+001,-4.735217e+003, 0.000000e+000, 0.000000e+000, 0.000000e+000
 3.305500e-001, 6.196293e+002,-3.413736e+003, 1.705395e+003,-4.508515e+003, 5.838026e+000, 3.602129e+001,-4.577517e+003, 0.000000e+000, 0.000000e+000, 0.000000e+000
 3.306000e-001, 6.648069e+002,-3.400516e+003, 1.679330e+003,-4.357468e+003, 7.275488e+000, 3.385603e+001,-4.417948e+003, 0.000000e+000, 0.000000e+000, 0.000000e+000
 3.306500e-001, 7.028936e+002,-3.410840e+003, 1.595519e+003,-4.204838e+003, 8.660505e+000, 3.155456e+001,-4.257058e+003, 0.000000e+000, 0.000000e+000, 0.000000e+000
 3.307000e-001, 7.484314e+002,-3.396749e+003, 1.564606e+003,-4.050738e+003, 1.009686e+001, 2.936567e+001,-4.094492e+003, 0.000000e+000, 0.000000e+000, 0.000000e+000
 3.307500e-001, 7.850852e+002,-3.402927e+003, 1.483693e+003,-3.895160e+003, 1.146778e+001, 2.701941e+001,-3.930644e+003, 0.000000e+000, 0.000000e+000, 0.000000e+000
 3.308000e-001, 8.310243e+002,-3.388249e+003, 1.447418e+003,-3.738223e+003, 1.289592e+001, 2.480479e+001,-3.765313e+003, 0.000000e+000, 0.000000e+000, 0.000000e+000
 3.308500e-001, 8.661016e+002,-3.390047e+003, 1.370047e+003,-3.579916e+003, 1.424836e+001, 2.241408e+001,-3.598745e+003, 0.000000e+000, 0.000000e+000, 0.000000e+000
 3.309000e-001, 9.124583e+002,-3.375002e+003, 1.327961e+003,-3.420364e+003, 1.566203e+001, 2.017185e+001,-3.430878e+003, 0.000000e+000, 0.000000e+000, 0.000000e+000
 3.309500e-001, 9.458453e+002,-3.372264e+003, 1.254694e+003,-3.259551e+003, 1.699286e+001, 1.773814e+001,-3.261828e+003, 0.000000e+000, 0.000000e+000, 0.000000e+000
 3.310000e-001, 9.926082e+002,-3.357000e+003, 1.206440e+003,-3.097607e+003, 1.838705e+001, 1.546728e+001,-3.091656e+003, 0.000000e+000, 0.000000e+000, 0.000000e+000
 3.310500e-001, 1.024223e+003,-3.349652e+003, 1.137741e+003,-2.934517e+003, 1.969464e+001, 1.299365e+001,-2.920359e+003, 0.000000e+000, 0.000000e+000, 0.000000e+000
 3.311000e-001, 1.071351e+003,-3.334240e+003, 1.083066e+003,-2.770411e+003, 2.106567e+001, 1.069441e+001,-2.748111e+003, 0.000000e+000, 0.000000e+000, 0.000000e+000
 3.311500e-001, 1.101142e+003,-3.322288e+003, 1.019293e+003,-2.605275e+003, 2.234963e+001, 8.185654e+000,-2.574805e+003, 0.000000e+000, 0.000000e+000, 0.000000e+000
 3.312000e-001, 1.148565e+003,-3.306723e+003, 9.580578e+002,-2.439240e+003, 2.369490e+001, 5.859596e+000,-2.400707e+003, 0.000000e+000, 0.000000e+000, 0.000000e+000
 3.312500e-001, 1.176514e+003,-3.290255e+003, 8.994528e+002,-2.272294e+003, 2.495560e+001, 3.321910e+000,-2.225631e+003, 0.000000e+000, 0.000000e+000, 0.000000e+000
 3.313000e-001, 1.224129e+003,-3.274452e+003, 8.316448e+002,-2.104565e+003, 2.627307e+001, 9.715473e-001,-2.049913e+003, 0.000000e+000, 0.000000e+000, 0.000000e+000
 3.313500e-001, 1.250247e+003,-3.253635e+003, 7.783286e+002,-1.936047e+003, 2.751107e+001,-1.588090e+000,-1.873307e+003, 0.000000e+000, 0.000000e+000, 0.000000e+000
 3.314000e-001, 1.297923e+003,-3.237438e+003, 7.040622e+002,-1.766863e+003, 2.879883e+001,-3.959800e+000,-1.696201e+003, 0.000000e+000, 0.000000e+000, 0.000000e+000
 3.314500e-001, 1.322250e+003,-3.212512e+003, 6.560352e+002,-1.597014e+003, 3.001445e+001,-6.534262e+000,-1.518313e+003, 0.000000e+000, 0.000000e+000, 0.000000e+000
 3.315000e-001, 1.369830e+003,-3.195702e+003, 5.755485e+002,-1.426615e+003, 3.127050e+001,-8.924329e+000,-1.340056e+003, 0.000000e+000, 0.000000e+000, 0.000000e+000
 3.315500e-001, 1.392432e+003,-3.166971e+003, 5.326934e+002,-1.255677e+003, 3.246369e+001,-1.150676e+001,-1.161137e+003, 0.000000e+000, 0.000000e+000, 0.000000e+000
 3.316000e-001, 1.439737e+003,-3.149273e+003, 4.463412e+002,-1.084307e+003, 3.368606e+001,-1.391227e+001,-9.819708e+002, 0.000000e+000, 0.000000e+000, 0.000000e+000
 3.316500e-001, 1.460704e+003,-3.117100e+003, 4.084294e+002,-9.125244e+002, 3.485652e+001,-1.649620e+001,-8.022764e+002, 0.000000e+000, 0.000000e+000, 0.000000e+000
 3.317000e-001, 1.507537e+003,-3.098199e+003, 3.166711e+002,-7.404268e+002, 3.604354e+001,-1.891412e+001,-6.224464e+002, 0.000000e+000, 0.000000e+000, 0.000000e+000
 3.317500e-001, 1.526977e+003,-3.062991e+003, 2.833750e+002,-5.680440e+002, 3.719104e+001,-2.149325e+001,-4.422345e+002, 0.000000e+000, 0.000000e+000, 0.000000e+000
 3.318000e-001, 1.573128e+003,-3.042541e+003, 1.867607e+002,-3.954640e+002, 3.834168e+001,-2.392009e+001,-2.619861e+002, 0.000000e+000, 0.000000e+000, 0.000000e+000
 3.318500e-001, 1.591164e+003,-3.004736e+003, 1.576689e+002,-2.227277e+002, 3.946622e+001,-2.648806e+001,-8.151458e+001, 0.000000e+000, 0.000000e+000, 0.000000e+000
 3.319000e-001, 1.636417e+003,-2.982373e+003, 5.682238e+001,-4.991177e+001, 4.058019e+001,-2.891955e+001, 9.890637e+001, 0.000000e+000, 0.000000e+000, 0.000000e+000
 3.319500e-001, 1.653177e+003,-2.942423e+003, 3.145901e+001, 1.229311e+002, 4.168200e+001,-3.146983e+001, 2.793810e+002, 0.000000e+000, 0.000000e+000, 0.000000e+000
 3.320000e-001, 1.697313e+003,-2.917782e+003,-7.294035e+001, 2.957361e+002, 4.275960e+001,-3.390091e+001, 4.597294e+002, 0.000000e+000, 0.000000e+000, 0.000000e+000
 3.320500e-001, 1.712930e+003,-2.876139e+003,-9.509494e+001, 4.684385e+002, 4.383880e+001,-3.642695e+001, 6.399520e+002, 0.000000e+000, 0.000000e+000, 0.000000e+000
 3.321000e-001, 1.755732e+003,-2.848864e+003,-2.023316e+002, 6.409852e+002, 4.488049e+001,-3.885202e+001, 8.199829e+002, 0.000000e+000, 0.000000e+000, 0.000000e+000
 3.321500e-001, 1.770333e+003,-2.805965e+003,-2.218195e+002, 8.133004e+002, 4.593664e+001,-4.134766e+001, 9.996990e+002, 0.000000e+000, 0.000000e+000, 0.000000e+000
 3.322000e-001, 1.811595e+003,-2.775724e+003,-3.311622e+002, 9.853421e+002, 4.694248e+001,-4.376105e+001, 1.179166e+003, 0.000000e+000, 0.000000e+000, 0.000000e+000
 3.322500e-001, 1.825296e+003,-2.731977e+003,-3.485280e+002, 1.157024e+003, 4.797411e+001,-4.622098e+001, 1.358121e+003, 0.000000e+000, 0.000000e+000, 0.000000e+000
 3.323000e-001, 1.864825e+003,-2.698476e+003,-4.592502e+002, 1.328315e+003, 4.894342e+001,-4.861742e+001, 1.536777e+003, 0.000000e+000, 0.000000e+000, 0.000000e+000
 3.323500e-001, 1.877732e+003,-2.654252e+003,-4.750224e+002, 1.499119e+003, 4.994780e+001,-5.103750e+001, 1.714715e+003, 0.000000e+000, 0.000000e+000, 0.000000e+000
 3.324000e-001, 1.915353e+003,-2.617246e+003,-5.864224e+002, 1.669415e+003, 5.087899e+001,-5.341237e+001, 1.892309e+003, 0.000000e+000, 0.000000e+000, 0.000000e+000
 3.324500e-001, 1.927553e+003,-2.572867e+003,-6.010976e+002, 1.839099e+003, 5.185227e+001,-5.578965e+001, 2.068975e+003, 0.000000e+000, 0.000000e+000, 0.000000e+000
 3.325000e-001, 1.963113e+003,-2.532172e+003,-7.125156e+002, 2.008158e+003, 5.274308e+001,-5.813887e+001, 2.245254e+003, 0.000000e+000, 0.000000e+000, 0.000000e+000
 3.325500e-001, 1.974675e+003,-2.487904e+003,-7.265451e+002, 2.176480e+003, 5.368070e+001,-6.047126e+001, 2.420392e+003, 0.000000e+000, 0.000000e+000, 0.000000e+000
 3.326000e-001, 2.008048e+003,-2.443402e+003,-8.373773e+002, 2.344060e+003, 5.452865e+001,-6.279098e+001, 2.595106e+003, 0.000000e+000, 0.000000e+000, 0.000000e+000
 3.326500e-001, 2.019021e+003,-2.399452e+003,-8.511560e+002, 2.510783e+003, 5.542594e+001,-6.507671e+001, 2.768464e+003, 0.000000e+000, 0.000000e+000, 0.000000e+000
 3.327000e-001, 2.050106e+003,-2.351098e+003,-9.608645e+002, 2.676646e+003, 5.622880e+001,-6.736286e+001, 2.941362e+003, 0.000000e+000, 0.000000e+000, 0.000000e+000
 3.327500e-001, 2.060518e+003,-2.307607e+003,-9.747227e+002, 2.841532e+003, 5.708146e+001,-6.959995e+001, 3.112691e+003, 0.000000e+000, 0.000000e+000, 0.000000e+000
 3.328000e-001, 2.089240e+003,-2.255429e+003,-1.082841e+003, 3.005442e+003, 5.783760e+001,-7.184789e+001, 3.283527e+003, 0.000000e+000, 0.000000e+000, 0.000000e+000
 3.328500e-001, 2.099096e+003,-2.212471e+003,-1.097039e+003, 3.168257e+003, 5.864201e+001,-7.403381e+001, 3.452585e+003, 0.000000e+000, 0.000000e+000, 0.000000e+000
 3.329000e-001, 2.125408e+003,-2.156567e+003,-1.203175e+003, 3.329980e+003, 5.935046e+001,-7.623829e+001, 3.621114e+003, 0.000000e+000, 0.000000e+000, 0.000000e+000
 3.329500e-001, 2.134694e+003,-2.114152e+003,-1.217901e+003, 3.490491e+003, 6.010368e+001,-7.836994e+001, 3.787663e+003, 0.000000e+000, 0.000000e+000, 0.000000e+000
 3.330000e-001, 2.158570e+003,-2.054688e+003,-1.321732e+003, 3.649797e+003, 6.076392e+001,-8.052528e+001, 3.953647e+003, 0.000000e+000, 0.000000e+000, 0.000000e+000
 3.330500e-001, 2.167253e+003,-2.012760e+003,-1.337106e+003, 3.807777e+003, 6.146347e+001,-8.259918e+001, 4.117452e+003, 0.000000e+000, 0.000000e+000, 0.000000e+000
 3.331000e-001, 2.188687e+003,-1.949966e+003,-1.438377e+003, 3.964437e+003, 6.207516e+001,-8.469965e+001, 4.280653e+003, 0.000000e+000, 0.000000e+000, 0.000000e+000
 3.331500e-001, 2.196717e+003,-1.908412e+003,-1.454453e+003, 4.119661e+003, 6.271877e+001,-8.671226e+001, 4.441485e+003, 0.000000e+000, 0.000000e+000, 0.000000e+000
 3.332000e-001, 2.215722e+003,-1.842574e+003,-1.552970e+003, 4.273452e+003, 6.328142e+001,-8.875248e+001, 4.601668e+003, 0.000000e+000, 0.000000e+000, 0.000000e+000
 3.332500e-001, 2.223039e+003,-1.801231e+003,-1.569749e+003, 4.425698e+003, 6.386687e+001,-9.070039e+001, 4.759300e+003, 0.000000e+000, 0.000000e+000, 0.000000e+000
 3.333000e-001, 2.239643e+003,-1.732685e+003,-1.665371e+003, 4.576400e+003, 6.437980e+001,-9.267550e+001, 4.916233e+003, 0.000000e+000, 0.000000e+000, 0.000000e+000
 3.333500e-001, 2.246176e+003,-1.691349e+003,-1.682807e+003, 4.725452e+003, 6.490498e+001,-9.455550e+001, 5.070444e+003, 0.000000e+000, 0.000000e+000, 0.000000e+000
 3.334000e-001, 2.260417e+003,-1.620474e+003,-1.775437e+003, 4.872851e+003, 6.536736e+001,-9.646111e+001, 5.223898e+003, 0.000000e+000, 0.000000e+000, 0.000000e+000
 3.334500e-001, 2.266094e+003,-1.578908e+003,-1.793450e+003, 5.018496e+003, 6.583049e+001,-9.827000e+001, 5.374472e+003, 0.000000e+000, 0.000000e+000, 0.000000e+000
 3.335000e-001, 2.278017e+003,-1.506116e+003,-1.883023e+003, 5.162381e+003, 6.624171e+001,-1.001020e+002, 5.524225e+003, 0.000000e+000, 0.000000e+000, 0.000000e+000
 3.335500e-001, 2.282764e+003,-1.464060e+003,-1.901514e+003, 5.304411e+003, 6.664167e+001,-1.018363e+002, 5.670952e+003, 0.000000e+000, 0.000000e+000, 0.000000e+000
 3.336000e-001, 2.292420e+003,-1.389787e+003,-1.987987e+003, 5.444578e+003, 6.700154e+001,-1.035906e+002, 5.816788e+003, 0.000000e+000, 0.000000e+000, 0.000000e+000
 3.336500e-001, 2.296167e+003,-1.346967e+003,-2.006843e+003, 5.582790e+003, 6.733810e+001,-1.052465e+002, 5.959467e+003, 0.000000e+000, 0.000000e+000, 0.000000e+000
 3.337000e-001, 2.303605e+003,-1.271660e+003,-2.090183e+003, 5.719038e+003, 6.764708e+001,-1.069188e+002, 6.101178e+003, 0.000000e+000, 0.000000e+000, 0.000000e+000
 3.337500e-001, 2.306289e+003,-1.227800e+003,-2.109292e+003, 5.853235e+003, 6.792094e+001,-1.084920e+002, 6.239617e+003, 0.000000e+000, 0.000000e+000, 0.000000e+000
 3.338000e-001, 2.311554e+003,-1.151909e+003,-2.189466e+003, 5.985369e+003, 6.818005e+001,-1.100782e+002, 6.377004e+003, 0.000000e+000, 0.000000e+000, 0.000000e+000
 3.338500e-001, 2.313120e+003,-1.106733e+003,-2.208720e+003, 6.115357e+003, 6.839272e+001,-1.115642e+002, 6.511020e+003, 0.000000e+000, 0.000000e+000, 0.000000e+000
 3.339000e-001, 2.316253e+003,-1.030701e+003,-2.285687e+003, 6.243188e+003, 6.860336e+001,-1.130603e+002, 6.643890e+003, 0.000000e+000, 0.000000e+000, 0.000000e+000
 3.339500e-001, 2.316658e+003,-9.839478e+002,-2.304992e+003, 6.368782e+003, 6.875684e+001,-1.144549e+002, 6.773304e+003, 0.000000e+000, 0.000000e+000, 0.000000e+000
 3.340000e-001, 2.317689e+003,-9.082002e+002,-2.378698e+003, 6.492126e+003, 6.892047e+001,-1.158573e+002, 6.901470e+003, 0.000000e+000, 0.000000e+000, 0.000000e+000
 3.340500e-001, 2.316902e+003,-8.596272e+002,-2.397979e+003, 6.613146e+003, 6.901694e+001,-1.171566e+002, 7.026111e+003, 0.000000e+000, 0.000000e+000, 0.000000e+000
 3.341000e-001, 2.315855e+003,-7.845684e+002,-2.468351e+003, 6.731827e+003, 6.913484e+001,-1.184626e+002, 7.149394e+003, 0.000000e+000, 0.000000e+000, 0.000000e+000
 3.341500e-001, 2.313858e+003,-7.339597e+002,-2.487554e+003, 6.848098e+003, 6.917644e+001,-1.196637e+002, 7.269095e+003, 0.000000e+000, 0.000000e+000, 0.000000e+000
 3.342000e-001, 2.310745e+003,-6.599650e+002,-2.554504e+003, 6.961945e+003, 6.924967e+001,-1.208712e+002, 7.387317e+003, 0.000000e+000, 0.000000e+000, 0.000000e+000
 3.342500e-001, 2.307536e+003,-6.071376e+002,-2.573597e+003, 7.073301e+003, 6.923849e+001,-1.219716e+002, 7.501919e+003, 0.000000e+000, 0.000000e+000, 0.000000e+000
 3.343000e-001, 2.302361e+003,-5.345498e+002,-2.637021e+003, 7.182152e+003, 6.926793e+001,-1.230792e+002, 7.614911e+003, 0.000000e+000, 0.000000e+000, 0.000000e+000
 3.343500e-001, 2.297949e+003,-4.793584e+002,-2.655995e+003, 7.288433e+003, 6.920612e+001,-1.240770e+002, 7.724258e+003, 0.000000e+000, 0.000000e+000, 0.000000e+000
 3.344000e-001, 2.290708e+003,-4.084837e+002,-2.715774e+003, 7.392132e+003, 6.919267e+001,-1.250833e+002, 7.831858e+003, 0.000000e+000, 0.000000e+000, 0.000000e+000
 3.344500e-001, 2.285116e+003,-3.508230e+002,-2.734636e+003, 7.493185e+003, 6.908257e+001,-1.259770e+002, 7.935801e+003, 0.000000e+000, 0.000000e+000, 0.000000e+000
 3.345000e-001, 2.275801e+003,-2.819285e+002,-2.790647e+003, 7.591584e+003, 6.902735e+001,-1.268810e+002, 8.037855e+003, 0.000000e+000, 0.000000e+000, 0.000000e+000
 3.345500e-001, 2.269062e+003,-2.217349e+002,-2.809417e+003, 7.687263e+003, 6.887163e+001,-1.276691e+002, 8.136255e+003, 0.000000e+000, 0.000000e+000, 0.000000e+000
 3.346000e-001, 2.257656e+003,-1.550466e+002,-2.861529e+003, 7.780220e+003, 6.877602e+001,-1.284695e+002, 8.232617e+003, 0.000000e+000, 0.000000e+000, 0.000000e+000
 3.346500e-001, 2.249811e+003,-9.229752e+001,-2.880229e+003, 7.870389e+003, 6.857754e+001,-1.291509e+002, 8.325340e+003, 0.000000e+000, 0.000000e+000, 0.000000e+000
 3.347000e-001, 2.236297e+003,-2.799987e+001,-2.928319e+003, 7.957771e+003, 6.844311e+001,-1.298467e+002, 8.415872e+003, 0.000000e+000, 0.000000e+000, 0.000000e+000
 3.347500e-001, 2.227393e+003, 3.728729e+001,-2.946970e+003, 8.042298e+003, 6.820477e+001,-1.304209e+002, 8.502792e+003, 0.000000e+000, 0.000000e+000, 0.000000e+000
 3.348000e-001, 2.211753e+003, 9.905106e+001,-2.990921e+003, 8.123979e+003, 6.803297e+001,-1.310114e+002, 8.587366e+003, 0.000000e+000, 0.000000e+000, 0.000000e+000
 3.348500e-001, 2.201839e+003, 1.668207e+002,-3.009535e+003, 8.202745e+003, 6.775739e+001,-1.314785e+002, 8.668363e+003, 0.000000e+000, 0.000000e+000, 0.000000e+000
 3.349000e-001, 2.184056e+003, 2.259466e+002,-3.049250e+003, 8.278606e+003, 6.754932e+001,-1.319637e+002, 8.746858e+003, 0.000000e+000, 0.000000e+000, 0.000000e+000
 3.349500e-001, 2.173181e+003, 2.961068e+002,-3.067822e+003, 8.351498e+003, 6.723850e+001,-1.323248e+002, 8.821818e+003, 0.000000e+000, 0.000000e+000, 0.000000e+000
 3.350000e-001, 2.153245e+003, 3.525274e+002,-3.103225e+003, 8.421433e+003, 6.699468e+001,-1.327056e+002, 8.894121e+003, 0.000000e+000, 0.000000e+000, 0.000000e+000
 3.350500e-001, 2.141455e+003, 4.249527e+002,-3.121730e+003, 8.488345e+003, 6.664994e+001,-1.329628e+002, 8.962936e+003, 0.000000e+000, 0.000000e+000, 0.000000e+000
 3.351000e-001, 2.119363e+003, 4.786333e+002,-3.152777e+003, 8.552252e+003, 6.637024e+001,-1.332408e+002, 9.028939e+003, 0.000000e+000, 0.000000e+000, 0.000000e+000
 3.351500e-001, 2.106702e+003, 5.531665e+002,-3.171168e+003, 8.613090e+003, 6.599216e+001,-1.333970e+002, 9.091507e+003, 0.000000e+000, 0.000000e+000, 0.000000e+000
 3.352000e-001, 2.082458e+003, 6.041019e+002,-3.197846e+003, 8.670879e+003, 6.567595e+001,-1.335743e+002, 9.151115e+003, 0.000000e+000, 0.000000e+000, 0.000000e+000
 3.352500e-001, 2.068965e+003, 6.805577e+002,-3.216050e+003, 8.725556e+003, 6.526461e+001,-1.336328e+002, 9.207341e+003, 0.000000e+000, 0.000000e+000, 0.000000e+000
 3.353000e-001, 2.042588e+003, 7.287687e+002,-3.238381e+003, 8.777145e+003, 6.491096e+001,-1.337118e+002, 9.260467e+003, 0.000000e+000, 0.000000e+000, 0.000000e+000
 3.353500e-001, 2.028293e+003, 8.069363e+002,-3.256301e+003, 8.825582e+003, 6.446617e+001,-1.336759e+002, 9.310264e+003, 0.000000e+000, 0.000000e+000, 0.000000e+000
 3.354000e-001, 1.999812e+003, 8.524666e+002,-3.274339e+003, 8.870897e+003, 6.407413e+001,-1.336589e+002, 9.356830e+003, 0.000000e+000, 0.000000e+000, 0.000000e+000
 3.354500e-001, 1.984740e+003, 9.321134e+002,-3.291855e+003, 8.913028e+003, 6.359569e+001,-1.335318e+002, 9.400120e+003, 0.000000e+000, 0.000000e+000, 0.000000e+000
 3.355000e-001, 1.954196e+003, 9.750277e+002,-3.305682e+003, 8.952005e+003, 6.316444e+001,-1.334209e+002, 9.440062e+003, 0.000000e+000, 0.000000e+000, 0.000000e+000
 3.355500e-001, 1.938364e+003, 1.055903e+003,-3.322653e+003, 8.987769e+003, 6.265224e+001,-1.332053e+002, 9.476775e+003, 0.000000e+000, 0.000000e+000, 0.000000e+000
 3.356000e-001, 1.905808e+003, 1.096284e+003,-3.332377e+003, 9.020352e+003, 6.218120e+001,-1.330027e+002, 9.510037e+003, 0.000000e+000, 0.000000e+000, 0.000000e+000
 3.356500e-001, 1.889227e+003, 1.178121e+003,-3.348646e+003, 9.049698e+003, 6.163525e+001,-1.327012e+002, 9.540112e+003, 0.000000e+000, 0.000000e+000, 0.000000e+000
 3.357000e-001, 1.854722e+003, 1.216070e+003,-3.354392e+003, 9.075840e+003, 6.112396e+001,-1.324089e+002, 9.566647e+003, 0.000000e+000, 0.000000e+000, 0.000000e+000
 3.357500e-001, 1.837394e+003, 1.298588e+003,-3.369796e+003, 9.098728e+003, 6.054432e+001,-1.320239e+002, 9.590032e+003, 0.000000e+000, 0.000000e+000, 0.000000e+000
 3.358000e-001, 1.801012e+003, 1.334220e+003,-3.371699e+003, 9.118392e+003, 5.999236e+001,-1.316442e+002, 9.609805e+003, 0.000000e+000, 0.000000e+000, 0.000000e+000
 3.358500e-001, 1.782935e+003, 1.417130e+003,-3.386071e+003, 9.134788e+003, 5.937895e+001,-1.311780e+002, 9.626451e+003, 0.000000e+000, 0.000000e+000, 0.000000e+000
 3.359000e-001, 1.744757e+003, 1.450573e+003,-3.384272e+003, 9.147947e+003, 5.878587e+001,-1.307132e+002, 9.639430e+003, 0.000000e+000, 0.000000e+000, 0.000000e+000
 3.359500e-001, 1.725926e+003, 1.533574e+003,-3.397454e+003, 9.157829e+003, 5.813860e+001,-1.301681e+002, 9.649299e+003, 0.000000e+000, 0.000000e+000, 0.000000e+000
 3.360000e-001, 1.686038e+003, 1.564967e+003,-3.392089e+003, 9.164464e+003, 5.750401e+001,-1.296206e+002, 9.655468e+003, 0.000000e+000, 0.000000e+000, 0.000000e+000
 3.360500e-001, 1.666445e+003, 1.647751e+003,-3.403938e+003, 9.167817e+003, 5.682282e+001,-1.289985e+002, 9.658529e+003, 0.000000e+000, 0.000000e+000, 0.000000e+000
 3.361000e-001, 1.624939e+003, 1.677242e+003,-3.395132e+003, 9.167919e+003, 5.614645e+001,-1.283708e+002, 9.657879e+003, 0.000000e+000, 0.000000e+000, 0.000000e+000
 3.361500e-001, 1.604577e+003, 1.759495e+003,-3.405528e+003, 9.164740e+003, 5.543138e+001,-1.276731e+002, 9.654115e+003, 0.000000e+000, 0.000000e+000, 0.000000e+000
 3.362000e-001, 1.561547e+003, 1.787240e+003,-3.393391e+003, 9.158309e+003, 5.471320e+001,-1.269672e+002, 9.646646e+003, 0.000000e+000, 0.000000e+000, 0.000000e+000
 3.362500e-001, 1.540411e+003, 1.868643e+003,-3.402239e+003, 9.148602e+003, 5.396455e+001,-1.261949e+002, 9.636048e+003, 0.000000e+000, 0.000000e+000, 0.000000e+000
 3.363000e-001, 1.495954e+003, 1.894804e+003,-3.386859e+003, 9.135646e+003, 5.320491e+001,-1.254123e+002, 9.621774e+003, 0.000000e+000, 0.000000e+000, 0.000000e+000
 3.363500e-001, 1.474040e+003, 1.975036e+003,-3.394095e+003, 9.119425e+003, 5.242335e+001,-1.245657e+002, 9.604343e+003, 0.000000e+000, 0.000000e+000, 0.000000e+000
 3.364000e-001, 1.428252e+003, 1.999778e+003,-3.375535e+003, 9.099964e+003, 5.162307e+001,-1.237074e+002, 9.583288e+003, 0.000000e+000, 0.000000e+000, 0.000000e+000
 3.364500e-001, 1.405561e+003, 2.078520e+003,-3.381125e+003, 9.077251e+003, 5.080959e+001,-1.227865e+002, 9.559037e+003, 0.000000e+000, 0.000000e+000, 0.000000e+000
 3.365000e-001, 1.358536e+003, 2.102013e+003,-3.359421e+003, 9.051312e+003, 4.996981e+001,-1.218534e+002, 9.531233e+003, 0.000000e+000, 0.000000e+000, 0.000000e+000
 3.365500e-001, 1.335072e+003, 2.178949e+003,-3.363363e+003, 9.022141e+003, 4.912557e+001,-1.208582e+002, 9.500183e+003, 0.000000e+000, 0.000000e+000, 0.000000e+000
 3.366000e-001, 1.286903e+003, 2.201359e+003,-3.338526e+003, 8.989760e+003, 4.824763e+001,-1.198512e+002, 9.465668e+003, 0.000000e+000, 0.000000e+000, 0.000000e+000
 3.366500e-001, 1.262676e+003, 2.276179e+003,-3.340850e+003, 8.954170e+003, 4.737399e+001,-1.187814e+002, 9.427851e+003, 0.000000e+000, 0.000000e+000, 0.000000e+000
 3.367000e-001, 1.213454e+003, 2.297673e+003,-3.312870e+003, 8.915395e+003, 4.645957e+001,-1.177012e+002, 9.386676e+003, 0.000000e+000, 0.000000e+000, 0.000000e+000
 3.367500e-001, 1.188476e+003, 2.370077e+003,-3.313625e+003, 8.873438e+003, 4.555795e+001,-1.165573e+002, 9.342136e+003, 0.000000e+000, 0.000000e+000, 0.000000e+000
 3.368000e-001, 1.138289e+003, 2.390814e+003,-3.282476e+003, 8.828321e+003, 4.460874e+001,-1.154049e+002, 9.294360e+003, 0.000000e+000, 0.000000e+000, 0.000000e+000
 3.368500e-001, 1.112578e+003, 2.460515e+003,-3.281736e+003, 8.780056e+003, 4.368041e+001,-1.141874e+002, 9.243151e+003, 0.000000e+000, 0.000000e+000, 0.000000e+000
 3.369000e-001, 1.061514e+003, 2.480646e+003,-3.247381e+003, 8.728664e+003, 4.269804e+001,-1.129639e+002, 9.188843e+003, 0.000000e+000, 0.000000e+000, 0.000000e+000
 3.369500e-001, 1.035092e+003, 2.547370e+003,-3.245231e+003, 8.674160e+003, 4.174420e+001,-1.116738e+002, 9.131029e+003, 0.000000e+000, 0.000000e+000, 0.000000e+000
 3.370000e-001, 9.832370e+002, 2.567034e+003,-3.207634e+003, 8.616565e+003, 4.073038e+001,-1.103803e+002, 9.070264e+003, 0.000000e+000, 0.000000e+000, 0.000000e+000
 3.370500e-001, 9.561284e+002, 2.630525e+003,-3.204163e+003, 8.555899e+003, 3.975220e+001,-1.090185e+002, 9.005922e+003, 0.000000e+000, 0.000000e+000, 0.000000e+000
 3.371000e-001, 9.035682e+002, 2.649847e+003,-3.163296e+003, 8.492185e+003, 3.870878e+001,-1.076557e+002, 8.938783e+003, 0.000000e+000, 0.000000e+000, 0.000000e+000
 3.371500e-001, 8.757994e+002, 2.709872e+003,-3.158589e+003, 8.425443e+003, 3.770757e+001,-1.062233e+002, 8.867998e+003, 0.000000e+000, 0.000000e+000, 0.000000e+000
 3.372000e-001, 8.226216e+002, 2.728958e+003,-3.114439e+003, 8.355698e+003, 3.663659e+001,-1.047915e+002, 8.794580e+003, 0.000000e+000, 0.000000e+000, 0.000000e+000
 3.372500e-001, 7.942198e+002, 2.785304e+003,-3.108564e+003, 8.282976e+003, 3.561375e+001,-1.032895e+002, 8.717449e+003, 0.000000e+000, 0.000000e+000, 0.000000e+000
 3.373000e-001, 7.405128e+002, 2.804242e+003,-3.061146e+003, 8.207300e+003, 3.451748e+001,-1.017889e+002, 8.637853e+003, 0.000000e+000, 0.000000e+000, 0.000000e+000
 3.373500e-001, 7.115048e+002, 2.856726e+003,-3.054148e+003, 8.128701e+003, 3.347452e+001,-1.002184e+002, 8.554481e+003, 0.000000e+000, 0.000000e+000, 0.000000e+000
 3.374000e-001, 6.573591e+002, 2.875583e+003,-3.003507e+003, 8.047201e+003, 3.235528e+001,-9.864915e+001, 8.468815e+003, 0.000000e+000, 0.000000e+000, 0.000000e+000
 3.374500e-001, 6.277699e+002, 2.924047e+003,-2.995399e+003, 7.962836e+003, 3.129364e+001,-9.701154e+001, 8.379319e+003, 0.000000e+000, 0.000000e+000, 0.000000e+000
 3.375000e-001, 5.732794e+002, 2.942867e+003,-2.941621e+003, 7.875629e+003, 3.015376e+001,-9.537388e+001, 8.287698e+003, 0.000000e+000, 0.000000e+000, 0.000000e+000
 3.375500e-001, 5.431317e+002, 2.987184e+003,-2.932378e+003, 7.785620e+003, 2.907483e+001,-9.367113e+001, 8.192203e+003, 0.000000e+000, 0.000000e+000, 0.000000e+000
 3.376000e-001, 4.883934e+002, 3.005989e+003,-2.875594e+003, 7.692830e+003, 2.791648e+001,-9.196576e+001, 8.094750e+003, 0.000000e+000, 0.000000e+000, 0.000000e+000
 3.376500e-001, 4.577069e+002, 3.046063e+003,-2.865149e+003, 7.597303e+003, 2.682139e+001,-9.020039e+001, 7.993391e+003, 0.000000e+000, 0.000000e+000, 0.000000e+000
 3.377000e-001, 4.028221e+002, 3.064849e+003,-2.805540e+003, 7.499062e+003, 2.564649e+001,-8.842850e+001, 7.890235e+003, 0.000000e+000, 0.000000e+000, 0.000000e+000
 3.377500e-001, 3.716137e+002, 3.100615e+003,-2.793781e+003, 7.398155e+003, 2.453607e+001,-8.660352e+001, 7.783154e+003, 0.000000e+000, 0.000000e+000, 0.000000e+000
 3.378000e-001, 3.166878e+002, 3.119353e+003,-2.731581e+003, 7.294603e+003, 2.334622e+001,-8.476665e+001, 7.674433e+003, 0.000000e+000, 0.000000e+000, 0.000000e+000
 3.378500e-001, 2.849714e+002, 3.150774e+003,-2.718353e+003, 7.188460e+003, 2.222107e+001,-8.288535e+001, 7.561783e+003, 0.000000e+000, 0.000000e+000, 0.000000e+000
 3.379000e-001, 2.301137e+002, 3.169416e+003,-2.653844e+003, 7.079745e+003, 2.101760e+001,-8.098529e+001, 7.447641e+003, 0.000000e+000, 0.000000e+000, 0.000000e+000
 3.379500e-001, 1.979010e+002, 3.196484e+003,-2.638947e+003, 6.968518e+003, 1.987813e+001,-7.905096e+001, 7.329583e+003, 0.000000e+000, 0.000000e+000, 0.000000e+000
 3.380000e-001, 1.432237e+002, 3.214955e+003,-2.572460e+003, 6.854795e+003, 1.866223e+001,-7.708958e+001, 7.210172e+003, 0.000000e+000, 0.000000e+000, 0.000000e+000
 3.380500e-001, 1.105249e+002, 3.237689e+003,-2.555660e+003, 6.738643e+003, 1.750876e+001,-7.510542e+001, 7.086876e+003, 0.000000e+000, 0.000000e+000, 0.000000e+000
 3.381000e-001, 5.614195e+001, 3.255898e+003,-2.487566e+003, 6.620075e+003, 1.628145e+001,-7.308466e+001, 6.962357e+003, 0.000000e+000, 0.000000e+000, 0.000000e+000
 3.381500e-001, 2.296683e+001, 3.274340e+003,-2.468594e+003, 6.499163e+003, 1.511433e+001,-7.105364e+001, 6.834003e+003, 0.000000e+000, 0.000000e+000, 0.000000e+000
 3.382000e-001,-3.100779e+001, 3.292178e+003,-2.399297e+003, 6.375920e+003, 1.387657e+001,-6.897556e+001, 6.704544e+003, 0.000000e+000, 0.000000e+000, 0.000000e+000
 3.382500e-001,-6.464854e+001, 3.306393e+003,-2.377861e+003, 6.250421e+003, 1.269617e+001,-6.690054e+001, 6.571320e+003, 0.000000e+000, 0.000000e+000, 0.000000e+000
 3.383000e-001,-1.181027e+002, 3.323740e+003,-2.307786e+003, 6.122679e+003, 1.144881e+001,-6.476743e+001, 6.437098e+003, 0.000000e+000, 0.000000e+000, 0.000000e+000
 3.383500e-001,-1.521955e+002, 3.333807e+003,-2.283584e+003, 5.992772e+003, 1.025555e+001,-6.265118e+001, 6.299199e+003, 0.000000e+000, 0.000000e+000, 0.000000e+000
 3.384000e-001,-2.050211e+002, 3.350532e+003,-2.213166e+003, 5.860713e+003, 8.999383e+000,-6.046574e+001, 6.160395e+003, 0.000000e+000, 0.000000e+000, 0.000000e+000
 3.384500e-001,-2.395473e+002, 3.356547e+003,-2.185894e+003, 5.726585e+003, 7.793760e+000,-5.831102e+001, 6.018023e+003, 0.000000e+000, 0.000000e+000, 0.000000e+000
 3.385000e-001,-2.916429e+002, 3.372517e+003,-2.115569e+003, 5.590397e+003, 6.529482e+000,-5.607632e+001, 5.874828e+003, 0.000000e+000, 0.000000e+000, 0.000000e+000
 3.385500e-001,-3.265762e+002, 3.374580e+003,-2.084935e+003, 5.452238e+003, 5.312088e+000,-5.388586e+001, 5.728192e+003, 0.000000e+000, 0.000000e+000, 0.000000e+000
 3.386000e-001,-3.778490e+002, 3.389663e+003,-2.015125e+003, 5.312117e+003, 4.040359e+000,-5.160532e+001, 5.580801e+003, 0.000000e+000, 0.000000e+000, 0.000000e+000
 3.386500e-001,-4.131536e+002, 3.387879e+003,-1.980863e+003, 5.170125e+003, 2.811934e+000,-4.938167e+001, 5.430116e+003, 0.000000e+000, 0.000000e+000, 0.000000e+000
 3.387000e-001,-4.635219e+002, 3.401948e+003,-1.911962e+003, 5.026271e+003, 1.533444e+000,-4.705889e+001, 5.278732e+003, 0.000000e+000, 0.000000e+000, 0.000000e+000
 3.387500e-001,-4.991497e+002, 3.396420e+003,-1.873845e+003, 4.880647e+003, 2.949553e-001,-4.480424e+001, 5.124218e+003, 0.000000e+000, 0.000000e+000, 0.000000e+000
 3.388000e-001,-5.485453e+002, 3.409357e+003,-1.806210e+003, 4.733265e+003,-9.894950e-001,-4.244280e+001, 4.969052e+003, 0.000000e+000, 0.000000e+000, 0.000000e+000
 3.388500e-001,-5.844341e+002, 3.400183e+003,-1.764058e+003, 4.584218e+003,-2.236789e+000,-4.015893e+001, 4.810937e+003, 0.000000e+000, 0.000000e+000, 0.000000e+000
 3.389000e-001,-6.328046e+002, 3.411885e+003,-1.697995e+003, 4.433519e+003,-3.526212e+000,-3.776227e+001, 4.652204e+003, 0.000000e+000, 0.000000e+000, 0.000000e+000
 3.389500e-001,-6.688768e+002, 3.399154e+003,-1.651690e+003, 4.281261e+003,-4.780723e+000,-3.545047e+001, 4.490719e+003, 0.000000e+000, 0.000000e+000, 0.000000e+000
 3.390000e-001,-7.161869e+002, 3.409536e+003,-1.587444e+003, 4.127458e+003,-6.073904e+000,-3.302188e+001, 4.328645e+003, 0.000000e+000, 0.000000e+000, 0.000000e+000
 3.390500e-001,-7.523478e+002, 3.393322e+003,-1.536932e+003, 3.972205e+003,-7.333716e+000,-3.068310e+001, 4.164029e+003, 0.000000e+000, 0.000000e+000, 0.000000e+000
 3.391000e-001,-7.985812e+002, 3.402319e+003,-1.474683e+003, 3.815519e+003,-8.629210e+000,-2.822580e+001, 3.998843e+003, 0.000000e+000, 0.000000e+000, 0.000000e+000
 3.391500e-001,-8.347189e+002, 3.382684e+003,-1.419981e+003, 3.657492e+003,-9.892130e+000,-2.586085e+001, 3.831338e+003, 0.000000e+000, 0.000000e+000, 0.000000e+000
 3.392000e-001,-8.798784e+002, 3.390255e+003,-1.359838e+003, 3.498146e+003,-1.118828e+001,-2.337814e+001, 3.663276e+003, 0.000000e+000, 0.000000e+000, 0.000000e+000
 3.392500e-001,-9.158635e+002, 3.367243e+003,-1.301039e+003, 3.337568e+003,-1.245192e+001,-2.098792e+001, 3.493129e+003, 0.000000e+000, 0.000000e+000, 0.000000e+000
 3.393000e-001,-9.599711e+002, 3.373369e+003,-1.243036e+003, 3.175789e+003,-1.374691e+001,-1.848330e+001, 3.322433e+003, 0.000000e+000, 0.000000e+000, 0.000000e+000
 3.393500e-001,-9.956577e+002, 3.347010e+003,-1.180305e+003, 3.012889e+003,-1.500873e+001,-1.606901e+001, 3.149893e+003, 0.000000e+000, 0.000000e+000, 0.000000e+000
 3.394000e-001,-1.038754e+003, 3.351695e+003,-1.124407e+003, 2.848907e+003,-1.630061e+001,-1.354623e+001, 2.976809e+003, 0.000000e+000, 0.000000e+000, 0.000000e+000
 3.394500e-001,-1.073980e+003, 3.322004e+003,-1.057981e+003, 2.683917e+003,-1.755800e+001,-1.110947e+001, 2.802126e+003, 0.000000e+000, 0.000000e+000, 0.000000e+000
 3.395000e-001,-1.116121e+003, 3.325271e+003,-1.004088e+003, 2.517964e+003,-1.884468e+001,-8.572474e+000, 2.626906e+003, 0.000000e+000, 0.000000e+000, 0.000000e+000
 3.395500e-001,-1.150711e+003, 3.292251e+003,-9.342698e+002, 2.351117e+003,-2.009499e+001,-6.115194e+000, 2.450336e+003, 0.000000e+000, 0.000000e+000, 0.000000e+000
 3.396000e-001,-1.191969e+003, 3.294143e+003,-8.822205e+002, 2.183431e+003,-2.137419e+001,-3.567986e+000, 2.273233e+003, 0.000000e+000, 0.000000e+000, 0.000000e+000
 3.396500e-001,-1.225736e+003, 3.257785e+003,-8.093701e+002, 2.014965e+003,-2.261473e+001,-1.092469e+000, 2.095031e+003, 0.000000e+000, 0.000000e+000, 0.000000e+000
 3.397000e-001,-1.266194e+003, 3.258358e+003,-7.589562e+002, 1.845783e+003,-2.388400e+001, 1.461035e+000, 1.916305e+003, 0.000000e+000, 0.000000e+000, 0.000000e+000
 3.397500e-001,-1.298944e+003, 3.218652e+003,-6.834788e+002, 1.675936e+003,-2.511202e+001, 3.952268e+000, 1.736729e+003, 0.000000e+000, 0.000000e+000, 0.000000e+000
 3.398000e-001,-1.338693e+003, 3.217968e+003,-6.344536e+002, 1.505498e+003,-2.636869e+001, 6.508329e+000, 1.556642e+003, 0.000000e+000, 0.000000e+000, 0.000000e+000
 3.398500e-001,-1.370228e+003, 3.174903e+003,-5.567880e+002, 1.334512e+003,-2.758141e+001, 9.012511e+000, 1.375951e+003, 0.000000e+000, 0.000000e+000, 0.000000e+000
 3.399000e-001,-1.409364e+003, 3.173031e+003,-5.088792e+002, 1.163061e+003,-2.882261e+001, 1.156758e+001, 1.194768e+003, 0.000000e+000, 0.000000e+000, 0.000000e+000
 3.399500e-001,-1.439484e+003, 3.126602e+003,-4.294835e+002, 9.911782e+002,-3.001724e+001, 1.408163e+001, 1.013223e+003, 0.000000e+000, 0.000000e+000, 0.000000e+000
 3.400000e-001,-1.478105e+003, 3.123605e+003,-3.824073e+002, 8.189572e+002,-3.123988e+001, 1.663225e+001, 8.312115e+002, 0.000000e+000, 0.000000e+000, 0.000000e+000
 3.400500e-001,-1.506615e+003, 3.073821e+003,-3.017446e+002, 6.464210e+002,-3.241368e+001, 1.915266e+001, 6.490712e+002, 0.000000e+000, 0.000000e+000, 0.000000e+000
 3.401000e-001,-1.544818e+003, 3.069756e+003,-2.552187e+002, 4.736740e+002,-3.361456e+001, 2.169537e+001, 4.664998e+002, 0.000000e+000, 0.000000e+000, 0.000000e+000
 3.401500e-001,-1.571529e+003, 3.016642e+003,-1.737437e+002, 3.007296e+002,-3.476485e+001, 2.421810e+001, 2.840239e+002, 0.000000e+000, 0.000000e+000, 0.000000e+000
 3.402000e-001,-1.609402e+003, 3.011552e+003,-1.275014e+002, 1.277017e+002,-3.594068e+001, 2.674929e+001, 1.011612e+002, 0.000000e+000, 0.000000e+000, 0.000000e+000
 3.402500e-001,-1.634139e+003, 2.955156e+003,-4.564701e+001,-4.540529e+001,-3.706494e+001, 2.926971e+001,-8.139204e+001, 0.000000e+000, 0.000000e+000, 0.000000e+000
 3.403000e-001,-1.671760e+003, 2.949063e+003, 5.504459e-001,-2.184690e+002,-3.821242e+001, 3.178562e+001,-2.642773e+002, 0.000000e+000, 0.000000e+000, 0.000000e+000
 3.403500e-001,-1.694364e+003, 2.889464e+003, 8.238400e+001,-3.914927e+002,-3.930826e+001, 3.429859e+001,-4.466514e+002, 0.000000e+000, 0.000000e+000, 0.000000e+000
 3.404000e-001,-1.731799e+003, 2.882366e+003, 1.287368e+002,-5.643469e+002,-4.042409e+001, 3.679530e+001,-6.292910e+002, 0.000000e+000, 0.000000e+000, 0.000000e+000
 3.404500e-001,-1.752125e+003, 2.819673e+003, 2.101915e+002,-7.370414e+002,-4.148930e+001, 3.929529e+001,-8.112309e+002, 0.000000e+000, 0.000000e+000, 0.000000e+000
 3.405000e-001,-1.789423e+003, 2.811541e+003, 2.568527e+002,-9.094409e+002,-4.257027e+001, 4.176881e+001,-9.933575e+002, 0.000000e+000, 0.000000e+000, 0.000000e+000
 3.405500e-001,-1.807349e+003, 2.745899e+003, 3.376202e+002,-1.081561e+003,-4.360279e+001, 4.425006e+001,-1.174610e+003, 0.000000e+000, 0.000000e+000, 0.000000e+000
 3.406000e-001,-1.844542e+003, 2.736672e+003, 3.846902e+002,-1.253261e+003,-4.464577e+001, 4.669642e+001,-1.355957e+003, 0.000000e+000, 0.000000e+000, 0.000000e+000
 3.406500e-001,-1.859969e+003, 2.668264e+003, 4.645164e+002,-1.424562e+003,-4.564371e+001, 4.915312e+001,-1.536269e+003, 0.000000e+000, 0.000000e+000, 0.000000e+000
 3.407000e-001,-1.897067e+003, 2.657852e+003, 5.120403e+002,-1.595320e+003,-4.664573e+001, 5.156840e+001,-1.716572e+003, 0.000000e+000, 0.000000e+000, 0.000000e+000
 3.407500e-001,-1.909918e+003, 2.586896e+003, 5.907271e+002,-1.765558e+003,-4.760736e+001, 5.399475e+001,-1.895694e+003, 0.000000e+000, 0.000000e+000, 0.000000e+000
 3.408000e-001,-1.946915e+003, 2.575175e+003, 6.386953e+002,-1.935131e+003,-4.856562e+001, 5.637502e+001,-2.074689e+003, 0.000000e+000, 0.000000e+000, 0.000000e+000
 3.408500e-001,-1.957139e+003, 2.501928e+003, 7.160996e+002,-2.104064e+003,-4.948937e+001, 5.876529e+001,-2.252374e+003, 0.000000e+000, 0.000000e+000, 0.000000e+000
 3.409000e-001,-1.994005e+003, 2.488745e+003, 7.644506e+002,-2.272212e+003,-5.040135e+001, 6.110654e+001,-2.429799e+003, 0.000000e+000, 0.000000e+000, 0.000000e+000
 3.409500e-001,-2.001572e+003, 2.413496e+003, 8.404805e+002,-2.439599e+003,-5.128581e+001, 6.345505e+001,-2.605800e+003, 0.000000e+000, 0.000000e+000, 0.000000e+000
 3.410000e-001,-2.038262e+003, 2.398673e+003, 8.891065e+002,-2.606083e+003,-5.214925e+001, 6.575308e+001,-2.781397e+003, 0.000000e+000, 0.000000e+000, 0.000000e+000
 3.410500e-001,-2.043165e+003, 2.321741e+003, 9.637143e+002,-2.771688e+003,-5.299318e+001, 6.805419e+001,-2.955473e+003, 0.000000e+000, 0.000000e+000, 0.000000e+000
 3.411000e-001,-2.079614e+003, 2.305074e+003, 1.012469e+003,-2.936272e+003,-5.380616e+001, 7.030457e+001,-3.128988e+003, 0.000000e+000, 0.000000e+000, 0.000000e+000
 3.411500e-001,-2.081868e+003, 2.226804e+003, 1.085642e+003,-3.099857e+003,-5.460846e+001, 7.255276e+001,-3.300898e+003, 0.000000e+000, 0.000000e+000, 0.000000e+000
 3.412000e-001,-2.117996e+003, 2.208076e+003, 1.134351e+003,-3.262307e+003,-5.536940e+001, 7.475089e+001,-3.472081e+003, 0.000000e+000, 0.000000e+000, 0.000000e+000
 3.412500e-001,-2.117633e+003, 2.128830e+003, 1.206100e+003,-3.423640e+003,-5.612906e+001, 7.694086e+001,-3.641591e+003, 0.000000e+000, 0.000000e+000, 0.000000e+000
 3.413000e-001,-2.153348e+003, 2.107810e+003, 1.254571e+003,-3.583725e+003,-5.683665e+001, 7.908198e+001,-3.810194e+003, 0.000000e+000, 0.000000e+000, 0.000000e+000
 3.413500e-001,-2.150415e+003, 2.027961e+003, 1.324921e+003,-3.742577e+003,-5.755272e+001, 8.120881e+001,-3.977071e+003, 0.000000e+000, 0.000000e+000, 0.000000e+000
 3.414000e-001,-2.185615e+003, 2.004417e+003, 1.372956e+003,-3.900070e+003,-5.820599e+001, 8.328825e+001,-4.142854e+003, 0.000000e+000, 0.000000e+000, 0.000000e+000
 3.414500e-001,-2.180171e+003, 1.924343e+003, 1.441933e+003,-4.056213e+003,-5.887751e+001, 8.534752e+001,-4.306870e+003, 0.000000e+000, 0.000000e+000, 0.000000e+000
 3.415000e-001,-2.214747e+003, 1.898046e+003, 1.489341e+003,-4.210890e+003,-5.947574e+001, 8.736076e+001,-4.469595e+003, 0.000000e+000, 0.000000e+000, 0.000000e+000
 3.415500e-001,-2.206862e+003, 1.818119e+003, 1.556958e+003,-4.364104e+003,-6.010176e+001, 8.934866e+001,-4.630526e+003, 0.000000e+000, 0.000000e+000, 0.000000e+000
 3.416000e-001,-2.240702e+003, 1.788855e+003, 1.603567e+003,-4.515744e+003,-6.064450e+001, 9.129142e+001,-4.789960e+003, 0.000000e+000, 0.000000e+000, 0.000000e+000
 3.416500e-001,-2.230450e+003, 1.709433e+003, 1.669818e+003,-4.665810e+003,-6.122407e+001, 9.320476e+001,-4.947585e+003, 0.000000e+000, 0.000000e+000, 0.000000e+000
 3.417000e-001,-2.263442e+003, 1.677008e+003, 1.715486e+003,-4.814197e+003,-6.171112e+001, 9.507306e+001,-5.103503e+003, 0.000000e+000, 0.000000e+000, 0.000000e+000
 3.417500e-001,-2.250903e+003, 1.598430e+003, 1.780333e+003,-4.960901e+003,-6.224327e+001, 9.690920e+001,-5.257604e+003, 0.000000e+000, 0.000000e+000, 0.000000e+000
 3.418000e-001,-2.282938e+003, 1.562678e+003, 1.824956e+003,-5.105826e+003,-6.267472e+001, 9.869928e+001,-5.409786e+003, 0.000000e+000, 0.000000e+000, 0.000000e+000
 3.418500e-001,-2.268188e+003, 1.485252e+003, 1.888324e+003,-5.248960e+003,-6.315851e+001, 1.004560e+002,-5.560152e+003, 0.000000e+000, 0.000000e+000, 0.000000e+000
 3.419000e-001,-2.299162e+003, 1.446044e+003, 1.931843e+003,-5.390215e+003,-6.353469e+001, 1.021643e+002,-5.708382e+003, 0.000000e+000, 0.000000e+000, 0.000000e+000
 3.419500e-001,-2.282280e+003, 1.370044e+003, 1.993614e+003,-5.529576e+003,-6.396925e+001, 1.038398e+002,-5.854806e+003, 0.000000e+000, 0.000000e+000, 0.000000e+000
 3.420000e-001,-2.312097e+003, 1.327291e+003, 2.036016e+003,-5.666959e+003,-6.429076e+001, 1.054630e+002,-5.998878e+003, 0.000000e+000, 0.000000e+000, 0.000000e+000
 3.420500e-001,-2.293155e+003, 1.252949e+003, 2.096027e+003,-5.802348e+003,-6.467527e+001, 1.070554e+002,-6.141157e+003, 0.000000e+000, 0.000000e+000, 0.000000e+000
 3.421000e-001,-2.321727e+003, 1.206610e+003, 2.137352e+003,-5.935666e+003,-6.494292e+001, 1.085903e+002,-6.280870e+003, 0.000000e+000, 0.000000e+000, 0.000000e+000
 3.421500e-001,-2.300795e+003, 1.134113e+003, 2.195396e+003,-6.066889e+003,-6.527668e+001, 1.100982e+002,-6.418807e+003, 0.000000e+000, 0.000000e+000, 0.000000e+000
 3.422000e-001,-2.328044e+003, 1.084195e+003, 2.235728e+003,-6.195949e+003,-6.549149e+001, 1.115420e+002,-6.553970e+003, 0.000000e+000, 0.000000e+000, 0.000000e+000
 3.422500e-001,-2.305185e+003, 1.013683e+003, 2.291557e+003,-6.322821e+003,-6.577389e+001, 1.129641e+002,-6.687373e+003, 0.000000e+000, 0.000000e+000, 0.000000e+000
 3.423000e-001,-2.331042e+003, 9.602456e+002, 2.331021e+003,-6.447441e+003,-6.593704e+001, 1.143142e+002,-6.817799e+003, 0.000000e+000, 0.000000e+000, 0.000000e+000
 3.423500e-001,-2.306315e+003, 8.918048e+002, 2.384354e+003,-6.569780e+003,-6.616761e+001, 1.156493e+002,-6.946482e+003, 0.000000e+000, 0.000000e+000, 0.000000e+000
 3.424000e-001,-2.330720e+003, 8.349603e+002, 2.423111e+003,-6.689782e+003,-6.628040e+001, 1.169037e+002,-7.071992e+003, 0.000000e+000, 0.000000e+000, 0.000000e+000
 3.424500e-001,-2.304182e+003, 7.686306e+002, 2.473641e+003,-6.807415e+003,-6.645881e+001, 1.181508e+002,-7.195775e+003, 0.000000e+000, 0.000000e+000, 0.000000e+000
 3.425000e-001,-2.327082e+003, 7.085406e+002, 2.511877e+003,-6.922626e+003,-6.652264e+001, 1.193081e+002,-7.316199e+003, 0.000000e+000, 0.000000e+000, 0.000000e+000
 3.425500e-001,-2.298787e+003, 6.443134e+002, 2.559281e+003,-7.035385e+003,-6.664875e+001, 1.204663e+002,-7.434906e+003, 0.000000e+000, 0.000000e+000, 0.000000e+000
 3.426000e-001,-2.320134e+003, 5.811880e+002, 2.597195e+003,-7.145643e+003,-6.666511e+001, 1.215253e+002,-7.550081e+003, 0.000000e+000, 0.000000e+000, 0.000000e+000
 3.426500e-001,-2.290136e+003, 5.190103e+002, 2.641151e+003,-7.253365e+003,-6.673899e+001, 1.225938e+002,-7.663543e+003, 0.000000e+000, 0.000000e+000, 0.000000e+000
 3.427000e-001,-2.309888e+003, 4.531029e+002, 2.678944e+003,-7.358512e+003,-6.670940e+001, 1.235540e+002,-7.773313e+003, 0.000000e+000, 0.000000e+000, 0.000000e+000
 3.427500e-001,-2.278242e+003, 3.928819e+002, 2.719137e+003,-7.461046e+003,-6.673135e+001, 1.245318e+002,-7.881370e+003, 0.000000e+000, 0.000000e+000, 0.000000e+000
 3.428000e-001,-2.296358e+003, 3.244840e+002, 2.757000e+003,-7.560931e+003,-6.665738e+001, 1.253929e+002,-7.985589e+003, 0.000000e+000, 0.000000e+000, 0.000000e+000
 3.428500e-001,-2.263125e+003, 2.660931e+002, 2.793141e+003,-7.658129e+003,-6.662788e+001, 1.262789e+002,-8.088085e+003, 0.000000e+000, 0.000000e+000, 0.000000e+000
 3.429000e-001,-2.279561e+003, 1.955276e+002, 2.831240e+003,-7.752610e+003,-6.651107e+001, 1.270409e+002,-8.186616e+003, 0.000000e+000, 0.000000e+000, 0.000000e+000
 3.429500e-001,-2.244809e+003, 1.388126e+002, 2.863072e+003,-7.844333e+003,-6.643085e+001, 1.278340e+002,-8.283404e+003, 0.000000e+000, 0.000000e+000, 0.000000e+000
 3.430000e-001,-2.259518e+003, 6.642648e+001, 2.901539e+003,-7.933275e+003,-6.627268e+001, 1.284971e+002,-8.376117e+003, 0.000000e+000, 0.000000e+000, 0.000000e+000
 3.430500e-001,-2.223324e+003, 1.121308e+001, 2.928853e+003,-8.019393e+003,-6.614262e+001, 1.291962e+002,-8.467059e+003, 0.000000e+000, 0.000000e+000, 0.000000e+000
 3.431000e-001,-2.236253e+003,-6.263002e+001, 2.967777e+003,-8.102669e+003,-6.594447e+001, 1.297608e+002,-8.553831e+003, 0.000000e+000, 0.000000e+000, 0.000000e+000
 3.431500e-001,-2.198706e+003,-1.165286e+002, 2.990415e+003,-8.183057e+003,-6.576560e+001, 1.303645e+002,-8.638796e+003, 0.000000e+000, 0.000000e+000, 0.000000e+000
 3.432000e-001,-2.209794e+003,-1.914566e+002, 3.029830e+003,-8.260548e+003,-6.552876e+001, 1.308315e+002,-8.719515e+003, 0.000000e+000, 0.000000e+000, 0.000000e+000
 3.432500e-001,-2.170996e+003,-2.442317e+002, 3.047698e+003,-8.335092e+003,-6.530226e+001, 1.313388e+002,-8.798380e+003, 0.000000e+000, 0.000000e+000, 0.000000e+000
 3.433000e-001,-2.180172e+003,-3.198718e+002, 3.087583e+003,-8.406686e+003,-6.502784e+001, 1.317092e+002,-8.872940e+003, 0.000000e+000, 0.000000e+000, 0.000000e+000
 3.433500e-001,-2.140240e+003,-3.717122e+002, 3.100648e+003,-8.475277e+003,-6.475503e+001, 1.321190e+002,-8.945592e+003, 0.000000e+000, 0.000000e+000, 0.000000e+000
 3.434000e-001,-2.147423e+003,-4.476985e+002, 3.140923e+003,-8.540874e+003,-6.444407e+001, 1.323940e+002,-9.013896e+003, 0.000000e+000, 0.000000e+000, 0.000000e+000
 3.434500e-001,-2.106490e+003,-4.987826e+002, 3.149221e+003,-8.603415e+003,-6.412639e+001, 1.327057e+002,-9.080227e+003, 0.000000e+000, 0.000000e+000, 0.000000e+000
 3.435000e-001,-2.111585e+003,-5.747632e+002, 3.189746e+003,-8.662919e+003,-6.377982e+001, 1.328867e+002,-9.142187e+003, 0.000000e+000, 0.000000e+000, 0.000000e+000
 3.435500e-001,-2.069799e+003,-6.252531e+002, 3.193375e+003,-8.719320e+003,-6.341883e+001, 1.330995e+002,-9.202102e+003, 0.000000e+000, 0.000000e+000, 0.000000e+000
 3.436000e-001,-2.072703e+003,-7.008966e+002, 3.233956e+003,-8.772646e+003,-6.303753e+001, 1.331879e+002,-9.257635e+003, 0.000000e+000, 0.000000e+000, 0.000000e+000
 3.436500e-001,-2.030229e+003,-7.509321e+002, 3.233072e+003,-8.822826e+003,-6.263491e+001, 1.333015e+002,-9.311046e+003, 0.000000e+000, 0.000000e+000, 0.000000e+000
 3.437000e-001,-2.030826e+003,-8.259329e+002, 3.273467e+003,-8.869898e+003,-6.221967e+001, 1.332985e+002,-9.360079e+003, 0.000000e+000, 0.000000e+000, 0.000000e+000
 3.437500e-001,-1.987840e+003,-8.756271e+002, 3.268280e+003,-8.913784e+003,-6.177720e+001, 1.333127e+002,-9.406909e+003, 0.000000e+000, 0.000000e+000, 0.000000e+000
 3.438000e-001,-1.986007e+003,-9.497099e+002, 3.308205e+003,-8.954534e+003,-6.132874e+001, 1.332194e+002,-9.449379e+003, 0.000000e+000, 0.000000e+000, 0.000000e+000
 3.438500e-001,-1.942700e+003,-9.991454e+002, 3.298967e+003,-8.992063e+003,-6.084821e+001, 1.331340e+002,-9.489560e+003, 0.000000e+000, 0.000000e+000, 0.000000e+000
 3.439000e-001,-1.938304e+003,-1.072069e+003, 3.338105e+003,-9.026433e+003,-6.036720e+001, 1.329516e+002,-9.525408e+003, 0.000000e+000, 0.000000e+000, 0.000000e+000
 3.439500e-001,-1.894877e+003,-1.121296e+003, 3.325100e+003,-9.057549e+003,-5.985040e+001, 1.327669e+002,-9.558881e+003, 0.000000e+000, 0.000000e+000, 0.000000e+000
 3.440000e-001,-1.887780e+003,-1.192855e+003, 3.363118e+003,-9.085488e+003,-5.933737e+001, 1.324961e+002,-9.588060e+003, 0.000000e+000, 0.000000e+000, 0.000000e+000
 3.440500e-001,-1.844442e+003,-1.241887e+003, 3.346648e+003,-9.110147e+003,-5.878601e+001, 1.322125e+002,-9.614776e+003, 0.000000e+000, 0.000000e+000, 0.000000e+000
 3.441000e-001,-1.834505e+003,-1.311914e+003, 3.383203e+003,-9.131617e+003,-5.824144e+001, 1.318543e+002,-9.637243e+003, 0.000000e+000, 0.000000e+000, 0.000000e+000
 3.441500e-001,-1.791470e+003,-1.360733e+003, 3.363582e+003,-9.149782e+003,-5.765713e+001, 1.314728e+002,-9.657164e+003, 0.000000e+000, 0.000000e+000, 0.000000e+000
 3.442000e-001,-1.778550e+003,-1.429096e+003, 3.398335e+003,-9.164751e+003,-5.708136e+001, 1.310281e+002,-9.672887e+003, 0.000000e+000, 0.000000e+000, 0.000000e+000
 3.442500e-001,-1.736035e+003,-1.477648e+003, 3.375870e+003,-9.176396e+003,-5.646559e+001, 1.305499e+002,-9.685984e+003, 0.000000e+000, 0.000000e+000, 0.000000e+000
 3.443000e-001,-1.719994e+003,-1.544252e+003, 3.408499e+003,-9.184841e+003,-5.585892e+001, 1.300194e+002,-9.694938e+003, 0.000000e+000, 0.000000e+000, 0.000000e+000
 3.443500e-001,-1.678216e+003,-1.592451e+003, 3.383484e+003,-9.189950e+003,-5.521304e+001, 1.294463e+002,-9.701190e+003, 0.000000e+000, 0.000000e+000, 0.000000e+000
 3.444000e-001,-1.658922e+003,-1.657234e+003, 3.413694e+003,-9.191858e+003,-5.457572e+001, 1.288311e+002,-9.703357e+003, 0.000000e+000, 0.000000e+000, 0.000000e+000
 3.444500e-001,-1.618092e+003,-1.704965e+003, 3.386399e+003,-9.190423e+003,-5.390093e+001, 1.281649e+002,-9.702757e+003, 0.000000e+000, 0.000000e+000, 0.000000e+000
 3.445000e-001,-1.595422e+003,-1.767896e+003, 3.413930e+003,-9.185792e+003,-5.323318e+001, 1.274658e+002,-9.698129e+003, 0.000000e+000, 0.000000e+000, 0.000000e+000
 3.445500e-001,-1.555746e+003,-1.815020e+003, 3.384590e+003,-9.177813e+003,-5.253057e+001, 1.267089e+002,-9.690675e+003, 0.000000e+000, 0.000000e+000, 0.000000e+000
 3.446000e-001,-1.529586e+003,-1.876094e+003, 3.409225e+003,-9.166648e+003,-5.183261e+001, 1.259268e+002,-9.679254e+003, 0.000000e+000, 0.000000e+000, 0.000000e+000
 3.446500e-001,-1.491261e+003,-1.922448e+003, 3.378042e+003,-9.152138e+003,-5.110308e+001, 1.250815e+002,-9.664956e+003, 0.000000e+000, 0.000000e+000, 0.000000e+000
 3.447000e-001,-1.461513e+003,-1.981684e+003, 3.399609e+003,-9.134455e+003,-5.037513e+001, 1.242173e+002,-9.646750e+003, 0.000000e+000, 0.000000e+000, 0.000000e+000
 3.447500e-001,-1.424723e+003,-2.027090e+003, 3.366739e+003,-9.113433e+003,-4.961943e+001, 1.232861e+002,-9.625628e+003, 0.000000e+000, 0.000000e+000, 0.000000e+000
 3.448000e-001,-1.391304e+003,-2.084524e+003, 3.385118e+003,-9.089257e+003,-4.886171e+001, 1.223409e+002,-9.600656e+003, 0.000000e+000, 0.000000e+000, 0.000000e+000
 3.448500e-001,-1.356220e+003,-2.128793e+003, 3.350678e+003,-9.061753e+003,-4.808043e+001, 1.213264e+002,-9.572740e+003, 0.000000e+000, 0.000000e+000, 0.000000e+000
 3.449000e-001,-1.319066e+003,-2.184473e+003, 3.365796e+003,-9.031117e+003,-4.729315e+001, 1.203012e+002,-9.541028e+003, 0.000000e+000, 0.000000e+000, 0.000000e+000
 3.449500e-001,-1.285841e+003,-2.227409e+003, 3.329858e+003,-8.997171e+003,-4.648668e+001, 1.192060e+002,-9.506356e+003, 0.000000e+000, 0.000000e+000, 0.000000e+000
 3.450000e-001,-1.244906e+003,-2.281392e+003, 3.341688e+003,-8.960119e+003,-4.567006e+001, 1.181022e+002,-9.467940e+003, 0.000000e+000, 0.000000e+000, 0.000000e+000
 3.450500e-001,-1.213679e+003,-2.322800e+003, 3.304292e+003,-8.919779e+003,-4.483865e+001, 1.169289e+002,-9.426562e+003, 0.000000e+000, 0.000000e+000, 0.000000e+000
 3.451000e-001,-1.168938e+003,-2.375143e+003, 3.312849e+003,-8.876363e+003,-4.399297e+001, 1.157480e+002,-9.381486e+003, 0.000000e+000, 0.000000e+000, 0.000000e+000
 3.451500e-001,-1.139827e+003,-2.414830e+003, 3.273998e+003,-8.829687e+003,-4.313674e+001, 1.144994e+002,-9.333456e+003, 0.000000e+000, 0.000000e+000, 0.000000e+000
 3.452000e-001,-1.091277e+003,-2.465590e+003, 3.279331e+003,-8.779969e+003,-4.226228e+001, 1.132430e+002,-9.281775e+003, 0.000000e+000, 0.000000e+000, 0.000000e+000
 3.452500e-001,-1.064381e+003,-2.503375e+003, 3.239009e+003,-8.727022e+003,-4.138124e+001, 1.119217e+002,-9.227159e+003, 0.000000e+000, 0.000000e+000, 0.000000e+000
 3.453000e-001,-1.012040e+003,-2.552602e+003, 3.241194e+003,-8.671072e+003,-4.047831e+001, 1.105919e+002,-9.168935e+003, 0.000000e+000, 0.000000e+000, 0.000000e+000
 3.453500e-001,-9.874406e+002,-2.588315e+003, 3.199366e+003,-8.611934e+003,-3.957237e+001, 1.092004e+002,-9.107806e+003, 0.000000e+000, 0.000000e+000, 0.000000e+000
 3.454000e-001,-9.313466e+002,-2.636047e+003, 3.198499e+003,-8.549831e+003,-3.864141e+001, 1.077992e+002,-9.043109e+003, 0.000000e+000, 0.000000e+000, 0.000000e+000
 3.454500e-001,-9.091061e+002,-2.669535e+003, 3.155124e+003,-8.484583e+003,-3.771054e+001, 1.063399e+002,-8.975552e+003, 0.000000e+000, 0.000000e+000, 0.000000e+000
 3.455000e-001,-8.493200e+002,-2.715798e+003, 3.151306e+003,-8.416416e+003,-3.675209e+001, 1.048696e+002,-8.904463e+003, 0.000000e+000, 0.000000e+000, 0.000000e+000
 3.455500e-001,-8.294808e+002,-2.746930e+003, 3.106347e+003,-8.345152e+003,-3.579622e+001, 1.033446e+002,-8.830569e+003, 0.000000e+000, 0.000000e+000, 0.000000e+000
 3.456000e-001,-7.660833e+002,-2.791734e+003, 3.099681e+003,-8.271019e+003,-3.481086e+001, 1.018076e+002,-8.753180e+003, 0.000000e+000, 0.000000e+000, 0.000000e+000
 3.456500e-001,-7.486697e+002,-2.820400e+003, 3.053113e+003,-8.193841e+003,-3.382988e+001, 1.002191e+002,-8.673051e+003, 0.000000e+000, 0.000000e+000, 0.000000e+000
 3.457000e-001,-6.817617e+002,-2.863735e+003, 3.043689e+003,-8.113847e+003,-3.281828e+001, 9.861799e+001,-8.589461e+003, 0.000000e+000, 0.000000e+000, 0.000000e+000
 3.457500e-001,-6.667802e+002,-2.889851e+003, 2.995505e+003,-8.030866e+003,-3.181211e+001, 9.696782e+001,-8.503207e+003, 0.000000e+000, 0.000000e+000, 0.000000e+000
 3.458000e-001,-5.964816e+002,-2.931688e+003, 2.983400e+003,-7.945124e+003,-3.077493e+001, 9.530525e+001,-8.413524e+003, 0.000000e+000, 0.000000e+000, 0.000000e+000
 3.458500e-001,-5.839213e+002,-2.955196e+003, 2.933620e+003,-7.856458e+003,-2.974353e+001, 9.359529e+001,-8.321265e+003, 0.000000e+000, 0.000000e+000, 0.000000e+000
 3.459000e-001,-5.103703e+002,-2.995487e+003, 2.918885e+003,-7.765091e+003,-2.868153e+001, 9.187405e+001,-8.225608e+003, 0.000000e+000, 0.000000e+000, 0.000000e+000
 3.459500e-001,-5.002038e+002,-3.016352e+003, 2.867561e+003,-7.670868e+003,-2.762487e+001, 9.010611e+001,-8.127469e+003, 0.000000e+000, 0.000000e+000, 0.000000e+000
 3.460000e-001,-4.235560e+002,-3.055028e+003, 2.850221e+003,-7.574007e+003,-2.653882e+001, 8.832909e+001,-8.025965e+003, 0.000000e+000, 0.000000e+000, 0.000000e+000
 3.460500e-001,-4.157401e+002,-3.073243e+003, 2.797439e+003,-7.474361e+003,-2.545695e+001, 8.650498e+001,-7.922081e+003, 0.000000e+000, 0.000000e+000, 0.000000e+000
 3.461000e-001,-3.361681e+002,-3.110218e+003, 2.777489e+003,-7.372143e+003,-2.434767e+001, 8.467509e+001,-7.814867e+003, 0.000000e+000, 0.000000e+000, 0.000000e+000
 3.461500e-001,-3.306437e+002,-3.125800e+003, 2.723371e+003,-7.267216e+003,-2.324072e+001, 8.279665e+001,-7.705380e+003, 0.000000e+000, 0.000000e+000, 0.000000e+000
 3.462000e-001,-2.483363e+002,-3.160966e+003, 2.700775e+003,-7.159787e+003,-2.210909e+001, 8.091682e+001,-7.592600e+003, 0.000000e+000, 0.000000e+000, 0.000000e+000
 3.462500e-001,-2.450295e+002,-3.173956e+003, 2.645478e+003,-7.049730e+003,-2.097729e+001, 7.898591e+001,-7.477663e+003, 0.000000e+000, 0.000000e+000, 0.000000e+000
 3.463000e-001,-1.601912e+002,-3.207191e+003, 2.620176e+003,-6.937244e+003,-1.982421e+001, 7.705894e+001,-7.359469e+003, 0.000000e+000, 0.000000e+000, 0.000000e+000
 3.463500e-001,-1.590133e+002,-3.217652e+003, 2.563886e+003,-6.822214e+003,-1.866794e+001, 7.507742e+001,-7.239239e+003, 0.000000e+000, 0.000000e+000, 0.000000e+000
 3.464000e-001,-7.186388e+001,-3.248818e+003, 2.535793e+003,-6.704831e+003,-1.749448e+001, 7.310596e+001,-7.115793e+003, 0.000000e+000, 0.000000e+000, 0.000000e+000
 3.464500e-001,-7.271176e+001,-3.256832e+003, 2.478725e+003,-6.584992e+003,-1.631431e+001, 7.107568e+001,-6.990438e+003, 0.000000e+000, 0.000000e+000, 0.000000e+000
 3.465000e-001, 1.651411e+001,-3.285779e+003, 2.447737e+003,-6.462879e+003,-1.512163e+001, 6.906220e+001,-6.861911e+003, 0.000000e+000, 0.000000e+000, 0.000000e+000
 3.465500e-001, 1.375812e+001,-3.291446e+003, 2.390125e+003,-6.338404e+003,-1.391834e+001, 6.698508e+001,-6.731604e+003, 0.000000e+000, 0.000000e+000, 0.000000e+000
 3.466000e-001, 1.048111e+002,-3.318014e+003, 2.356129e+003,-6.211734e+003,-1.270772e+001, 6.493182e+001,-6.598173e+003, 0.000000e+000, 0.000000e+000, 0.000000e+000
 3.466500e-001, 1.002790e+002,-3.321451e+003, 2.298217e+003,-6.082800e+003,-1.148230e+001, 6.280982e+001,-6.463096e+003, 0.000000e+000, 0.000000e+000, 0.000000e+000
 3.467000e-001, 1.928956e+002,-3.345472e+003, 2.261098e+003,-5.951755e+003,-1.025517e+001, 6.071880e+001,-6.324949e+003, 0.000000e+000, 0.000000e+000, 0.000000e+000
 3.467500e-001, 1.867335e+002,-3.346806e+003, 2.203133e+003,-5.818545e+003,-9.008862e+000, 5.855399e+001,-6.185290e+003, 0.000000e+000, 0.000000e+000, 0.000000e+000
 3.468000e-001, 2.806360e+002,-3.368109e+003, 2.162780e+003,-5.683312e+003,-7.766794e+000, 5.642704e+001,-6.042620e+003, 0.000000e+000, 0.000000e+000, 0.000000e+000
 3.468500e-001, 2.730042e+002,-3.367478e+003, 2.105004e+003,-5.546017e+003,-6.501063e+000, 5.422160e+001,-5.898575e+003, 0.000000e+000, 0.000000e+000, 0.000000e+000
 3.469000e-001, 3.679015e+002,-3.385887e+003, 2.061323e+003,-5.406788e+003,-5.245777e+000, 5.206040e+001,-5.751583e+003, 0.000000e+000, 0.000000e+000, 0.000000e+000
 3.469500e-001, 3.589742e+002,-3.383437e+003, 2.003961e+003,-5.265603e+003,-3.962320e+000, 4.981666e+001,-5.603354e+003, 0.000000e+000, 0.000000e+000, 0.000000e+000
 3.470000e-001, 4.545621e+002,-3.398781e+003, 1.956881e+003,-5.122576e+003,-2.695654e+000, 4.762276e+001,-5.452248e+003, 0.000000e+000, 0.000000e+000, 0.000000e+000
 3.470500e-001, 4.445264e+002,-3.394661e+003, 1.900136e+003,-4.977703e+003,-1.396388e+000, 4.534321e+001,-5.300044e+003, 0.000000e+000, 0.000000e+000, 0.000000e+000
 3.471000e-001, 5.404887e+002,-3.406770e+003, 1.849618e+003,-4.831082e+003,-1.202977e-001, 4.311807e+001,-5.145039e+003, 0.000000e+000, 0.000000e+000, 0.000000e+000
 3.471500e-001, 5.295443e+002,-3.401132e+003, 1.793662e+003,-4.682727e+003, 1.192649e+000, 4.080528e+001,-4.989075e+003, 0.000000e+000, 0.000000e+000, 0.000000e+000
 3.472000e-001, 6.255536e+002,-3.409843e+003, 1.739701e+003,-4.532720e+003, 2.476103e+000, 3.855028e+001,-4.830392e+003, 0.000000e+000, 0.000000e+000, 0.000000e+000
 3.472500e-001, 6.139114e+002,-3.402838e+003, 1.684673e+003,-4.381095e+003, 3.800400e+000, 3.620693e+001,-4.670889e+003, 0.000000e+000, 0.000000e+000, 0.000000e+000
 3.473000e-001, 7.096310e+002,-3.407999e+003, 1.627307e+003,-4.227916e+003, 5.089049e+000, 3.392339e+001,-4.508756e+003, 0.000000e+000, 0.000000e+000, 0.000000e+000
 3.473500e-001, 6.975117e+002,-3.399771e+003, 1.573304e+003,-4.073237e+003, 6.422155e+000, 3.155223e+001,-4.345940e+003, 0.000000e+000, 0.000000e+000, 0.000000e+000
 3.474000e-001, 7.925966e+002,-3.401243e+003, 1.512615e+003,-3.917103e+003, 7.713724e+000, 2.924146e+001,-4.180591e+003, 0.000000e+000, 0.000000e+000, 0.000000e+000
 3.474500e-001, 7.802291e+002,-3.391929e+003, 1.459694e+003,-3.759590e+003, 9.052896e+000, 2.684523e+001,-4.014694e+003, 0.000000e+000, 0.000000e+000, 0.000000e+000
 3.475000e-001, 8.743291e+002,-3.389588e+003, 1.395807e+003,-3.600724e+003, 1.034500e+001, 2.450858e+001,-3.846368e+003, 0.000000e+000, 0.000000e+000, 0.000000e+000
 3.475500e-001, 8.619480e+002,-3.379317e+003, 1.343985e+003,-3.440600e+003, 1.168728e+001, 2.209007e+001,-3.677628e+003, 0.000000e+000, 0.000000e+000, 0.000000e+000
 3.476000e-001, 9.547096e+002,-3.373058e+003, 1.277069e+003,-3.279228e+003, 1.297743e+001, 1.972899e+001,-3.506569e+003, 0.000000e+000, 0.000000e+000, 0.000000e+000
 3.476500e-001, 9.425530e+002,-3.361943e+003, 1.226324e+003,-3.116722e+003, 1.431968e+001, 1.729100e+001,-3.335228e+003, 0.000000e+000, 0.000000e+000, 0.000000e+000
 3.477000e-001, 1.033622e+003,-3.351683e+003, 1.156584e+003,-2.953072e+003, 1.560526e+001, 1.490712e+001,-3.161686e+003, 0.000000e+000, 0.000000e+000, 0.000000e+000
 3.477500e-001, 1.021929e+003,-3.339823e+003, 1.106861e+003,-2.788414e+003, 1.694414e+001, 1.245244e+001,-2.987990e+003, 0.000000e+000, 0.000000e+000, 0.000000e+000
 3.478000e-001, 1.110956e+003,-3.325501e+003, 1.034538e+003,-2.622719e+003, 1.822248e+001, 1.004761e+001,-2.812218e+003, 0.000000e+000, 0.000000e+000, 0.000000e+000
 3.478500e-001, 1.099962e+003,-3.312976e+003, 9.857536e+002,-2.456144e+003, 1.955447e+001, 7.579051e+000,-2.636416e+003, 0.000000e+000, 0.000000e+000, 0.000000e+000
 3.479000e-001, 1.186600e+003,-3.294561e+003, 9.111130e+002,-2.288639e+003, 2.082280e+001, 5.155365e+000,-2.458673e+003, 0.000000e+000, 0.000000e+000, 0.000000e+000
 3.479500e-001, 1.176536e+003,-3.281429e+003, 8.631650e+002,-2.120383e+003, 2.214427e+001, 2.675735e+000,-2.281018e+003, 0.000000e+000, 0.000000e+000, 0.000000e+000
 3.480000e-001, 1.260453e+003,-3.258915e+003, 7.864901e+002,-1.951307e+003, 2.339975e+001, 2.355667e-001,-2.101563e+003, 0.000000e+000, 0.000000e+000, 0.000000e+000
 3.480500e-001, 1.251540e+003,-3.245214e+003, 7.392647e+002,-1.781608e+003, 2.470692e+001,-2.252373e+000,-1.922312e+003, 0.000000e+000, 0.000000e+000, 0.000000e+000
 3.481000e-001, 1.332411e+003,-3.218627e+003, 6.608474e+002,-1.611201e+003, 2.594669e+001,-4.706382e+000,-1.741411e+003, 0.000000e+000, 0.000000e+000, 0.000000e+000
 3.481500e-001, 1.324858e+003,-3.204369e+003, 6.142286e+002,-1.440300e+003, 2.723571e+001,-7.199913e+000,-1.560822e+003, 0.000000e+000, 0.000000e+000, 0.000000e+000
 3.482000e-001, 1.402381e+003,-3.173767e+003, 5.343598e+002,-1.268803e+003, 2.845686e+001,-9.664857e+000,-1.378740e+003, 0.000000e+000, 0.000000e+000, 0.000000e+000
 3.482500e-001, 1.396380e+003,-3.158938e+003, 4.882388e+002,-1.096942e+003, 2.972383e+001,-1.216130e+001,-1.197075e+003, 0.000000e+000, 0.000000e+000, 0.000000e+000
 3.483000e-001, 1.470269e+003,-3.124412e+003, 4.071993e+002,-9.245997e+002, 3.092346e+001,-1.463401e+001,-1.014079e+003, 0.000000e+000, 0.000000e+000, 0.000000e+000
 3.483500e-001, 1.465993e+003,-3.108971e+003, 3.614825e+002,-7.520222e+002, 3.216446e+001,-1.713072e+001,-8.316006e+002, 0.000000e+000, 0.000000e+000, 0.000000e+000
 3.484000e-001, 1.535988e+003,-3.070646e+003, 2.795345e+002,-5.790789e+002, 3.333968e+001,-1.960775e+001,-6.479626e+002, 0.000000e+000, 0.000000e+000, 0.000000e+000
 3.484500e-001, 1.533590e+003,-3.054526e+003, 2.341514e+002,-4.060294e+002, 3.455081e+001,-2.210203e+001,-4.649341e+002, 0.000000e+000, 0.000000e+000, 0.000000e+000
 3.485000e-001, 1.599456e+003,-3.012559e+003, 1.515310e+002,-2.327305e+002, 3.569878e+001,-2.457967e+001,-2.809243e+002, 0.000000e+000, 0.000000e+000, 0.000000e+000
 3.485500e-001, 1.599062e+003,-2.995666e+003, 1.064410e+002,-5.945389e+001, 3.687626e+001,-2.706875e+001,-9.761059e+001, 0.000000e+000, 0.000000e+000, 0.000000e+000
 3.486000e-001, 1.660593e+003,-2.950248e+003, 2.335248e+001, 1.139544e+002, 3.799420e+001,-2.954302e+001, 8.649975e+001, 0.000000e+000, 0.000000e+000, 0.000000e+000
 3.486500e-001, 1.662304e+003,-2.932462e+003,-2.145126e+001, 2.872129e+002, 3.913432e+001,-3.202397e+001, 2.698334e+002, 0.000000e+000, 0.000000e+000, 0.000000e+000
 3.487000e-001, 1.719325e+003,-2.883815e+003,-1.048390e+002, 4.604843e+002, 4.021958e+001,-3.449061e+001, 4.537731e+002, 0.000000e+000, 0.000000e+000, 0.000000e+000
 3.487500e-001, 1.723214e+003,-2.864992e+003,-1.493266e+002, 6.334795e+002, 4.131885e+001,-3.696032e+001, 6.368617e+002, 0.000000e+000, 0.000000e+000, 0.000000e+000
 3.488000e-001, 1.775581e+003,-2.813368e+003,-2.328818e+002, 8.063680e+002, 4.236885e+001,-3.941487e+001, 8.203605e+002, 0.000000e+000, 0.000000e+000, 0.000000e+000
 3.488500e-001, 1.781692e+003,-2.793341e+003,-2.769865e+002, 9.788552e+002, 4.342400e+001,-4.187000e+001, 1.002939e+003, 0.000000e+000, 0.000000e+000, 0.000000e+000
 3.489000e-001, 1.829295e+003,-2.739019e+003,-3.606135e+002, 1.151115e+003, 4.443634e+001,-4.430781e+001, 1.185728e+003, 0.000000e+000, 0.000000e+000, 0.000000e+000
 3.489500e-001, 1.837643e+003,-2.717602e+003,-4.042338e+002, 1.322850e+003, 4.544435e+001,-4.674478e+001, 1.367533e+003, 0.000000e+000, 0.000000e+000, 0.000000e+000
 3.490000e-001, 1.880402e+003,-2.660882e+003,-4.878704e+002, 1.494237e+003, 4.641680e+001,-4.916110e+001, 1.549345e+003, 0.000000e+000, 0.000000e+000, 0.000000e+000
 3.490500e-001, 1.890974e+003,-2.637876e+003,-5.308741e+002, 1.664977e+003, 4.737497e+001,-5.157607e+001, 1.730114e+003, 0.000000e+000, 0.000000e+000, 0.000000e+000
 3.491000e-001, 1.928844e+003,-2.579079e+003,-6.144864e+002, 1.835247e+003, 4.830545e+001,-5.396611e+001, 1.910683e+003, 0.000000e+000, 0.000000e+000, 0.000000e+000
 3.491500e-001, 1.941598e+003,-2.554272e+003,-6.567170e+002, 2.004750e+003, 4.921143e+001,-5.635498e+001, 2.090156e+003, 0.000000e+000, 0.000000e+000, 0.000000e+000
 3.492000e-001, 1.974563e+003,-2.493732e+003,-7.402922e+002, 2.173662e+003, 5.009806e+001,-5.871395e+001, 2.269220e+003, 0.000000e+000, 0.000000e+000, 0.000000e+000
 3.492500e-001, 1.989432e+003,-2.466906e+003,-7.815776e+002, 2.341687e+003, 5.094985e+001,-6.107238e+001, 2.447137e+003, 0.000000e+000, 0.000000e+000, 0.000000e+000
 3.493000e-001, 2.017505e+003,-2.404967e+003,-8.651155e+002, 2.509001e+003, 5.179095e+001,-6.339553e+001, 2.624438e+003, 0.000000e+000, 0.000000e+000, 0.000000e+000
 3.493500e-001, 2.034399e+003,-2.375903e+003,-9.052769e+002, 2.675311e+003, 5.258695e+001,-6.571886e+001, 2.800543e+003, 0.000000e+000, 0.000000e+000, 0.000000e+000
 3.494000e-001, 2.057620e+003,-2.312911e+003,-9.887803e+002, 2.840789e+003, 5.338105e+001,-6.800153e+001, 2.975826e+003, 0.000000e+000, 0.000000e+000, 0.000000e+000
 3.494500e-001, 2.076426e+003,-2.281395e+003,-1.027642e+003, 3.005148e+003, 5.412004e+001,-7.028487e+001, 3.149866e+003, 0.000000e+000, 0.000000e+000, 0.000000e+000
 3.495000e-001, 2.094858e+003,-2.217694e+003,-1.111107e+003, 3.168555e+003, 5.486587e+001,-7.252246e+001, 3.322880e+003, 0.000000e+000, 0.000000e+000, 0.000000e+000
 3.495500e-001, 2.115447e+003,-2.183521e+003,-1.148509e+003, 3.330730e+003, 5.554706e+001,-7.476064e+001, 3.494604e+003, 0.000000e+000, 0.000000e+000, 0.000000e+000
 3.496000e-001, 2.129175e+003,-2.119448e+003,-1.231912e+003, 3.491833e+003, 5.624355e+001,-7.694867e+001, 3.665103e+003, 0.000000e+000, 0.000000e+000, 0.000000e+000
 3.496500e-001, 2.151401e+003,-2.082431e+003,-1.267719e+003, 3.651595e+003, 5.686655e+001,-7.913628e+001, 3.834264e+003, 0.000000e+000, 0.000000e+000, 0.000000e+000
 3.497000e-001, 2.160527e+003,-2.018307e+003,-1.351010e+003, 3.810166e+003, 5.751288e+001,-8.127040e+001, 4.002007e+003, 0.000000e+000, 0.000000e+000, 0.000000e+000
 3.497500e-001, 2.184232e+003,-1.978278e+003,-1.385120e+003, 3.967286e+003, 5.807770e+001,-8.340189e+001, 4.168363e+003, 0.000000e+000, 0.000000e+000, 0.000000e+000
 3.498000e-001, 2.188875e+003,-1.914404e+003,-1.468213e+003, 4.123099e+003, 5.867325e+001,-8.547787e+001, 4.333114e+003, 0.000000e+000, 0.000000e+000, 0.000000e+000
 3.498500e-001, 2.213892e+003,-1.871225e+003,-1.500566e+003, 4.277356e+003, 5.918031e+001,-8.754762e+001, 4.496426e+003, 0.000000e+000, 0.000000e+000, 0.000000e+000
 3.499000e-001, 2.214181e+003,-1.807876e+003,-1.583333e+003, 4.430189e+003, 5.972469e+001,-8.956141e+001, 4.657957e+003, 0.000000e+000, 0.000000e+000, 0.000000e+000
 3.499500e-001, 2.240338e+003,-1.761438e+003,-1.613918e+003, 4.581363e+003, 6.017478e+001,-9.156377e+001, 4.817991e+003, 0.000000e+000, 0.000000e+000, 0.000000e+000
 3.500000e-001, 2.236412e+003,-1.698863e+003,-1.696180e+003, 4.731000e+003, 6.066785e+001,-9.351147e+001, 4.976077e+003, 0.000000e+000, 0.000000e+000, 0.000000e+000
 3.500500e-001, 2.263531e+003,-1.649091e+003,-1.725039e+003, 4.878875e+003, 6.106211e+001,-9.544089e+001, 5.132604e+003, 0.000000e+000, 0.000000e+000, 0.000000e+000
 3.501000e-001, 2.255536e+003,-1.587503e+003,-1.806568e+003, 5.025102e+003, 6.150394e+001,-9.731879e+001, 5.287027e+003, 0.000000e+000, 0.000000e+000, 0.000000e+000
 3.501500e-001, 2.283440e+003,-1.534363e+003,-1.833796e+003, 5.169469e+003, 6.184385e+001,-9.916986e+001, 5.439824e+003, 0.000000e+000, 0.000000e+000, 0.000000e+000
 3.502000e-001, 2.271527e+003,-1.473939e+003,-1.914315e+003, 5.312079e+003, 6.223476e+001,-1.009744e+002, 5.590373e+003, 0.000000e+000, 0.000000e+000, 0.000000e+000
 3.502500e-001, 2.300038e+003,-1.417435e+003,-1.940060e+003, 5.452731e+003, 6.252206e+001,-1.027420e+002, 5.739221e+003, 0.000000e+000, 0.000000e+000, 0.000000e+000
 3.503000e-001, 2.284361e+003,-1.358315e+003,-2.019243e+003, 5.591520e+003, 6.286256e+001,-1.044697e+002, 5.885690e+003, 0.000000e+000, 0.000000e+000, 0.000000e+000
 3.503500e-001, 2.313303e+003,-1.298494e+003,-2.043701e+003, 5.728257e+003, 6.309922e+001,-1.061489e+002, 6.030377e+003, 0.000000e+000, 0.000000e+000, 0.000000e+000
 3.504000e-001, 2.294019e+003,-1.240778e+003,-2.121181e+003, 5.863028e+003, 6.339002e+001,-1.077964e+002, 6.172568e+003, 0.000000e+000, 0.000000e+000, 0.000000e+000
 3.504500e-001, 2.323219e+003,-1.177727e+003,-2.144588e+003, 5.995657e+003, 6.357817e+001,-1.093828e+002, 6.312889e+003, 0.000000e+000, 0.000000e+000, 0.000000e+000
 3.505000e-001, 2.300484e+003,-1.121476e+003,-2.219966e+003, 6.126217e+003, 6.382012e+001,-1.109470e+002, 6.450610e+003, 0.000000e+000, 0.000000e+000, 0.000000e+000
 3.505500e-001, 2.329773e+003,-1.055324e+003,-2.242593e+003, 6.254547e+003, 6.396195e+001,-1.124365e+002, 6.586364e+003, 0.000000e+000, 0.000000e+000, 0.000000e+000
 3.506000e-001, 2.303749e+003,-1.000563e+003,-2.315447e+003, 6.380711e+003, 6.415599e+001,-1.139142e+002, 6.719430e+003, 0.000000e+000, 0.000000e+000, 0.000000e+000
 3.506500e-001, 2.332958e+003,-9.314754e+002,-2.337583e+003, 6.504560e+003, 6.425375e+001,-1.153035e+002, 6.850424e+003, 0.000000e+000, 0.000000e+000, 0.000000e+000
 3.507000e-001, 2.303805e+003,-8.781935e+002,-2.407479e+003, 6.626148e+003, 6.440098e+001,-1.166917e+002, 6.978655e+003, 0.000000e+000, 0.000000e+000, 0.000000e+000
 3.507500e-001, 2.332770e+003,-8.063731e+002,-2.429422e+003, 6.745338e+003, 6.445692e+001,-1.179777e+002, 7.104704e+003, 0.000000e+000, 0.000000e+000, 0.000000e+000
 3.508000e-001, 2.300653e+003,-7.545271e+002,-2.495931e+003, 6.862177e+003, 6.455851e+001,-1.192736e+002, 7.227930e+003, 0.000000e+000, 0.000000e+000, 0.000000e+000
 3.508500e-001, 2.329211e+003,-6.802076e+002,-2.517975e+003, 6.976540e+003, 6.457482e+001,-1.204542e+002, 7.348855e+003, 0.000000e+000, 0.000000e+000, 0.000000e+000
 3.509000e-001, 2.294296e+003,-6.297264e+002,-2.580684e+003, 7.088462e+003, 6.463203e+001,-1.216551e+002, 7.466912e+003, 0.000000e+000, 0.000000e+000, 0.000000e+000
 3.509500e-001, 2.322284e+003,-5.531691e+002,-2.603102e+003, 7.197834e+003, 6.461080e+001,-1.227287e+002, 7.582544e+003, 0.000000e+000, 0.000000e+000, 0.000000e+000
 3.510000e-001, 2.284745e+003,-5.039583e+002,-2.661629e+003, 7.304681e+003, 6.462495e+001,-1.238321e+002, 7.695273e+003, 0.000000e+000, 0.000000e+000, 0.000000e+000
 3.510500e-001, 2.312000e+003,-4.254462e+002,-2.684663e+003, 7.408905e+003, 6.456814e+001,-1.247977e+002, 7.805450e+003, 0.000000e+000, 0.000000e+000, 0.000000e+000
 3.511000e-001, 2.272015e+003,-3.773932e+002,-2.738670e+003, 7.510524e+003, 6.454058e+001,-1.258014e+002, 7.912702e+003, 0.000000e+000, 0.000000e+000, 0.000000e+000
 3.511500e-001, 2.298370e+003,-2.972256e+002,-2.762515e+003, 7.609453e+003, 6.445002e+001,-1.266586e+002, 8.017270e+003, 0.000000e+000, 0.000000e+000, 0.000000e+000
 3.512000e-001, 2.256125e+003,-2.502053e+002,-2.811722e+003, 7.705699e+003, 6.438215e+001,-1.275606e+002, 8.118902e+003, 0.000000e+000, 0.000000e+000, 0.000000e+000
 3.512500e-001, 2.281412e+003,-1.686920e+002,-2.836519e+003, 7.799191e+003, 6.425947e+001,-1.283096e+002, 8.217715e+003, 0.000000e+000, 0.000000e+000, 0.000000e+000
 3.513000e-001, 2.237100e+003,-1.225719e+002,-2.880711e+003, 7.889926e+003, 6.415266e+001,-1.291079e+002, 8.313593e+003, 0.000000e+000, 0.000000e+000, 0.000000e+000
 3.513500e-001, 2.261147e+003,-4.002723e+001,-2.906535e+003, 7.977849e+003, 6.399927e+001,-1.297494e+002, 8.406513e+003, 0.000000e+000, 0.000000e+000, 0.000000e+000
 3.514000e-001, 2.214970e+003, 5.326240e+000,-2.945571e+003, 8.062944e+003, 6.385485e+001,-1.304425e+002, 8.496509e+003, 0.000000e+000, 0.000000e+000, 0.000000e+000
 3.514500e-001, 2.237601e+003, 8.858932e+001,-2.972426e+003, 8.145170e+003, 6.367192e+001,-1.309776e+002, 8.583408e+003, 0.000000e+000, 0.000000e+000, 0.000000e+000
 3.515000e-001, 2.189771e+003, 1.333056e+002,-3.006245e+003, 8.224504e+003, 6.349117e+001,-1.315642e+002, 8.667402e+003, 0.000000e+000, 0.000000e+000, 0.000000e+000
 3.515500e-001, 2.210801e+003, 2.169811e+002,-3.034060e+003, 8.300918e+003, 6.327959e+001,-1.319944e+002, 8.748162e+003, 0.000000e+000, 0.000000e+000, 0.000000e+000
 3.516000e-001, 2.161540e+003, 2.611802e+002,-3.062682e+003, 8.374377e+003, 6.306369e+001,-1.324734e+002, 8.826041e+003, 0.000000e+000, 0.000000e+000, 0.000000e+000
 3.516500e-001, 2.180784e+003, 3.449742e+002,-3.091312e+003, 8.444870e+003, 6.282411e+001,-1.328005e+002, 8.900550e+003, 0.000000e+000, 0.000000e+000, 0.000000e+000
 3.517000e-001, 2.130323e+003, 3.887617e+002,-3.114838e+003, 8.512349e+003, 6.257415e+001,-1.331713e+002, 8.972210e+003, 0.000000e+000, 0.000000e+000, 0.000000e+000
 3.517500e-001, 2.147588e+003, 4.723971e+002,-3.144065e+003, 8.576820e+003, 6.230701e+001,-1.333972e+002, 9.040366e+003, 0.000000e+000, 0.000000e+000, 0.000000e+000
 3.518000e-001, 2.096165e+003, 5.158604e+002,-3.162671e+003, 8.638223e+003, 6.202400e+001,-1.336596e+002, 9.105712e+003, 0.000000e+000, 0.000000e+000, 0.000000e+000
 3.518500e-001, 2.111257e+003, 5.990808e+002,-3.192210e+003, 8.696580e+003, 6.172952e+001,-1.337864e+002, 9.167423e+003, 0.000000e+000, 0.000000e+000, 0.000000e+000
 3.519000e-001, 2.059120e+003, 6.422855e+002,-3.206144e+003, 8.751818e+003, 6.141440e+001,-1.339403e+002, 9.226365e+003, 0.000000e+000, 0.000000e+000, 0.000000e+000
 3.519500e-001, 2.071839e+003, 7.248585e+002,-3.235651e+003, 8.803979e+003, 6.109264e+001,-1.339703e+002, 9.281548e+003, 0.000000e+000, 0.000000e+000, 0.000000e+000
 3.520000e-001, 2.019240e+003, 7.678459e+002,-3.245219e+003, 8.852975e+003, 6.074628e+001,-1.340161e+002, 9.334006e+003, 0.000000e+000, 0.000000e+000, 0.000000e+000
 3.520500e-001, 2.029389e+003, 8.495654e+002,-3.274303e+003, 8.898863e+003, 6.039716e+001,-1.339513e+002, 9.382587e+003, 0.000000e+000, 0.000000e+000, 0.000000e+000
 3.521000e-001, 1.976585e+003, 8.923511e+002,-3.279860e+003, 8.941546e+003, 6.002030e+001,-1.338900e+002, 9.428490e+003, 0.000000e+000, 0.000000e+000, 0.000000e+000
 3.521500e-001, 1.983967e+003, 9.730391e+002,-3.308095e+003, 8.981098e+003, 5.964362e+001,-1.337325e+002, 9.470404e+003, 0.000000e+000, 0.000000e+000, 0.000000e+000
 3.522000e-001, 1.931215e+003, 1.015612e+003,-3.310033e+003, 9.017406e+003, 5.923692e+001,-1.335650e+002, 9.509688e+003, 0.000000e+000, 0.000000e+000, 0.000000e+000
 3.522500e-001, 1.935635e+003, 1.095119e+003,-3.336969e+003, 9.050565e+003, 5.883232e+001,-1.333167e+002, 9.544881e+003, 0.000000e+000, 0.000000e+000, 0.000000e+000
 3.523000e-001, 1.883195e+003, 1.137442e+003,-3.335700e+003, 9.080448e+003, 5.839630e+001,-1.330447e+002, 9.577491e+003, 0.000000e+000, 0.000000e+000, 0.000000e+000
 3.523500e-001, 1.884465e+003, 1.215645e+003,-3.360880e+003, 9.107166e+003, 5.796335e+001,-1.327076e+002, 9.605916e+003, 0.000000e+000, 0.000000e+000, 0.000000e+000
 3.524000e-001, 1.832589e+003, 1.257655e+003,-3.356826e+003, 9.130580e+003, 5.749837e+001,-1.323329e+002, 9.631807e+003, 0.000000e+000, 0.000000e+000, 0.000000e+000
 3.524500e-001, 1.830531e+003, 1.334460e+003,-3.379799e+003, 9.150818e+003, 5.703652e+001,-1.319085e+002, 9.653428e+003, 0.000000e+000, 0.000000e+000, 0.000000e+000
 3.525000e-001, 1.779467e+003, 1.376071e+003,-3.373372e+003, 9.167731e+003, 5.654280e+001,-1.314334e+002, 9.672561e+003, 0.000000e+000, 0.000000e+000, 0.000000e+000
 3.525500e-001, 1.773914e+003, 1.451407e+003,-3.393710e+003, 9.181461e+003, 5.605146e+001,-1.309234e+002, 9.687351e+003, 0.000000e+000, 0.000000e+000, 0.000000e+000
 3.526000e-001, 1.723900e+003, 1.492513e+003,-3.385301e+003, 9.191848e+003, 5.552906e+001,-1.303504e+002, 9.699697e+003, 0.000000e+000, 0.000000e+000, 0.000000e+000
 3.526500e-001, 1.714698e+003, 1.566330e+003,-3.402610e+003, 9.199050e+003, 5.500759e+001,-1.297562e+002, 9.707639e+003, 0.000000e+000, 0.000000e+000, 0.000000e+000
 3.527000e-001, 1.665961e+003, 1.606806e+003,-3.392579e+003, 9.202896e+003, 5.445646e+001,-1.290880e+002, 9.713179e+003, 0.000000e+000, 0.000000e+000, 0.000000e+000
 3.527500e-001, 1.652973e+003, 1.679074e+003,-3.406509e+003, 9.203559e+003, 5.390425e+001,-1.284109e+002, 9.714263e+003, 0.000000e+000, 0.000000e+000, 0.000000e+000
 3.528000e-001, 1.605726e+003, 1.718782e+003,-3.395171e+003, 9.200858e+003, 5.332422e+001,-1.276506e+002, 9.712984e+003, 0.000000e+000, 0.000000e+000, 0.000000e+000
 3.528500e-001, 1.588834e+003, 1.789485e+003,-3.405428e+003, 9.194981e+003, 5.274070e+001,-1.268919e+002, 9.707213e+003, 0.000000e+000, 0.000000e+000, 0.000000e+000
 3.529000e-001, 1.543272e+003, 1.828280e+003,-3.393046e+003, 9.185738e+003, 5.213151e+001,-1.260427e+002, 9.699113e+003, 0.000000e+000, 0.000000e+000, 0.000000e+000
 3.529500e-001, 1.522380e+003, 1.897410e+003,-3.399398e+003, 9.173329e+003, 5.151620e+001,-1.252034e+002, 9.686496e+003, 0.000000e+000, 0.000000e+000, 0.000000e+000
 3.530000e-001, 1.478680e+003, 1.935139e+003,-3.386178e+003, 9.157558e+003, 5.087753e+001,-1.242685e+002, 9.671582e+003, 0.000000e+000, 0.000000e+000, 0.000000e+000
 3.530500e-001, 1.453715e+003, 2.002696e+003,-3.388460e+003, 9.138634e+003, 5.023000e+001,-1.233499e+002, 9.652140e+003, 0.000000e+000, 0.000000e+000, 0.000000e+000
 3.531000e-001, 1.412031e+003, 2.039211e+003,-3.374545e+003, 9.116356e+003, 4.956146e+001,-1.223327e+002, 9.630427e+003, 0.000000e+000, 0.000000e+000, 0.000000e+000
 3.531500e-001, 1.382944e+003, 2.105193e+003,-3.372661e+003, 9.090942e+003, 4.888142e+001,-1.213359e+002, 9.604187e+003, 0.000000e+000, 0.000000e+000, 0.000000e+000
 3.532000e-001, 1.343411e+003, 2.140348e+003,-3.358133e+003, 9.062191e+003, 4.818254e+001,-1.202398e+002, 9.575697e+003, 0.000000e+000, 0.000000e+000, 0.000000e+000
 3.532500e-001, 1.310179e+003, 2.204752e+003,-3.352056e+003, 9.030325e+003, 4.746977e+001,-1.191660e+002, 9.542699e+003, 0.000000e+000, 0.000000e+000, 0.000000e+000
 3.533000e-001, 1.272907e+003, 2.238412e+003,-3.336935e+003, 8.995141e+003, 4.674007e+001,-1.179943e+002, 9.507467e+003, 0.000000e+000, 0.000000e+000, 0.000000e+000
 3.533500e-001, 1.235532e+003, 2.301226e+003,-3.326703e+003, 8.956867e+003, 4.599443e+001,-1.168449e+002, 9.467756e+003, 0.000000e+000, 0.000000e+000, 0.000000e+000
 3.534000e-001, 1.200607e+003, 2.333271e+003,-3.310955e+003, 8.915300e+003, 4.523330e+001,-1.156009e+002, 9.425821e+003, 0.000000e+000, 0.000000e+000, 0.000000e+000
 3.534500e-001, 1.159120e+003, 2.394472e+003,-3.296667e+003, 8.870672e+003, 4.445470e+001,-1.143772e+002, 9.379451e+003, 0.000000e+000, 0.000000e+000, 0.000000e+000
 3.535000e-001, 1.126603e+003, 2.424798e+003,-3.280204e+003, 8.822782e+003, 4.366155e+001,-1.130642e+002, 9.330865e+003, 0.000000e+000, 0.000000e+000, 0.000000e+000
 3.535500e-001, 1.081062e+003, 2.484346e+003,-3.262013e+003, 8.771864e+003, 4.285009e+001,-1.117678e+002, 9.277899e+003, 0.000000e+000, 0.000000e+000, 0.000000e+000
 3.536000e-001, 1.050990e+003, 2.512871e+003,-3.244706e+003, 8.717719e+003, 4.202440e+001,-1.103888e+002, 9.222720e+003, 0.000000e+000, 0.000000e+000, 0.000000e+000
 3.536500e-001, 1.001479e+003, 2.570712e+003,-3.222810e+003, 8.660583e+003, 4.118026e+001,-1.090215e+002, 9.163231e+003, 0.000000e+000, 0.000000e+000, 0.000000e+000
 3.537000e-001, 9.738641e+002, 2.597378e+003,-3.204496e+003, 8.600261e+003, 4.032154e+001,-1.075795e+002, 9.101528e+003, 0.000000e+000, 0.000000e+000, 0.000000e+000
 3.537500e-001, 9.204923e+002, 2.653434e+003,-3.179128e+003, 8.536987e+003, 3.944507e+001,-1.061433e+002, 9.035598e+003, 0.000000e+000, 0.000000e+000, 0.000000e+000
 3.538000e-001, 8.953244e+002, 2.678208e+003,-3.159619e+003, 8.470575e+003, 3.855292e+001,-1.046411e+002, 8.967448e+003, 0.000000e+000, 0.000000e+000, 0.000000e+000
 3.538500e-001, 8.382283e+002, 2.732382e+003,-3.131039e+003, 8.401255e+003, 3.764457e+001,-1.031380e+002, 8.895165e+003, 0.000000e+000, 0.000000e+000, 0.000000e+000
 3.539000e-001, 8.154725e+002, 2.755258e+003,-3.110133e+003, 8.328847e+003, 3.671873e+001,-1.015783e+002, 8.820655e+003, 0.000000e+000, 0.000000e+000, 0.000000e+000
 3.539500e-001, 7.548128e+002, 2.807432e+003,-3.078617e+003, 8.253577e+003, 3.577911e+001,-1.000107e+002, 8.742119e+003, 0.000000e+000, 0.000000e+000, 0.000000e+000
 3.540000e-001, 7.344123e+002, 2.828429e+003,-3.056108e+003, 8.175277e+003, 3.481947e+001,-9.839584e+001, 8.661346e+003, 0.000000e+000, 0.000000e+000, 0.000000e+000
 3.540500e-001, 6.703730e+002, 2.878465e+003,-3.021936e+003, 8.094166e+003, 3.384935e+001,-9.676624e+001, 8.576661e+003, 0.000000e+000, 0.000000e+000, 0.000000e+000
 3.541000e-001, 6.522496e+002, 2.897629e+003,-2.997623e+003, 8.010086e+003, 3.285595e+001,-9.509855e+001, 8.489729e+003, 0.000000e+000, 0.000000e+000, 0.000000e+000
 3.541500e-001, 5.850372e+002, 2.945367e+003,-2.961074e+003, 7.923249e+003, 3.185616e+001,-9.340944e+001, 8.399010e+003, 0.000000e+000, 0.000000e+000, 0.000000e+000
 3.542000e-001, 5.690927e+002, 2.962769e+003,-2.934769e+003, 7.833509e+003, 3.082921e+001,-9.169106e+001, 8.306033e+003, 0.000000e+000, 0.000000e+000, 0.000000e+000
 3.542500e-001, 4.989343e+002, 3.008034e+003,-2.896109e+003, 7.741069e+003, 2.980068e+001,-8.994510e+001, 8.209403e+003, 0.000000e+000, 0.000000e+000, 0.000000e+000
 3.543000e-001, 4.850514e+002, 3.023766e+003,-2.867646e+003, 7.645797e+003, 2.874055e+001,-8.817801e+001, 8.110505e+003, 0.000000e+000, 0.000000e+000, 0.000000e+000
 3.543500e-001, 4.121940e+002, 3.066367e+003,-2.827123e+003, 7.547887e+003, 2.768428e+001,-8.637791e+001, 8.008094e+003, 0.000000e+000, 0.000000e+000, 0.000000e+000
 3.544000e-001, 4.002375e+002, 3.080540e+003,-2.796361e+003, 7.447220e+003, 2.659150e+001,-8.456396e+001, 7.903405e+003, 0.000000e+000, 0.000000e+000, 0.000000e+000
 3.544500e-001, 3.249464e+002, 3.120275e+003,-2.754202e+003, 7.343977e+003, 2.550852e+001,-8.271246e+001, 7.795350e+003, 0.000000e+000, 0.000000e+000, 0.000000e+000
 3.545000e-001, 3.147647e+002, 3.133016e+003,-2.721033e+003, 7.238059e+003, 2.438383e+001,-8.085334e+001, 7.685013e+003, 0.000000e+000, 0.000000e+000, 0.000000e+000
 3.545500e-001, 2.373217e+002, 3.169675e+003,-2.677437e+003, 7.129632e+003, 2.327533e+001,-7.895309e+001, 7.571458e+003, 0.000000e+000, 0.000000e+000, 0.000000e+000
 3.546000e-001, 2.287483e+002, 3.181123e+003,-2.641785e+003, 7.018613e+003, 2.211976e+001,-7.705038e+001, 7.455622e+003, 0.000000e+000, 0.000000e+000, 0.000000e+000
 3.546500e-001, 1.494505e+002, 3.214493e+003,-2.596921e+003, 6.905156e+003, 2.098702e+001,-7.510397e+001, 7.336722e+003, 0.000000e+000, 0.000000e+000, 0.000000e+000
 3.547000e-001, 1.423047e+002, 3.224792e+003,-2.558746e+003, 6.789196e+003, 1.980186e+001,-7.315912e+001, 7.215545e+003, 0.000000e+000, 0.000000e+000, 0.000000e+000
 3.547500e-001, 6.146338e+001, 3.254662e+003,-2.512755e+003, 6.670871e+003, 1.864631e+001,-7.116901e+001, 7.091460e+003, 0.000000e+000, 0.000000e+000, 0.000000e+000
 3.548000e-001, 5.555192e+001, 3.263961e+003,-2.472052e+003, 6.550134e+003, 1.743317e+001,-6.918335e+001, 6.965111e+003, 0.000000e+000, 0.000000e+000, 0.000000e+000
 3.548500e-001,-2.650952e+001, 3.290126e+003,-2.425047e+003, 6.427109e+003, 1.625641e+001,-6.715186e+001, 6.836009e+003, 0.000000e+000, 0.000000e+000, 0.000000e+000
 3.549000e-001,-3.139118e+001, 3.298571e+003,-2.381839e+003, 6.301769e+003, 1.501723e+001,-6.512663e+001, 6.704663e+003, 0.000000e+000, 0.000000e+000, 0.000000e+000
 3.549500e-001,-1.143385e+002, 3.320835e+003,-2.333907e+003, 6.174219e+003, 1.382100e+001,-6.305587e+001, 6.570719e+003, 0.000000e+000, 0.000000e+000, 0.000000e+000
 3.550000e-001,-1.184049e+002, 3.328564e+003,-2.288252e+003, 6.044453e+003, 1.255801e+001,-6.099228e+001, 6.434561e+003, 0.000000e+000, 0.000000e+000, 0.000000e+000
 3.550500e-001,-2.018946e+002, 3.346751e+003,-2.239455e+003, 5.912560e+003, 1.134420e+001,-5.888422e+001, 6.295958e+003, 0.000000e+000, 0.000000e+000, 0.000000e+000
 3.551000e-001,-2.053689e+002, 3.353892e+003,-2.191434e+003, 5.778554e+003, 1.005989e+001,-5.678344e+001, 6.155179e+003, 0.000000e+000, 0.000000e+000, 0.000000e+000
 3.551500e-001,-2.890500e+002, 3.367843e+003,-2.141817e+003, 5.642505e+003, 8.830451e+000,-5.463994e+001, 6.012106e+003, 0.000000e+000, 0.000000e+000, 0.000000e+000
 3.552000e-001,-2.921625e+002, 3.374510e+003,-2.091533e+003, 5.504450e+003, 7.527520e+000,-5.250316e+001, 5.866909e+003, 0.000000e+000, 0.000000e+000, 0.000000e+000
 3.552500e-001,-3.756779e+002, 3.384090e+003,-2.041124e+003, 5.364439e+003, 6.284492e+000,-5.032592e+001, 5.719562e+003, 0.000000e+000, 0.000000e+000, 0.000000e+000
 3.553000e-001,-3.786644e+002, 3.390376e+003,-1.988697e+003, 5.222531e+003, 4.965818e+000,-4.815438e+001, 5.570152e+003, 0.000000e+000, 0.000000e+000, 0.000000e+000
 3.553500e-001,-4.616529e+002, 3.395480e+003,-1.937514e+003, 5.078758e+003, 3.711299e+000,-4.594502e+001, 5.418733e+003, 0.000000e+000, 0.000000e+000, 0.000000e+000
 3.554000e-001,-4.647531e+002, 3.401456e+003,-1.883078e+003, 4.933199e+003, 2.379922e+000,-4.374000e+001, 5.265327e+003, 0.000000e+000, 0.000000e+000, 0.000000e+000
 3.554500e-001,-5.468513e+002, 3.402007e+003,-1.831133e+003, 4.785869e+003, 1.116085e+000,-4.150003e+001, 5.110047e+003, 0.000000e+000, 0.000000e+000, 0.000000e+000
 3.555000e-001,-5.503068e+002, 3.407720e+003,-1.774828e+003, 4.636866e+003,-2.247897e-001,-3.926285e+001, 4.952866e+003, 0.000000e+000, 0.000000e+000, 0.000000e+000
 3.555500e-001,-6.311509e+002, 3.403675e+003,-1.722130e+003, 4.486187e+003,-1.495670e+000,-3.699372e+001, 4.793938e+003, 0.000000e+000, 0.000000e+000, 0.000000e+000
 3.556000e-001,-6.352037e+002, 3.409145e+003,-1.664103e+003, 4.333953e+003,-2.842674e+000,-3.472575e+001, 4.633211e+003, 0.000000e+000, 0.000000e+000, 0.000000e+000
 3.556500e-001,-7.144316e+002, 3.400494e+003,-1.610661e+003, 4.180140e+003,-4.118194e+000,-3.242885e+001, 4.470859e+003, 0.000000e+000, 0.000000e+000, 0.000000e+000
 3.557000e-001,-7.193218e+002, 3.405714e+003,-1.551059e+003, 4.024891e+003,-5.467799e+000,-3.013151e+001, 4.306821e+003, 0.000000e+000, 0.000000e+000, 0.000000e+000
 3.557500e-001,-7.965757e+002, 3.392482e+003,-1.496884e+003, 3.868162e+003,-6.745416e+000,-2.780824e+001, 4.141271e+003, 0.000000e+000, 0.000000e+000, 0.000000e+000
 3.558000e-001,-8.025397e+002, 3.397416e+003,-1.435855e+003, 3.710118e+003,-8.093955e+000,-2.548303e+001, 3.974163e+003, 0.000000e+000, 0.000000e+000, 0.000000e+000
 3.558500e-001,-8.774677e+002, 3.379663e+003,-1.380964e+003, 3.550698e+003,-9.370994e+000,-2.313482e+001, 3.805648e+003, 0.000000e+000, 0.000000e+000, 0.000000e+000
 3.559000e-001,-8.847361e+002, 3.384249e+003,-1.318653e+003, 3.390084e+003,-1.071470e+001,-2.078335e+001, 3.635716e+003, 0.000000e+000, 0.000000e+000, 0.000000e+000
 3.559500e-001,-9.569952e+002, 3.362069e+003,-1.263066e+003, 3.228197e+003,-1.198837e+001,-1.841172e+001, 3.464475e+003, 0.000000e+000, 0.000000e+000, 0.000000e+000
 3.560000e-001,-9.657902e+002, 3.366217e+003,-1.199616e+003, 3.065242e+003,-1.332343e+001,-1.603573e+001, 3.291970e+003, 0.000000e+000, 0.000000e+000, 0.000000e+000
 3.560500e-001,-1.035049e+003, 3.339737e+003,-1.143360e+003, 2.901119e+003,-1.459085e+001,-1.364238e+001, 3.118247e+003, 0.000000e+000, 0.000000e+000, 0.000000e+000
 3.561000e-001,-1.045582e+003, 3.343333e+003,-1.078912e+003, 2.736053e+003,-1.591347e+001,-1.124373e+001, 2.943423e+003, 0.000000e+000, 0.000000e+000, 0.000000e+000
 3.561500e-001,-1.111521e+003, 3.312710e+003,-1.022016e+003, 2.569928e+003,-1.717170e+001,-8.830531e+000, 2.767466e+003, 0.000000e+000, 0.000000e+000, 0.000000e+000
 3.562000e-001,-1.123993e+003, 3.315620e+003,-9.567076e+002, 2.402985e+003,-1.847809e+001,-6.411265e+000, 2.590583e+003, 0.000000e+000, 0.000000e+000, 0.000000e+000
 3.562500e-001,-1.186310e+003, 3.281036e+003,-8.992059e+002, 2.235094e+003,-1.972414e+001,-3.980278e+000, 2.412644e+003, 0.000000e+000, 0.000000e+000, 0.000000e+000
 3.563000e-001,-1.200904e+003, 3.283105e+003,-8.331767e+002, 2.066511e+003,-2.101062e+001,-1.542584e+000, 2.233962e+003, 0.000000e+000, 0.000000e+000, 0.000000e+000
 3.563500e-001,-1.259315e+003, 3.244771e+003,-7.751035e+002, 1.897092e+003,-2.224147e+001, 9.039087e-001, 2.054299e+003, 0.000000e+000, 0.000000e+000, 0.000000e+000
 3.564000e-001,-1.276199e+003, 3.245829e+003,-7.084934e+002, 1.727109e+003,-2.350441e+001, 3.357681e+000, 1.874084e+003, 0.000000e+000, 0.000000e+000, 0.000000e+000
 3.564500e-001,-1.330439e+003, 3.203970e+003,-6.498831e+002, 1.556403e+003,-2.471699e+001, 5.817180e+000, 1.692956e+003, 0.000000e+000, 0.000000e+000, 0.000000e+000
 3.565000e-001,-1.349762e+003, 3.203839e+003,-5.828348e+002, 1.385260e+003,-2.595289e+001, 8.284512e+000, 1.511473e+003, 0.000000e+000, 0.000000e+000, 0.000000e+000
 3.565500e-001,-1.399590e+003, 3.158698e+003,-5.237197e+002, 1.213509e+003,-2.714407e+001, 1.075429e+001, 1.329144e+003, 0.000000e+000, 0.000000e+000, 0.000000e+000
 3.566000e-001,-1.421480e+003, 3.157189e+003,-4.563799e+002, 1.041449e+003,-2.834953e+001, 1.323246e+001, 1.146662e+003, 0.000000e+000, 0.000000e+000, 0.000000e+000
 3.566500e-001,-1.466677e+003, 3.109021e+003,-3.967888e+002, 8.688973e+002,-2.951618e+001, 1.570954e+001, 9.633989e+002, 0.000000e+000, 0.000000e+000, 0.000000e+000
 3.567000e-001,-1.491240e+003, 3.105945e+003,-3.293090e+002, 6.961638e+002,-3.068795e+001, 1.819561e+001, 7.801876e+002, 0.000000e+000, 0.000000e+000, 0.000000e+000
 3.567500e-001,-1.531615e+003, 3.055012e+003,-2.692664e+002, 5.230563e+002,-3.182692e+001, 2.067676e+001, 5.962581e+002, 0.000000e+000, 0.000000e+000, 0.000000e+000
 3.568000e-001,-1.558935e+003, 3.050181e+003,-2.018032e+002, 3.498940e+002,-3.296193e+001, 2.316753e+001, 4.125871e+002, 0.000000e+000, 0.000000e+000, 0.000000e+000
 3.568500e-001,-1.594321e+003, 2.996746e+003,-1.413293e+002, 1.764766e+002,-3.407013e+001, 2.564925e+001, 2.282623e+002, 0.000000e+000, 0.000000e+000, 0.000000e+000
 3.569000e-001,-1.624457e+003, 2.989979e+003,-7.404405e+001, 3.130671e+000,-3.516550e+001, 2.814121e+001, 4.440141e+001, 0.000000e+000, 0.000000e+000, 0.000000e+000
 3.569500e-001,-1.654716e+003, 2.934302e+003,-1.315525e+001,-1.703504e+002,-3.623992e+001, 3.061974e+001,-1.400470e+002, 0.000000e+000, 0.000000e+000, 0.000000e+000
 3.570000e-001,-1.687703e+003, 2.925431e+003, 5.378749e+001,-3.436345e+002,-3.729306e+001, 3.310909e+001,-3.238284e+002, 0.000000e+000, 0.000000e+000, 0.000000e+000
 3.570500e-001,-1.712724e+003, 2.867765e+003, 1.150767e+002,-5.169327e+002,-3.833084e+001, 3.558043e+001,-5.081279e+002, 0.000000e+000, 0.000000e+000, 0.000000e+000
 3.571000e-001,-1.748573e+003, 2.856636e+003, 1.815112e+002,-6.899097e+002,-3.933942e+001, 3.806305e+001,-6.915616e+002, 0.000000e+000, 0.000000e+000, 0.000000e+000
 3.571500e-001,-1.768275e+003, 2.797224e+003, 2.431860e+002,-8.627792e+002,-4.033785e+001, 4.052301e+001,-8.754396e+002, 0.000000e+000, 0.000000e+000, 0.000000e+000
 3.572000e-001,-1.806969e+003, 2.783701e+003, 3.089485e+002,-1.035204e+003,-4.129987e+001, 4.299451e+001,-1.058259e+003, 0.000000e+000, 0.000000e+000, 0.000000e+000
 3.572500e-001,-1.821298e+003, 2.722771e+003, 3.709903e+002,-1.207399e+003,-4.225642e+001, 4.543874e+001,-1.241443e+003, 0.000000e+000, 0.000000e+000, 0.000000e+000
 3.573000e-001,-1.862799e+003, 2.706742e+003, 4.359228e+002,-1.379028e+003,-4.317014e+001, 4.789444e+001,-1.423383e+003, 0.000000e+000, 0.000000e+000, 0.000000e+000
 3.573500e-001,-1.871729e+003, 2.644503e+003, 4.983055e+002,-1.550304e+003,-4.408250e+001, 5.031847e+001,-1.605602e+003, 0.000000e+000, 0.000000e+000, 0.000000e+000
 3.574000e-001,-1.915974e+003, 2.625880e+003, 5.622604e+002,-1.720893e+003,-4.494652e+001, 5.275344e+001,-1.786401e+003, 0.000000e+000, 0.000000e+000, 0.000000e+000
 3.574500e-001,-1.919506e+003, 2.562521e+003, 6.249457e+002,-1.891007e+003,-4.581260e+001, 5.515273e+001,-1.967385e+003, 0.000000e+000, 0.000000e+000, 0.000000e+000
 3.575000e-001,-1.966409e+003, 2.541242e+003, 6.877907e+002,-2.060315e+003,-4.662577e+001, 5.756180e+001,-2.146781e+003, 0.000000e+000, 0.000000e+000, 0.000000e+000
 3.575500e-001,-1.964570e+003, 2.476931e+003, 7.507236e+002,-2.229026e+003,-4.744370e+001, 5.993172e+001,-2.326264e+003, 0.000000e+000, 0.000000e+000, 0.000000e+000
 3.576000e-001,-2.014024e+003, 2.452965e+003, 8.123467e+002,-2.396813e+003,-4.820520e+001, 6.230949e+001,-2.504001e+003, 0.000000e+000, 0.000000e+000, 0.000000e+000
 3.576500e-001,-2.006865e+003, 2.387844e+003, 8.754508e+002,-2.563881e+003,-4.897340e+001, 6.464536e+001,-2.681717e+003, 0.000000e+000, 0.000000e+000, 0.000000e+000
 3.577000e-001,-2.058743e+003, 2.361187e+003, 9.357650e+002,-2.729909e+003,-4.968268e+001, 6.698623e+001,-2.857542e+003, 0.000000e+000, 0.000000e+000, 0.000000e+000
 3.577500e-001,-2.046340e+003, 2.295374e+003, 9.989379e+002,-2.895096e+003,-5.039986e+001, 6.928331e+001,-3.033229e+003, 0.000000e+000, 0.000000e+000, 0.000000e+000
 3.578000e-001,-2.100497e+003, 2.266052e+003, 1.057886e+003,-3.059131e+003,-5.105670e+001, 7.158148e+001,-3.206894e+003, 0.000000e+000, 0.000000e+000, 0.000000e+000
 3.578500e-001,-2.082946e+003, 2.199643e+003, 1.120995e+003,-3.222202e+003,-5.172191e+001, 7.383500e+001,-3.380294e+003, 0.000000e+000, 0.000000e+000, 0.000000e+000
 3.579000e-001,-2.139219e+003, 2.167712e+003, 1.178553e+003,-3.384010e+003,-5.232641e+001, 7.608456e+001,-3.551551e+003, 0.000000e+000, 0.000000e+000, 0.000000e+000
 3.579500e-001,-2.116639e+003, 2.100777e+003, 1.241434e+003,-3.544735e+003,-5.293904e+001, 7.828970e+001,-3.722412e+003, 0.000000e+000, 0.000000e+000, 0.000000e+000
 3.580000e-001,-2.174849e+003, 2.066320e+003, 1.297612e+003,-3.704087e+003,-5.349162e+001, 8.048465e+001,-3.891022e+003, 0.000000e+000, 0.000000e+000, 0.000000e+000
 3.580500e-001,-2.147377e+003, 1.998906e+003, 1.360066e+003,-3.862236e+003,-5.405146e+001, 8.263664e+001,-4.059095e+003, 0.000000e+000, 0.000000e+000, 0.000000e+000
 3.581000e-001,-2.207332e+003, 1.962031e+003, 1.414912e+003,-4.018906e+003,-5.455280e+001, 8.477100e+001,-4.224820e+003, 0.000000e+000, 0.000000e+000, 0.000000e+000
 3.581500e-001,-2.175122e+003, 1.894168e+003, 1.476705e+003,-4.174254e+003,-5.505997e+001, 8.686507e+001,-4.389862e+003, 0.000000e+000, 0.000000e+000, 0.000000e+000
 3.582000e-001,-2.236616e+003, 1.855005e+003, 1.530304e+003,-4.328019e+003,-5.551105e+001, 8.893295e+001,-4.552471e+003, 0.000000e+000, 0.000000e+000, 0.000000e+000
 3.582500e-001,-2.199840e+003, 1.786704e+003, 1.591169e+003,-4.480347e+003,-5.596604e+001, 9.096443e+001,-4.714244e+003, 0.000000e+000, 0.000000e+000, 0.000000e+000
 3.583000e-001,-2.262656e+003, 1.745405e+003, 1.643640e+003,-4.630988e+003,-5.636805e+001, 9.296009e+001,-4.873509e+003, 0.000000e+000, 0.000000e+000, 0.000000e+000
 3.583500e-001,-2.221501e+003, 1.676661e+003, 1.703280e+003,-4.780078e+003,-5.677164e+001, 9.492435e+001,-5.031783e+003, 0.000000e+000, 0.000000e+000, 0.000000e+000
 3.584000e-001,-2.285411e+003, 1.633393e+003, 1.754772e+003,-4.927382e+003,-5.712599e+001, 9.684232e+001,-5.187482e+003, 0.000000e+000, 0.000000e+000, 0.000000e+000
 3.584500e-001,-2.240079e+003, 1.564191e+003, 1.812864e+003,-5.073022e+003,-5.747929e+001, 9.873484e+001,-5.342030e+003, 0.000000e+000, 0.000000e+000, 0.000000e+000
 3.585000e-001,-2.304845e+003, 1.519135e+003, 1.863553e+003,-5.216780e+003,-5.778750e+001, 1.005700e+002,-5.493949e+003, 0.000000e+000, 0.000000e+000, 0.000000e+000
 3.585500e-001,-2.255552e+003, 1.449451e+003, 1.919755e+003,-5.358762e+003,-5.809185e+001, 1.023863e+002,-5.644552e+003, 0.000000e+000, 0.000000e+000, 0.000000e+000
 3.586000e-001,-2.320927e+003, 1.402796e+003, 1.969836e+003,-5.498769e+003,-5.835559e+001, 1.041337e+002,-5.792479e+003, 0.000000e+000, 0.000000e+000, 0.000000e+000
 3.586500e-001,-2.267902e+003, 1.332602e+003, 2.023795e+003,-5.636892e+003,-5.861258e+001, 1.058696e+002,-5.938927e+003, 0.000000e+000, 0.000000e+000, 0.000000e+000
 3.587000e-001,-2.333632e+003, 1.284543e+003, 2.073472e+003,-5.772948e+003,-5.883362e+001, 1.075249e+002,-6.082658e+003, 0.000000e+000, 0.000000e+000, 0.000000e+000
 3.587500e-001,-2.277115e+003, 1.213812e+003, 2.124832e+003,-5.907015e+003,-5.904504e+001, 1.091761e+002,-6.224746e+003, 0.000000e+000, 0.000000e+000, 0.000000e+000
 3.588000e-001,-2.342937e+003, 1.164545e+003, 2.174312e+003,-6.038928e+003,-5.922517e+001, 1.107355e+002,-6.364082e+003, 0.000000e+000, 0.000000e+000, 0.000000e+000
 3.588500e-001,-2.283183e+003, 1.093252e+003, 2.222725e+003,-6.168747e+003,-5.939299e+001, 1.122979e+002,-6.501613e+003, 0.000000e+000, 0.000000e+000, 0.000000e+000
 3.589000e-001,-2.348825e+003, 1.042968e+003, 2.272205e+003,-6.296329e+003,-5.953404e+001, 1.137578e+002,-6.636362e+003, 0.000000e+000, 0.000000e+000, 0.000000e+000
 3.589500e-001,-2.286101e+003, 9.710947e+002, 2.317341e+003,-6.421716e+003,-5.966031e+001, 1.152278e+002,-6.769147e+003, 0.000000e+000, 0.000000e+000, 0.000000e+000
 3.590000e-001,-2.351286e+003, 9.199816e+002, 2.367000e+003,-6.544784e+003,-5.976408e+001, 1.165854e+002,-6.899123e+003, 0.000000e+000, 0.000000e+000, 0.000000e+000
 3.590500e-001,-2.285868e+003, 8.475198e+002, 2.408556e+003,-6.665561e+003,-5.985094e+001, 1.179592e+002,-7.026982e+003, 0.000000e+000, 0.000000e+000, 0.000000e+000
 3.591000e-001,-2.350311e+003, 7.957537e+002, 2.458544e+003,-6.783941e+003,-5.991915e+001, 1.192124e+002,-7.152005e+003, 0.000000e+000, 0.000000e+000, 0.000000e+000
 3.591500e-001,-2.282488e+003, 7.227081e+002, 2.496256e+003,-6.899934e+003,-5.996870e+001, 1.204867e+002,-7.274765e+003, 0.000000e+000, 0.000000e+000, 0.000000e+000
 3.592000e-001,-2.345898e+003, 6.704529e+002, 2.546684e+003,-7.013458e+003,-6.000295e+001, 1.216338e+002,-7.394663e+003, 0.000000e+000, 0.000000e+000, 0.000000e+000
 3.592500e-001,-2.275970e+003, 5.968431e+002, 2.580337e+003,-7.124502e+003,-6.001723e+001, 1.228059e+002,-7.512157e+003, 0.000000e+000, 0.000000e+000, 0.000000e+000
 3.593000e-001,-2.338050e+003, 5.442476e+002, 2.631268e+003,-7.233008e+003,-6.001892e+001, 1.238459e+002,-7.626763e+003, 0.000000e+000, 0.000000e+000, 0.000000e+000
 3.593500e-001,-2.266327e+003, 4.701106e+002, 2.660704e+003,-7.338946e+003,-5.999984e+001, 1.249128e+002,-7.738834e+003, 0.000000e+000, 0.000000e+000, 0.000000e+000
 3.594000e-001,-2.326773e+003, 4.173072e+002, 2.712147e+003,-7.442279e+003,-5.997023e+001, 1.258453e+002,-7.847988e+003, 0.000000e+000, 0.000000e+000, 0.000000e+000
 3.594500e-001,-2.253575e+003, 3.426985e+002, 2.737268e+003,-7.542959e+003,-5.991957e+001, 1.268050e+002,-7.954487e+003, 0.000000e+000, 0.000000e+000, 0.000000e+000
 3.595000e-001,-2.312081e+003, 2.898012e+002, 2.789172e+003,-7.640973e+003,-5.985974e+001, 1.276300e+002,-8.058039e+003, 0.000000e+000, 0.000000e+000, 0.000000e+000
 3.595500e-001,-2.237736e+003, 2.147957e+002, 2.809951e+003,-7.736252e+003,-5.977916e+001, 1.284804e+002,-8.158825e+003, 0.000000e+000, 0.000000e+000, 0.000000e+000
 3.596000e-001,-2.293990e+003, 1.618996e+002, 2.862202e+003,-7.828807e+003,-5.968998e+001, 1.291985e+002,-8.256629e+003, 0.000000e+000, 0.000000e+000, 0.000000e+000
 3.596500e-001,-2.218834e+003, 8.659165e+001, 2.878679e+003,-7.918549e+003,-5.958090e+001, 1.299380e+002,-8.351570e+003, 0.000000e+000, 0.000000e+000, 0.000000e+000
 3.597000e-001,-2.272524e+003, 3.377273e+001, 2.931096e+003,-8.005513e+003,-5.946307e+001, 1.305502e+002,-8.443490e+003, 0.000000e+000, 0.000000e+000, 0.000000e+000
 3.597500e-001,-2.196899e+003,-4.172353e+001, 2.943385e+003,-8.089591e+003,-5.932674e+001, 1.311778e+002,-8.532463e+003, 0.000000e+000, 0.000000e+000, 0.000000e+000
 3.598000e-001,-2.247711e+003,-9.440829e+001, 2.995726e+003,-8.170840e+003,-5.918078e+001, 1.316852e+002,-8.618371e+003, 0.000000e+000, 0.000000e+000, 0.000000e+000
 3.598500e-001,-2.171963e+003,-1.699601e+002, 3.004007e+003,-8.249134e+003,-5.901824e+001, 1.322001e+002,-8.701260e+003, 0.000000e+000, 0.000000e+000, 0.000000e+000
 3.599000e-001,-2.219584e+003,-2.224720e+002, 3.055967e+003,-8.324553e+003,-5.884447e+001, 1.326044e+002,-8.781034e+003, 0.000000e+000, 0.000000e+000, 0.000000e+000
 3.599500e-001,-2.144063e+003,-2.979293e+002, 3.060485e+003,-8.396951e+003,-5.865652e+001, 1.330064e+002,-8.857732e+003, 0.000000e+000, 0.000000e+000, 0.000000e+000
 3.600000e-001,-2.188183e+003,-3.502465e+002, 3.111704e+003,-8.466434e+003,-5.845509e+001, 1.333094e+002,-8.931261e+003, 0.000000e+000, 0.000000e+000, 0.000000e+000
 3.600500e-001,-2.113237e+003,-4.254434e+002, 3.112764e+003,-8.532832e+003,-5.824226e+001, 1.335986e+002,-9.001671e+003, 0.000000e+000, 0.000000e+000, 0.000000e+000
 3.601000e-001,-2.153552e+003,-4.775595e+002, 3.162835e+003,-8.596278e+003,-5.801311e+001, 1.338023e+002,-9.068850e+003, 0.000000e+000, 0.000000e+000, 0.000000e+000
 3.601500e-001,-2.079529e+003,-5.523165e+002, 3.160788e+003,-8.656585e+003,-5.777570e+001, 1.339795e+002,-9.132881e+003, 0.000000e+000, 0.000000e+000, 0.000000e+000
 3.602000e-001,-2.115741e+003,-6.042382e+002, 3.209267e+003,-8.713904e+003,-5.751856e+001, 1.340859e+002,-9.193613e+003, 0.000000e+000, 0.000000e+000, 0.000000e+000
 3.602500e-001,-2.042983e+003,-6.783645e+002, 3.204505e+003,-8.768032e+003,-5.725658e+001, 1.341521e+002,-9.251185e+003, 0.000000e+000, 0.000000e+000, 0.000000e+000
 3.603000e-001,-2.074806e+003,-7.301097e+002, 3.250921e+003,-8.819145e+003,-5.697104e+001, 1.341635e+002,-9.305386e+003, 0.000000e+000, 0.000000e+000, 0.000000e+000
 3.603500e-001,-2.003650e+003,-8.034057e+002, 3.243863e+003,-8.867017e+003,-5.668424e+001, 1.341202e+002,-9.356423e+003, 0.000000e+000, 0.000000e+000, 0.000000e+000
 3.604000e-001,-2.030808e+003,-8.550004e+002, 3.287730e+003,-8.911848e+003,-5.636973e+001, 1.340385e+002,-9.404014e+003, 0.000000e+000, 0.000000e+000, 0.000000e+000
 3.604500e-001,-1.961581e+003,-9.272605e+002, 3.278809e+003,-8.953396e+003,-5.605767e+001, 1.338877e+002,-9.448454e+003, 0.000000e+000, 0.000000e+000, 0.000000e+000
 3.605000e-001,-1.983815e+003,-9.787366e+002, 3.319640e+003,-8.991884e+003,-5.571353e+001, 1.337150e+002,-9.489366e+003, 0.000000e+000, 0.000000e+000, 0.000000e+000
 3.605500e-001,-1.916830e+003,-1.049752e+003, 3.309293e+003,-9.027051e+003,-5.537560e+001, 1.334588e+002,-9.527153e+003, 0.000000e+000, 0.000000e+000, 0.000000e+000
 3.606000e-001,-1.933898e+003,-1.101145e+003, 3.346612e+003,-9.059139e+003,-5.500111e+001, 1.331969e+002,-9.561327e+003, 0.000000e+000, 0.000000e+000, 0.000000e+000
 3.606500e-001,-1.869456e+003,-1.170707e+003, 3.335265e+003,-9.087874e+003,-5.463657e+001, 1.328377e+002,-9.592415e+003, 0.000000e+000, 0.000000e+000, 0.000000e+000
 3.607000e-001,-1.881136e+003,-1.222052e+003, 3.368619e+003,-9.113518e+003,-5.423102e+001, 1.324884e+002,-9.619801e+003, 0.000000e+000, 0.000000e+000, 0.000000e+000
 3.607500e-001,-1.819517e+003,-1.289955e+003, 3.356673e+003,-9.135780e+003,-5.383904e+001, 1.320290e+002,-9.644148e+003, 0.000000e+000, 0.000000e+000, 0.000000e+000
 3.608000e-001,-1.825610e+003,-1.341284e+003, 3.385646e+003,-9.154942e+003,-5.340171e+001, 1.315938e+002,-9.664707e+003, 0.000000e+000, 0.000000e+000, 0.000000e+000
 3.608500e-001,-1.767079e+003,-1.407328e+003, 3.373469e+003,-9.170702e+003,-5.298138e+001, 1.310371e+002,-9.682285e+003, 0.000000e+000, 0.000000e+000, 0.000000e+000
 3.609000e-001,-1.767408e+003,-1.458670e+003, 3.397693e+003,-9.183354e+003,-5.251161e+001, 1.305174e+002,-9.695985e+003, 0.000000e+000, 0.000000e+000, 0.000000e+000
 3.609500e-001,-1.712205e+003,-1.522665e+003, 3.385607e+003,-9.192589e+003,-5.206200e+001, 1.298666e+002,-9.706772e+003, 0.000000e+000, 0.000000e+000, 0.000000e+000
 3.610000e-001,-1.706623e+003,-1.574040e+003, 3.404768e+003,-9.198715e+003,-5.155917e+001, 1.292636e+002,-9.713593e+003, 0.000000e+000, 0.000000e+000, 0.000000e+000
 3.610500e-001,-1.654965e+003,-1.635805e+003, 3.393042e+003,-9.201410e+003,-5.107930e+001, 1.285220e+002,-9.717574e+003, 0.000000e+000, 0.000000e+000, 0.000000e+000
 3.611000e-001,-1.643350e+003,-1.687223e+003, 3.406891e+003,-9.201000e+003,-5.054285e+001, 1.278370e+002,-9.717504e+003, 0.000000e+000, 0.000000e+000, 0.000000e+000
 3.611500e-001,-1.595429e+003,-1.746594e+003, 3.395733e+003,-9.197153e+003,-5.003174e+001, 1.270080e+002,-9.714676e+003, 0.000000e+000, 0.000000e+000, 0.000000e+000
 3.612000e-001,-1.577689e+003,-1.798054e+003, 3.404092e+003,-9.190207e+003,-4.946120e+001, 1.262421e+002,-9.707712e+003, 0.000000e+000, 0.000000e+000, 0.000000e+000
 3.612500e-001,-1.533672e+003,-1.854882e+003, 3.393646e+003,-9.179825e+003,-4.891788e+001, 1.253290e+002,-9.698076e+003, 0.000000e+000, 0.000000e+000, 0.000000e+000
 3.613000e-001,-1.509746e+003,-1.906367e+003, 3.396410e+003,-9.166353e+003,-4.831286e+001, 1.244832e+002,-9.684229e+003, 0.000000e+000, 0.000000e+000, 0.000000e+000
 3.613500e-001,-1.469769e+003,-1.960521e+003, 3.386750e+003,-9.149450e+003,-4.773640e+001, 1.234895e+002,-9.667796e+003, 0.000000e+000, 0.000000e+000, 0.000000e+000
 3.614000e-001,-1.439629e+003,-2.012002e+003, 3.383889e+003,-9.129470e+003,-4.709655e+001, 1.225647e+002,-9.647080e+003, 0.000000e+000, 0.000000e+000, 0.000000e+000
 3.614500e-001,-1.403801e+003,-2.063370e+003, 3.375025e+003,-9.106071e+003,-4.648604e+001, 1.214937e+002,-9.623870e+003, 0.000000e+000, 0.000000e+000, 0.000000e+000
 3.615000e-001,-1.367447e+003,-2.114797e+003, 3.366582e+003,-9.079612e+003,-4.581121e+001, 1.204910e+002,-9.596314e+003, 0.000000e+000, 0.000000e+000, 0.000000e+000
 3.615500e-001,-1.335848e+003,-2.163291e+003, 3.358455e+003,-9.049751e+003,-4.516590e+001, 1.193460e+002,-9.566354e+003, 0.000000e+000, 0.000000e+000, 0.000000e+000
 3.616000e-001,-1.293317e+003,-2.214598e+003, 3.344545e+003,-9.016850e+003,-4.445608e+001, 1.182663e+002,-9.531995e+003, 0.000000e+000, 0.000000e+000, 0.000000e+000
 3.616500e-001,-1.265996e+003,-2.260150e+003, 3.337034e+003,-8.980568e+003,-4.377529e+001, 1.170505e+002,-9.495320e+003, 0.000000e+000, 0.000000e+000, 0.000000e+000
 3.617000e-001,-1.217353e+003,-2.311252e+003, 3.317838e+003,-8.941271e+003,-4.303057e+001, 1.158951e+002,-9.454205e+003, 0.000000e+000, 0.000000e+000, 0.000000e+000
 3.617500e-001,-1.194331e+003,-2.353820e+003, 3.310766e+003,-8.898623e+003,-4.231379e+001, 1.146117e+002,-9.410860e+003, 0.000000e+000, 0.000000e+000, 0.000000e+000
 3.618000e-001,-1.139677e+003,-2.404612e+003, 3.286527e+003,-8.852986e+003,-4.153442e+001, 1.133818e+002,-9.363045e+003, 0.000000e+000, 0.000000e+000, 0.000000e+000
 3.618500e-001,-1.120944e+003,-2.444175e+003, 3.279664e+003,-8.804031e+003,-4.078124e+001, 1.120338e+002,-9.313085e+003, 0.000000e+000, 0.000000e+000, 0.000000e+000
 3.619000e-001,-1.060410e+003,-2.494535e+003, 3.250677e+003,-8.752119e+003,-3.996762e+001, 1.107309e+002,-9.258635e+003, 0.000000e+000, 0.000000e+000, 0.000000e+000
 3.619500e-001,-1.045927e+003,-2.531097e+003, 3.243754e+003,-8.696929e+003,-3.917780e+001, 1.093213e+002,-9.202120e+003, 0.000000e+000, 0.000000e+000, 0.000000e+000
 3.620000e-001,-9.796757e+002,-2.580884e+003, 3.210358e+003,-8.638814e+003,-3.833046e+001, 1.079471e+002,-9.141110e+003, 0.000000e+000, 0.000000e+000, 0.000000e+000
 3.620500e-001,-9.693752e+002,-2.614470e+003, 3.203073e+003,-8.577467e+003,-3.750394e+001, 1.064787e+002,-9.078111e+003, 0.000000e+000, 0.000000e+000, 0.000000e+000
 3.621000e-001,-8.975995e+002,-2.663525e+003, 3.165641e+003,-8.513232e+003,-3.662352e+001, 1.050349e+002,-9.010626e+003, 0.000000e+000, 0.000000e+000, 0.000000e+000
 3.621500e-001,-8.913862e+002,-2.694183e+003, 3.157667e+003,-8.445816e+003,-3.576039e+001, 1.035102e+002,-8.941221e+003, 0.000000e+000, 0.000000e+000, 0.000000e+000
 3.622000e-001,-8.143088e+002,-2.742333e+003, 3.116599e+003,-8.375554e+003,-3.484766e+001, 1.019988e+002,-8.867354e+003, 0.000000e+000, 0.000000e+000, 0.000000e+000
 3.622500e-001,-8.120598e+002,-2.770131e+003, 3.107597e+003,-8.302164e+003,-3.394817e+001, 1.004203e+002,-8.791629e+003, 0.000000e+000, 0.000000e+000, 0.000000e+000
 3.623000e-001,-7.299319e+002,-2.817187e+003, 3.063305e+003,-8.225974e+003,-3.300400e+001, 9.884333e+001,-8.711481e+003, 0.000000e+000, 0.000000e+000, 0.000000e+000
 3.623500e-001,-7.314985e+002,-2.842212e+003, 3.052934e+003,-8.146716e+003,-3.206858e+001, 9.721318e+001,-8.629533e+003, 0.000000e+000, 0.000000e+000, 0.000000e+000
 3.624000e-001,-6.445985e+002,-2.887975e+003, 3.005836e+003,-8.064706e+003,-3.109394e+001, 9.557295e+001,-8.543217e+003, 0.000000e+000, 0.000000e+000, 0.000000e+000
 3.624500e-001,-6.498069e+002,-2.910329e+003, 2.993759e+003,-7.979694e+003,-3.012323e+001, 9.389317e+001,-8.455150e+003, 0.000000e+000, 0.000000e+000, 0.000000e+000
 3.625000e-001,-5.584388e+002,-2.954589e+003, 2.944268e+003,-7.891980e+003,-2.911919e+001, 9.219195e+001,-8.362783e+003, 0.000000e+000, 0.000000e+000, 0.000000e+000
 3.625500e-001,-5.670917e+002,-2.974387e+003, 2.930163e+003,-7.801335e+003,-2.811399e+001, 9.046436e+001,-8.268712e+003, 0.000000e+000, 0.000000e+000, 0.000000e+000
 3.626000e-001,-4.715839e+002,-3.016931e+003, 2.878682e+003,-7.708042e+003,-2.708172e+001, 8.870454e+001,-8.170421e+003, 0.000000e+000, 0.000000e+000, 0.000000e+000
 3.626500e-001,-4.834619e+002,-3.034298e+003, 2.862251e+003,-7.611894e+003,-2.604312e+001, 8.693077e+001,-8.070465e+003, 0.000000e+000, 0.000000e+000, 0.000000e+000
 3.627000e-001,-3.841653e+002,-3.074910e+003, 2.809158e+003,-7.513155e+003,-2.498393e+001, 8.511481e+001,-7.966389e+003, 0.000000e+000, 0.000000e+000, 0.000000e+000
 3.627500e-001,-3.990283e+002,-3.089976e+003, 2.790133e+003,-7.411641e+003,-2.391323e+001, 8.329633e+001,-7.860679e+003, 0.000000e+000, 0.000000e+000, 0.000000e+000
 3.628000e-001,-2.963145e+002,-3.128441e+003, 2.735782e+003,-7.307597e+003,-2.282854e+001, 8.142673e+001,-7.750961e+003, 0.000000e+000, 0.000000e+000, 0.000000e+000
 3.628500e-001,-3.139036e+002,-3.141342e+003, 2.713929e+003,-7.200860e+003,-2.172728e+001, 7.956487e+001,-7.639637e+003, 0.000000e+000, 0.000000e+000, 0.000000e+000
 3.629000e-001,-2.081633e+002,-3.177449e+003, 2.658641e+003,-7.091659e+003,-2.061860e+001, 7.764417e+001,-7.524430e+003, 0.000000e+000, 0.000000e+000, 0.000000e+000
 3.629500e-001,-2.282025e+002,-3.188318e+003, 2.633767e+003,-6.979854e+003,-1.948856e+001, 7.574009e+001,-7.407638e+003, 0.000000e+000, 0.000000e+000, 0.000000e+000
 3.630000e-001,-1.198429e+002,-3.221867e+003, 2.577825e+003,-6.865650e+003,-1.835752e+001, 7.377077e+001,-7.287103e+003, 0.000000e+000, 0.000000e+000, 0.000000e+000
 3.630500e-001,-1.420411e+002,-3.230832e+003, 2.549783e+003,-6.748936e+003,-1.720071e+001, 7.182553e+001,-7.165002e+003, 0.000000e+000, 0.000000e+000, 0.000000e+000
 3.631000e-001,-3.148394e+001,-3.261636e+003, 2.493431e+003,-6.629894e+003,-1.604901e+001, 6.981004e+001,-7.039307e+003, 0.000000e+000, 0.000000e+000, 0.000000e+000
 3.631500e-001,-5.553710e+001,-3.268818e+003, 2.462118e+003,-6.508436e+003,-1.486763e+001, 6.782456e+001,-6.912061e+003, 0.000000e+000, 0.000000e+000, 0.000000e+000
 3.632000e-001, 5.678350e+001,-3.296707e+003, 2.405557e+003,-6.384723e+003,-1.369705e+001, 6.576529e+001,-6.781382e+003, 0.000000e+000, 0.000000e+000, 0.000000e+000
 3.632500e-001, 3.119031e+001,-3.302212e+003, 2.370919e+003,-6.258696e+003,-1.249349e+001, 6.374041e+001,-6.649164e+003, 0.000000e+000, 0.000000e+000, 0.000000e+000
 3.633000e-001, 1.448306e+002,-3.327037e+003, 2.314310e+003,-6.130489e+003,-1.130584e+001, 6.163968e+001,-6.513685e+003, 0.000000e+000, 0.000000e+000, 0.000000e+000
 3.633500e-001, 1.180207e+002,-3.330957e+003, 2.276338e+003,-6.000071e+003,-1.008266e+001, 5.957620e+001,-6.376678e+003, 0.000000e+000, 0.000000e+000, 0.000000e+000
 3.634000e-001, 2.325296e+002,-3.352593e+003, 2.219797e+003,-5.867554e+003,-8.879808e+000, 5.743626e+001,-6.236590e+003, 0.000000e+000, 0.000000e+000, 0.000000e+000
 3.634500e-001, 2.048326e+002,-3.355001e+003, 2.178529e+003,-5.732931e+003,-7.639697e+000, 5.533498e+001,-6.094983e+003, 0.000000e+000, 0.000000e+000, 0.000000e+000
 3.635000e-001, 3.197544e+002,-3.373351e+003, 2.122135e+003,-5.596291e+003,-6.423570e+000, 5.315804e+001,-5.950483e+003, 0.000000e+000, 0.000000e+000, 0.000000e+000
 3.635500e-001, 2.915031e+002,-3.374296e+003, 2.077653e+003,-5.457656e+003,-5.169370e+000, 5.101974e+001,-5.804475e+003, 0.000000e+000, 0.000000e+000, 0.000000e+000
 3.636000e-001, 4.063804e+002,-3.389291e+003, 2.021443e+003,-5.317087e+003,-3.941962e+000, 4.880795e+001,-5.655767e+003, 0.000000e+000, 0.000000e+000, 0.000000e+000
 3.636500e-001, 3.779087e+002,-3.388801e+003, 1.973870e+003,-5.174637e+003,-2.676662e+000, 4.663346e+001,-5.505563e+003, 0.000000e+000, 0.000000e+000, 0.000000e+000
 3.637000e-001, 4.922847e+002,-3.400406e+003, 1.917848e+003,-5.030340e+003,-1.440060e+000, 4.438886e+001,-5.352859e+003, 0.000000e+000, 0.000000e+000, 0.000000e+000
 3.637500e-001, 4.639249e+002,-3.398481e+003, 1.867346e+003,-4.884277e+003,-1.667880e-001, 4.217908e+001,-5.198674e+003, 0.000000e+000, 0.000000e+000, 0.000000e+000
 3.638000e-001, 5.773467e+002,-3.406691e+003, 1.811482e+003,-4.736458e+003, 1.076812e+000, 3.990368e+001,-5.042190e+003, 0.000000e+000, 0.000000e+000, 0.000000e+000
 3.638500e-001, 5.494267e+002,-3.403307e+003, 1.758246e+003,-4.586989e+003, 2.354803e+000, 3.765954e+001,-4.884243e+003, 0.000000e+000, 0.000000e+000, 0.000000e+000
 3.639000e-001, 6.614479e+002,-3.408153e+003, 1.702483e+003,-4.435857e+003, 3.603091e+000, 3.535527e+001,-4.724203e+003, 0.000000e+000, 0.000000e+000, 0.000000e+000
 3.639500e-001, 6.342886e+002,-3.403257e+003, 1.646739e+003,-4.283196e+003, 4.882445e+000, 3.307782e+001,-4.562722e+003, 0.000000e+000, 0.000000e+000, 0.000000e+000
 3.640000e-001, 7.444720e+002,-3.404801e+003, 1.590995e+003,-4.128967e+003, 6.132999e+000, 3.074658e+001,-4.399353e+003, 0.000000e+000, 0.000000e+000, 0.000000e+000
 3.640500e-001, 7.183853e+002,-3.398318e+003, 1.532992e+003,-3.973330e+003, 7.410291e+000, 2.843698e+001,-4.234573e+003, 0.000000e+000, 0.000000e+000, 0.000000e+000
 3.641000e-001, 8.263055e+002,-3.396653e+003, 1.477167e+003,-3.816223e+003, 8.660585e+000, 2.608064e+001,-4.068110e+003, 0.000000e+000, 0.000000e+000, 0.000000e+000
 3.641500e-001, 8.015910e+002,-3.388482e+003, 1.417176e+003,-3.657831e+003, 9.932364e+000, 2.374020e+001,-3.900271e+003, 0.000000e+000, 0.000000e+000, 0.000000e+000
 3.642000e-001, 9.068378e+002,-3.383732e+003, 1.361152e+003,-3.498070e+003, 1.117978e+001, 2.136065e+001,-3.730953e+003, 0.000000e+000, 0.000000e+000, 0.000000e+000
 3.642500e-001, 8.837808e+002,-3.373753e+003, 1.299461e+003,-3.337148e+003, 1.244260e+001, 1.899089e+001,-3.560301e+003, 0.000000e+000, 0.000000e+000, 0.000000e+000
 3.643000e-001, 9.859605e+002,-3.366068e+003, 1.243111e+003,-3.174959e+003, 1.368444e+001, 1.659007e+001,-3.388369e+003, 0.000000e+000, 0.000000e+000, 0.000000e+000
 3.643500e-001, 9.648301e+002,-3.354140e+003, 1.180016e+003,-3.011735e+003, 1.493488e+001, 1.419272e+001,-3.215156e+003, 0.000000e+000, 0.000000e+000, 0.000000e+000
 3.644000e-001, 1.063569e+003,-3.343695e+003, 1.123207e+003,-2.847350e+003, 1.616836e+001, 1.177264e+001,-3.040860e+003, 0.000000e+000, 0.000000e+000, 0.000000e+000
 3.644500e-001, 1.044615e+003,-3.329664e+003, 1.059011e+003,-2.682055e+003, 1.740308e+001, 9.349701e+000,-2.865341e+003, 0.000000e+000, 0.000000e+000, 0.000000e+000
 3.645000e-001, 1.139560e+003,-3.316650e+003, 1.001610e+003,-2.515707e+003, 1.862534e+001, 6.912483e+000,-2.688930e+003, 0.000000e+000, 0.000000e+000, 0.000000e+000
 3.645500e-001, 1.123013e+003,-3.300354e+003, 9.366172e+002,-2.348577e+003, 1.984107e+001, 4.466218e+000,-2.511367e+003, 0.000000e+000, 0.000000e+000, 0.000000e+000
 3.646000e-001, 1.213835e+003,-3.284978e+003, 8.784924e+002,-2.180501e+003, 2.104916e+001, 2.014111e+000,-2.333096e+003, 0.000000e+000, 0.000000e+000, 0.000000e+000
 3.646500e-001, 1.199903e+003,-3.266246e+003, 8.130031e+002,-2.011772e+003, 2.224274e+001,-4.529223e-001,-2.153753e+003, 0.000000e+000, 0.000000e+000, 0.000000e+000
 3.647000e-001, 1.286297e+003,-3.248725e+003, 7.540327e+002,-1.842209e+003, 2.343365e+001,-2.917529e+000,-1.973879e+003, 0.000000e+000, 0.000000e+000, 0.000000e+000
 3.647500e-001, 1.275166e+003,-3.227389e+003, 6.883378e+002,-1.672120e+003, 2.460203e+001,-5.402470e+000,-1.793023e+003, 0.000000e+000, 0.000000e+000, 0.000000e+000
 3.648000e-001, 1.356853e+003,-3.207942e+003, 6.284120e+002,-1.501309e+003, 2.577271e+001,-7.877028e+000,-1.611807e+003, 0.000000e+000, 0.000000e+000, 0.000000e+000
 3.648500e-001, 1.348683e+003,-3.183841e+003, 5.627899e+002,-1.330101e+003, 2.691299e+001,-1.037670e+001,-1.429709e+003, 0.000000e+000, 0.000000e+000, 0.000000e+000
 3.649000e-001, 1.425413e+003,-3.162685e+003, 5.018154e+002,-1.158287e+003, 2.806033e+001,-1.285849e+001,-1.247412e+003, 0.000000e+000, 0.000000e+000, 0.000000e+000
 3.649500e-001, 1.420339e+003,-3.135667e+003, 4.365266e+002,-9.862016e+002, 2.916981e+001,-1.536941e+001,-1.064346e+003, 0.000000e+000, 0.000000e+000, 0.000000e+000
 3.650000e-001, 1.491890e+003,-3.113011e+003, 3.744310e+002,-8.136268e+002, 3.029073e+001,-1.785552e+001,-8.812322e+002, 0.000000e+000, 0.000000e+000, 0.000000e+000
 3.650500e-001, 1.490022e+003,-3.082945e+003, 3.097146e+002,-6.409089e+002, 3.136690e+001,-2.037385e+001,-6.974709e+002, 0.000000e+000, 0.000000e+000, 0.000000e+000
 3.651000e-001, 1.556200e+003,-3.058985e+003, 2.464499e+002,-4.678188e+002, 3.245836e+001,-2.286117e+001,-5.138052e+002, 0.000000e+000, 0.000000e+000, 0.000000e+000
 3.651500e-001, 1.557622e+003,-3.025759e+003, 1.825195e+002,-2.947125e+002, 3.349892e+001,-2.538280e+001,-3.296241e+002, 0.000000e+000, 0.000000e+000, 0.000000e+000
 3.652000e-001, 1.618261e+003,-3.000673e+003, 1.180655e+002,-1.213531e+002, 3.455795e+001,-2.786802e+001,-1.456723e+002, 0.000000e+000, 0.000000e+000, 0.000000e+000
 3.652500e-001, 1.623032e+003,-2.964203e+003, 5.510596e+001, 5.189660e+001, 3.556087e+001,-3.038848e+001, 3.865309e+001, 0.000000e+000, 0.000000e+000, 0.000000e+000
 3.653000e-001, 1.677996e+003,-2.938146e+003,-1.052659e+001, 2.252794e+002, 3.658458e+001,-3.286809e+001, 2.226253e+002, 0.000000e+000, 0.000000e+000, 0.000000e+000
 3.653500e-001, 1.686149e+003,-2.898380e+003,-7.236240e+001, 3.984271e+002, 3.754806e+001,-3.538267e+001, 4.068198e+002, 0.000000e+000, 0.000000e+000, 0.000000e+000
 3.654000e-001, 1.735330e+003,-2.871479e+003,-1.391293e+002, 5.715870e+002, 3.853371e+001,-3.785295e+001, 5.905466e+002, 0.000000e+000, 0.000000e+000, 0.000000e+000
 3.654500e-001, 1.746872e+003,-2.828400e+003,-1.997228e+002, 7.443876e+002, 3.945617e+001,-4.035665e+001, 7.743359e+002, 0.000000e+000, 0.000000e+000, 0.000000e+000
 3.655000e-001, 1.790192e+003,-2.800751e+003,-2.675446e+002, 9.170788e+002, 4.040115e+001,-4.281372e+001, 9.575524e+002, 0.000000e+000, 0.000000e+000, 0.000000e+000
 3.655500e-001, 1.805105e+003,-2.754379e+003,-3.268132e+002, 1.089288e+003, 4.128128e+001,-4.530131e+001, 1.140664e+003, 0.000000e+000, 0.000000e+000, 0.000000e+000
 3.656000e-001, 1.842514e+003,-2.726049e+003,-3.955740e+002, 1.261265e+003, 4.218318e+001,-4.774110e+001, 1.323106e+003, 0.000000e+000, 0.000000e+000, 0.000000e+000
 3.656500e-001, 1.860757e+003,-2.676442e+003,-4.534724e+002, 1.432638e+003, 4.301989e+001,-5.020716e+001, 1.505268e+003, 0.000000e+000, 0.000000e+000, 0.000000e+000
 3.657000e-001, 1.892230e+003,-2.647460e+003,-5.230190e+002, 1.603658e+003, 4.387651e+001,-5.262542e+001, 1.686673e+003, 0.000000e+000, 0.000000e+000, 0.000000e+000
 3.657500e-001, 1.913739e+003,-2.594718e+003,-5.795396e+002, 1.773953e+003, 4.466896e+001,-5.506440e+001, 1.867617e+003, 0.000000e+000, 0.000000e+000, 0.000000e+000
 3.658000e-001, 1.939281e+003,-2.565082e+003,-6.496823e+002, 1.943771e+003, 4.547835e+001,-5.745672e+001, 2.047725e+003, 0.000000e+000, 0.000000e+000, 0.000000e+000
 3.658500e-001, 1.963966e+003,-2.509341e+003,-7.048546e+002, 2.112747e+003, 4.622595e+001,-5.986290e+001, 2.227186e+003, 0.000000e+000, 0.000000e+000, 0.000000e+000
 3.659000e-001, 1.983607e+003,-2.479016e+003,-7.753680e+002, 2.281123e+003, 4.698650e+001,-6.222472e+001, 2.405739e+003, 0.000000e+000, 0.000000e+000, 0.000000e+000
 3.659500e-001, 2.011361e+003,-2.420451e+003,-8.292569e+002, 2.448540e+003, 4.768891e+001,-6.459232e+001, 2.583454e+003, 0.000000e+000, 0.000000e+000, 0.000000e+000
 3.660000e-001, 2.025154e+003,-2.389371e+003,-8.998829e+002, 2.615235e+003, 4.839933e+001,-6.691890e+001, 2.760196e+003, 0.000000e+000, 0.000000e+000, 0.000000e+000
 3.660500e-001, 2.055847e+003,-2.328191e+003,-9.525863e+002, 2.780856e+003, 4.905647e+001,-6.924210e+001, 2.935907e+003, 0.000000e+000, 0.000000e+000, 0.000000e+000
 3.661000e-001, 2.063873e+003,-2.296262e+003,-1.023036e+003, 2.945634e+003, 4.971584e+001,-7.152859e+001, 3.110586e+003, 0.000000e+000, 0.000000e+000, 0.000000e+000
 3.661500e-001, 2.097354e+003,-2.232706e+003,-1.074682e+003, 3.109223e+003, 5.032787e+001,-7.380157e+001, 3.284040e+003, 0.000000e+000, 0.000000e+000, 0.000000e+000
 3.662000e-001, 2.099716e+003,-2.199812e+003,-1.144642e+003, 3.271849e+003, 5.093565e+001,-7.604301e+001, 3.456407e+003, 0.000000e+000, 0.000000e+000, 0.000000e+000
 3.662500e-001, 2.135815e+003,-2.134146e+003,-1.195382e+003, 3.433176e+003, 5.150296e+001,-7.826001e+001, 3.627354e+003, 0.000000e+000, 0.000000e+000, 0.000000e+000
 3.663000e-001, 2.132641e+003,-2.100148e+003,-1.264516e+003, 3.593418e+003, 5.205901e+001,-8.045135e+001, 3.797164e+003, 0.000000e+000, 0.000000e+000, 0.000000e+000
 3.663500e-001, 2.171170e+003,-2.032659e+003,-1.314524e+003, 3.752253e+003, 5.258217e+001,-8.260677e+001, 3.965361e+003, 0.000000e+000, 0.000000e+000, 0.000000e+000
 3.664000e-001, 2.162608e+003,-1.997408e+003,-1.382483e+003, 3.909884e+003, 5.308671e+001,-8.474290e+001, 4.132373e+003, 0.000000e+000, 0.000000e+000, 0.000000e+000
 3.664500e-001, 2.203361e+003,-1.928398e+003,-1.431943e+003, 4.066002e+003, 5.356645e+001,-8.683131e+001, 4.297580e+003, 0.000000e+000, 0.000000e+000, 0.000000e+000
 3.665000e-001, 2.189583e+003,-1.891735e+003,-1.498370e+003, 4.220798e+003, 5.402005e+001,-8.890711e+001, 4.461557e+003, 0.000000e+000, 0.000000e+000, 0.000000e+000
 3.665500e-001, 2.232336e+003,-1.821514e+003,-1.547476e+003, 4.373978e+003, 5.445722e+001,-9.092336e+001, 4.623542e+003, 0.000000e+000, 0.000000e+000, 0.000000e+000
 3.666000e-001, 2.213535e+003,-1.783278e+003,-1.612013e+003, 4.525718e+003, 5.486077e+001,-9.293374e+001, 4.784253e+003, 0.000000e+000, 0.000000e+000, 0.000000e+000
 3.666500e-001, 2.258048e+003,-1.712159e+003,-1.660955e+003, 4.675742e+003, 5.525636e+001,-9.487295e+001, 4.942788e+003, 0.000000e+000, 0.000000e+000, 0.000000e+000
 3.667000e-001, 2.234436e+003,-1.672195e+003,-1.723251e+003, 4.824211e+003, 5.561107e+001,-9.681289e+001, 5.100005e+003, 0.000000e+000, 0.000000e+000, 0.000000e+000
 3.667500e-001, 2.280454e+003,-1.600488e+003,-1.772214e+003, 4.970865e+003, 5.596611e+001,-9.867057e+001, 5.254870e+003, 0.000000e+000, 0.000000e+000, 0.000000e+000
 3.668000e-001, 2.252264e+003,-1.558649e+003,-1.831933e+003, 5.115852e+003, 5.627345e+001,-1.005352e+002, 5.408373e+003, 0.000000e+000, 0.000000e+000, 0.000000e+000
 3.668500e-001, 2.299515e+003,-1.486652e+003,-1.881084e+003, 5.258929e+003, 5.658904e+001,-1.023072e+002, 5.559352e+003, 0.000000e+000, 0.000000e+000, 0.000000e+000
 3.669000e-001, 2.267000e+003,-1.442810e+003,-1.937914e+003, 5.400227e+003, 5.685073e+001,-1.040918e+002, 5.708924e+003, 0.000000e+000, 0.000000e+000, 0.000000e+000
 3.669500e-001, 2.315200e+003,-1.370805e+003,-1.987396e+003, 5.539522e+003, 5.712801e+001,-1.057745e+002, 5.855811e+003, 0.000000e+000, 0.000000e+000, 0.000000e+000
 3.670000e-001, 2.278629e+003,-1.324853e+003,-2.041056e+003, 5.676930e+003, 5.734596e+001,-1.074744e+002, 6.001242e+003, 0.000000e+000, 0.000000e+000, 0.000000e+000
 3.670500e-001, 2.327480e+003,-1.253102e+003,-2.090981e+003, 5.812247e+003, 5.758607e+001,-1.090646e+002, 6.143836e+003, 0.000000e+000, 0.000000e+000, 0.000000e+000
 3.671000e-001, 2.287140e+003,-1.204957e+003,-2.141228e+003, 5.945569e+003, 5.776234e+001,-1.106756e+002, 6.284922e+003, 0.000000e+000, 0.000000e+000, 0.000000e+000
 3.671500e-001, 2.336333e+003,-1.133696e+003,-2.191672e+003, 6.076715e+003, 5.796643e+001,-1.121705e+002, 6.423028e+003, 0.000000e+000, 0.000000e+000, 0.000000e+000
 3.672000e-001, 2.292528e+003,-1.083306e+003,-2.238307e+003, 6.205761e+003, 5.810314e+001,-1.136885e+002, 6.559573e+003, 0.000000e+000, 0.000000e+000, 0.000000e+000
 3.672500e-001, 2.341741e+003,-1.012741e+003,-2.289302e+003, 6.332549e+003, 5.827230e+001,-1.150859e+002, 6.693004e+003, 0.000000e+000, 0.000000e+000, 0.000000e+000
 3.673000e-001, 2.294788e+003,-9.600881e+002,-2.332176e+003, 6.457136e+003, 5.837161e+001,-1.165073e+002, 6.824816e+003, 0.000000e+000, 0.000000e+000, 0.000000e+000
 3.673500e-001, 2.343692e+003,-8.903939e+002,-2.383706e+003, 6.579387e+003, 5.850684e+001,-1.178054e+002, 6.953394e+003, 0.000000e+000, 0.000000e+000, 0.000000e+000
 3.674000e-001, 2.293921e+003,-8.354932e+002,-2.422723e+003, 6.699337e+003, 5.857087e+001,-1.191267e+002, 7.080289e+003, 0.000000e+000, 0.000000e+000, 0.000000e+000
 3.674500e-001, 2.342180e+003,-7.668107e+002,-2.474722e+003, 6.816875e+003, 5.867308e+001,-1.203243e+002, 7.203839e+003, 0.000000e+000, 0.000000e+000, 0.000000e+000
 3.675000e-001, 2.289931e+003,-7.097134e+002,-2.509843e+003, 6.932018e+003, 5.870385e+001,-1.215428e+002, 7.325639e+003, 0.000000e+000, 0.000000e+000, 0.000000e+000
 3.675500e-001, 2.337205e+003,-6.421499e+002,-2.562193e+003, 7.044678e+003, 5.877384e+001,-1.226388e+002, 7.443997e+003, 0.000000e+000, 0.000000e+000, 0.000000e+000
 3.676000e-001, 2.282827e+003,-5.829419e+002,-2.593437e+003, 7.154849e+003, 5.877324e+001,-1.237519e+002, 7.560534e+003, 0.000000e+000, 0.000000e+000, 0.000000e+000
 3.676500e-001, 2.328771e+003,-5.165718e+002,-2.645968e+003, 7.262470e+003, 5.881168e+001,-1.247461e+002, 7.673541e+003, 0.000000e+000, 0.000000e+000, 0.000000e+000
 3.677000e-001, 2.272620e+003,-4.553727e+002,-2.673409e+003, 7.367512e+003, 5.878142e+001,-1.257517e+002, 7.784651e+003, 0.000000e+000, 0.000000e+000, 0.000000e+000
 3.677500e-001, 2.316889e+003,-3.902388e+002,-2.725901e+003, 7.469941e+003, 5.878891e+001,-1.266439e+002, 7.892157e+003, 0.000000e+000, 0.000000e+000, 0.000000e+000
 3.678000e-001, 2.259323e+003,-3.271997e+002,-2.749668e+003, 7.569706e+003, 5.873050e+001,-1.275404e+002, 7.997687e+003, 0.000000e+000, 0.000000e+000, 0.000000e+000
 3.678500e-001, 2.301577e+003,-2.633157e+002,-2.801852e+003, 7.666797e+003, 5.870751e+001,-1.283308e+002, 8.099547e+003, 0.000000e+000, 0.000000e+000, 0.000000e+000
 3.679000e-001, 2.242956e+003,-1.986157e+002,-2.822125e+003, 7.761142e+003, 5.862226e+001,-1.291171e+002, 8.199349e+003, 0.000000e+000, 0.000000e+000, 0.000000e+000
 3.679500e-001, 2.282858e+003,-1.359698e+002,-2.873693e+003, 7.852757e+003, 5.856916e+001,-1.298061e+002, 8.295430e+003, 0.000000e+000, 0.000000e+000, 0.000000e+000
 3.680000e-001, 2.223538e+003,-6.981223e+001,-2.890697e+003, 7.941548e+003, 5.845809e+001,-1.304814e+002, 8.389364e+003, 0.000000e+000, 0.000000e+000, 0.000000e+000
 3.680500e-001, 2.260760e+003,-8.371047e+000,-2.941300e+003, 8.027557e+003, 5.837512e+001,-1.310698e+002, 8.479535e+003, 0.000000e+000, 0.000000e+000, 0.000000e+000
 3.681000e-001, 2.201094e+003, 5.902095e+001,-2.955301e+003, 8.110668e+003, 5.823903e+001,-1.316339e+002, 8.567474e+003, 0.000000e+000, 0.000000e+000, 0.000000e+000
 3.681500e-001, 2.235318e+003, 1.193079e+002,-3.004563e+003, 8.190949e+003, 5.812634e+001,-1.321226e+002, 8.651615e+003, 0.000000e+000, 0.000000e+000, 0.000000e+000
 3.682000e-001, 2.175650e+003, 1.876967e+002,-3.015854e+003, 8.268263e+003, 5.796574e+001,-1.325756e+002, 8.733435e+003, 0.000000e+000, 0.000000e+000, 0.000000e+000
 3.682500e-001, 2.206574e+003, 2.468923e+002,-3.063381e+003, 8.342699e+003, 5.782337e+001,-1.329657e+002, 8.811434e+003, 0.000000e+000, 0.000000e+000, 0.000000e+000
 3.683000e-001, 2.147238e+003, 3.160303e+002,-3.072281e+003, 8.414105e+003, 5.763846e+001,-1.333083e+002, 8.887021e+003, 0.000000e+000, 0.000000e+000, 0.000000e+000
 3.683500e-001, 2.174575e+003, 3.742049e+002,-3.117661e+003, 8.482593e+003, 5.746633e+001,-1.336009e+002, 8.958773e+003, 0.000000e+000, 0.000000e+000, 0.000000e+000
 3.684000e-001, 2.115889e+003, 4.438401e+002,-3.124502e+003, 8.547991e+003, 5.725706e+001,-1.338342e+002, 9.028024e+003, 0.000000e+000, 0.000000e+000, 0.000000e+000
 3.684500e-001, 2.139373e+003, 5.010663e+002,-3.167326e+003, 8.610433e+003, 5.705498e+001,-1.340307e+002, 9.093433e+003, 0.000000e+000, 0.000000e+000, 0.000000e+000
 3.685000e-001, 2.081641e+003, 5.709470e+002,-3.172443e+003, 8.669729e+003, 5.682103e+001,-1.341560e+002, 9.156252e+003, 0.000000e+000, 0.000000e+000, 0.000000e+000
 3.685500e-001, 2.101026e+003, 6.272955e+002,-3.212306e+003, 8.726035e+003, 5.658874e+001,-1.342577e+002, 9.215228e+003, 0.000000e+000, 0.000000e+000, 0.000000e+000
 3.686000e-001, 2.044533e+003, 6.971752e+002,-3.216031e+003, 8.779146e+003, 5.632959e+001,-1.342767e+002, 9.271529e+003, 0.000000e+000, 0.000000e+000, 0.000000e+000
 3.686500e-001, 2.059599e+003, 7.527099e+002,-3.252545e+003, 8.829236e+003, 5.606675e+001,-1.342849e+002, 9.323990e+003, 0.000000e+000, 0.000000e+000, 0.000000e+000
 3.687000e-001, 2.004608e+003, 8.223516e+002,-3.255195e+003, 8.876088e+003, 5.578167e+001,-1.341997e+002, 9.373698e+003, 0.000000e+000, 0.000000e+000, 0.000000e+000
 3.687500e-001, 2.015159e+003, 8.771265e+002,-3.287997e+003, 8.919891e+003, 5.548792e+001,-1.341155e+002, 9.419573e+003, 0.000000e+000, 0.000000e+000, 0.000000e+000
 3.688000e-001, 1.961911e+003, 9.463058e+002,-3.289867e+003, 8.960417e+003, 5.517605e+001,-1.339284e+002, 9.462619e+003, 0.000000e+000, 0.000000e+000, 0.000000e+000
 3.688500e-001, 1.967782e+003, 1.000362e+003,-3.318626e+003, 8.997870e+003, 5.485096e+001,-1.337532e+002, 9.501844e+003, 0.000000e+000, 0.000000e+000, 0.000000e+000
 3.689000e-001, 1.916495e+003, 1.068871e+003,-3.319982e+003, 9.032013e+003, 5.451133e+001,-1.334665e+002, 9.538169e+003, 0.000000e+000, 0.000000e+000, 0.000000e+000
 3.689500e-001, 1.917544e+003, 1.122234e+003,-3.344407e+003, 9.063063e+003, 5.415445e+001,-1.332015e+002, 9.570687e+003, 0.000000e+000, 0.000000e+000, 0.000000e+000
 3.690000e-001, 1.868410e+003, 1.189882e+003,-3.345479e+003, 9.090774e+003, 5.378598e+001,-1.328178e+002, 9.600241e+003, 0.000000e+000, 0.000000e+000, 0.000000e+000
 3.690500e-001, 1.864529e+003, 1.242560e+003,-3.365325e+003, 9.115377e+003, 5.339685e+001,-1.324640e+002, 9.626006e+003, 0.000000e+000, 0.000000e+000, 0.000000e+000
 3.691000e-001, 1.817715e+003, 1.309177e+003,-3.366301e+003, 9.136618e+003, 5.299845e+001,-1.319861e+002, 9.648750e+003, 0.000000e+000, 0.000000e+000, 0.000000e+000
 3.691500e-001, 1.808822e+003, 1.361160e+003,-3.381371e+003, 9.154739e+003, 5.257664e+001,-1.315447e+002, 9.667721e+003, 0.000000e+000, 0.000000e+000, 0.000000e+000
 3.692000e-001, 1.764470e+003, 1.426595e+003,-3.382397e+003, 9.169480e+003, 5.214723e+001,-1.309753e+002, 9.683625e+003, 0.000000e+000, 0.000000e+000, 0.000000e+000
 3.692500e-001, 1.750515e+003, 1.477856e+003,-3.392548e+003, 9.181093e+003, 5.169231e+001,-1.304473e+002, 9.695773e+003, 0.000000e+000, 0.000000e+000, 0.000000e+000
 3.693000e-001, 1.708740e+003, 1.541980e+003,-3.393722e+003, 9.189314e+003, 5.123087e+001,-1.297892e+002, 9.704816e+003, 0.000000e+000, 0.000000e+000, 0.000000e+000
 3.693500e-001, 1.689702e+003, 1.592474e+003,-3.398865e+003, 9.194401e+003, 5.074248e+001,-1.291758e+002, 9.710119e+003, 0.000000e+000, 0.000000e+000, 0.000000e+000
 3.694000e-001, 1.650593e+003, 1.655176e+003,-3.400235e+003, 9.196092e+003, 5.024807e+001,-1.284317e+002, 9.712289e+003, 0.000000e+000, 0.000000e+000, 0.000000e+000
 3.694500e-001, 1.626478e+003, 1.704842e+003,-3.400336e+003, 9.194646e+003, 4.972588e+001,-1.277339e+002, 9.710735e+003, 0.000000e+000, 0.000000e+000, 0.000000e+000
 3.695000e-001, 1.590102e+003, 1.766029e+003,-3.401907e+003, 9.189804e+003, 4.919769e+001,-1.269065e+002, 9.706029e+003, 0.000000e+000, 0.000000e+000, 0.000000e+000
 3.695500e-001, 1.560944e+003, 1.814792e+003,-3.396985e+003, 9.181827e+003, 4.864146e+001,-1.261254e+002, 9.697616e+003, 0.000000e+000, 0.000000e+000, 0.000000e+000
 3.696000e-001, 1.527343e+003, 1.874388e+003,-3.398713e+003, 9.170459e+003, 4.807886e+001,-1.252175e+002, 9.686042e+003, 0.000000e+000, 0.000000e+000, 0.000000e+000
 3.696500e-001, 1.493203e+003, 1.922161e+003,-3.388837e+003, 9.155963e+003, 4.748843e+001,-1.243540e+002, 9.670774e+003, 0.000000e+000, 0.000000e+000, 0.000000e+000
 3.697000e-001, 1.462397e+003, 1.980104e+003,-3.390637e+003, 9.138085e+003, 4.689091e+001,-1.233682e+002, 9.652348e+003, 0.000000e+000, 0.000000e+000, 0.000000e+000
 3.697500e-001, 1.423359e+003, 2.026793e+003,-3.375926e+003, 9.117091e+003, 4.626619e+001,-1.224236e+002, 9.630240e+003, 0.000000e+000, 0.000000e+000, 0.000000e+000
 3.698000e-001, 1.395347e+003, 2.083030e+003,-3.377675e+003, 9.092729e+003, 4.563345e+001,-1.213623e+002, 9.604988e+003, 0.000000e+000, 0.000000e+000, 0.000000e+000
 3.698500e-001, 1.351520e+003, 2.128534e+003,-3.358289e+003, 9.065266e+003, 4.497441e+001,-1.203378e+002, 9.576065e+003, 0.000000e+000, 0.000000e+000, 0.000000e+000
 3.699000e-001, 1.326279e+003, 2.183023e+003,-3.359827e+003, 9.034456e+003, 4.430629e+001,-1.192035e+002, 9.544021e+003, 0.000000e+000, 0.000000e+000, 0.000000e+000
 3.699500e-001, 1.277795e+003, 2.227237e+003,-3.335965e+003, 9.000562e+003, 4.361300e+001,-1.181005e+002, 9.508316e+003, 0.000000e+000, 0.000000e+000, 0.000000e+000
 3.700000e-001, 1.255286e+003, 2.279940e+003,-3.337106e+003, 8.963348e+003, 4.290951e+001,-1.168957e+002, 9.469526e+003, 0.000000e+000, 0.000000e+000, 0.000000e+000
 3.700500e-001, 1.202295e+003, 2.322760e+003,-3.309001e+003, 8.923070e+003, 4.218210e+001,-1.157155e+002, 9.427082e+003, 0.000000e+000, 0.000000e+000, 0.000000e+000
 3.701000e-001, 1.182462e+003, 2.373644e+003,-3.309533e+003, 8.879506e+003, 4.144344e+001,-1.144425e+002, 9.381597e+003, 0.000000e+000, 0.000000e+000, 0.000000e+000
 3.701500e-001, 1.125135e+003, 2.414969e+003,-3.277444e+003, 8.832904e+003, 4.068212e+001,-1.131868e+002, 9.332465e+003, 0.000000e+000, 0.000000e+000, 0.000000e+000
 3.702000e-001, 1.107903e+003, 2.463999e+003,-3.277141e+003, 8.783052e+003, 3.990867e+001,-1.118477e+002, 9.280349e+003, 0.000000e+000, 0.000000e+000, 0.000000e+000
 3.702500e-001, 1.046428e+003, 2.503733e+003,-3.241349e+003, 8.730191e+003, 3.911377e+001,-1.105182e+002, 9.224589e+003, 0.000000e+000, 0.000000e+000, 0.000000e+000
 3.703000e-001, 1.031710e+003, 2.550873e+003,-3.239970e+003, 8.674121e+003, 3.830610e+001,-1.091152e+002, 9.165912e+003, 0.000000e+000, 0.000000e+000, 0.000000e+000
 3.703500e-001, 9.662927e+002, 2.588929e+003,-3.200771e+003, 8.615077e+003, 3.747807e+001,-1.077136e+002, 9.103598e+003, 0.000000e+000, 0.000000e+000, 0.000000e+000
 3.704000e-001, 9.539855e+002, 2.634139e+003,-3.198070e+003, 8.552870e+003, 3.663693e+001,-1.062487e+002, 9.038440e+003, 0.000000e+000, 0.000000e+000, 0.000000e+000
 3.704500e-001, 8.848470e+002, 2.670438e+003,-3.155771e+003, 8.487727e+003, 3.577633e+001,-1.047768e+002, 8.969649e+003, 0.000000e+000, 0.000000e+000, 0.000000e+000
 3.705000e-001, 8.748359e+002, 2.713674e+003,-3.151500e+003, 8.419472e+003, 3.490263e+001,-1.032521e+002, 8.898101e+003, 0.000000e+000, 0.000000e+000, 0.000000e+000
 3.705500e-001, 8.022112e+002, 2.748149e+003,-3.106413e+003, 8.348321e+003, 3.401013e+001,-1.017119e+002, 8.822922e+003, 0.000000e+000, 0.000000e+000, 0.000000e+000
 3.706000e-001, 7.943685e+002, 2.789358e+003,-3.100329e+003, 8.274115e+003, 3.310495e+001,-1.001291e+002, 8.745078e+003, 0.000000e+000, 0.000000e+000, 0.000000e+000
 3.706500e-001, 7.185067e+002, 2.821956e+003,-3.052766e+003, 8.197061e+003, 3.218137e+001,-9.852251e+001, 8.663610e+003, 0.000000e+000, 0.000000e+000, 0.000000e+000
 3.707000e-001, 7.126933e+002, 2.861079e+003,-3.044633e+003, 8.117009e+003, 3.124594e+001,-9.688351e+001, 8.579579e+003, 0.000000e+000, 0.000000e+000, 0.000000e+000
 3.707500e-001, 6.338564e+002, 2.891759e+003,-2.994902e+003, 8.034158e+003, 3.029221e+001,-9.521273e+001, 8.491931e+003, 0.000000e+000, 0.000000e+000, 0.000000e+000
 3.708000e-001, 6.299219e+002, 2.928729e+003,-2.984497e+003, 7.948377e+003, 2.932785e+001,-9.351929e+001, 8.401825e+003, 0.000000e+000, 0.000000e+000, 0.000000e+000
 3.708500e-001, 5.483845e+002, 2.957462e+003,-2.932899e+003, 7.859849e+003, 2.834501e+001,-9.178648e+001, 8.308112e+003, 0.000000e+000, 0.000000e+000, 0.000000e+000
 3.709000e-001, 5.461678e+002, 2.992206e+003,-2.920013e+003, 7.768459e+003, 2.735317e+001,-9.004034e+001, 8.212057e+003, 0.000000e+000, 0.000000e+000, 0.000000e+000
 3.709500e-001, 4.622161e+002, 3.018978e+003,-2.866837e+003, 7.674379e+003, 2.634237e+001,-8.824773e+001, 8.112407e+003, 0.000000e+000, 0.000000e+000, 0.000000e+000
 3.710000e-001, 4.615459e+002, 3.051413e+003,-2.851281e+003, 7.577513e+003, 2.532458e+001,-8.645060e+001, 8.010532e+003, 0.000000e+000, 0.000000e+000, 0.000000e+000
 3.710500e-001, 3.754774e+002, 3.076223e+003,-2.796803e+003, 7.478015e+003, 2.428711e+001,-8.460046e+001, 7.905079e+003, 0.000000e+000, 0.000000e+000, 0.000000e+000
 3.711000e-001, 3.761725e+002, 3.106263e+003,-2.778409e+003, 7.375809e+003, 2.324502e+001,-8.275395e+001, 7.797524e+003, 0.000000e+000, 0.000000e+000, 0.000000e+000
 3.711500e-001, 2.882954e+002, 3.129120e+003,-2.722889e+003, 7.271035e+003, 2.218227e+001,-8.084856e+001, 7.686415e+003, 0.000000e+000, 0.000000e+000, 0.000000e+000
 3.712000e-001, 2.901651e+002, 3.156672e+003,-2.701510e+003, 7.163636e+003, 2.111758e+001,-7.895429e+001, 7.573328e+003, 0.000000e+000, 0.000000e+000, 0.000000e+000
 3.712500e-001, 2.007974e+002, 3.177597e+003,-2.645189e+003, 7.053736e+003, 2.003106e+001,-7.699595e+001, 7.456714e+003, 0.000000e+000, 0.000000e+000, 0.000000e+000
 3.713000e-001, 2.036425e+002, 3.202565e+003,-2.620705e+003, 6.941296e+003, 1.894555e+001,-7.505545e+001, 7.338251e+003, 0.000000e+000, 0.000000e+000, 0.000000e+000
 3.713500e-001, 1.131114e+002, 3.221588e+003,-2.563805e+003, 6.826426e+003, 1.783687e+001,-7.304646e+001, 7.216295e+003, 0.000000e+000, 0.000000e+000, 0.000000e+000
 3.714000e-001, 1.167240e+002, 3.243874e+003,-2.536119e+003, 6.709107e+003, 1.673236e+001,-7.106126e+001, 7.092621e+003, 0.000000e+000, 0.000000e+000, 0.000000e+000
 3.714500e-001, 2.536507e+001, 3.261032e+003,-2.478842e+003, 6.589431e+003, 1.560323e+001,-6.900396e+001, 6.965495e+003, 0.000000e+000, 0.000000e+000, 0.000000e+000
 3.715000e-001, 2.953036e+001, 3.280536e+003,-2.447884e+003, 6.467398e+003, 1.448159e+001,-6.697556e+001, 6.836779e+003, 0.000000e+000, 0.000000e+000, 0.000000e+000
 3.715500e-001,-6.231381e+001, 3.295876e+003,-2.390410e+003, 6.343086e+003, 1.333383e+001,-6.487225e+001, 6.704663e+003, 0.000000e+000, 0.000000e+000, 0.000000e+000
 3.716000e-001,-5.781732e+001, 3.312500e+003,-2.356138e+003, 6.216516e+003, 1.219696e+001,-6.280211e+001, 6.571084e+003, 0.000000e+000, 0.000000e+000, 0.000000e+000
 3.716500e-001,-1.497979e+002, 3.326070e+003,-2.298623e+003, 6.087745e+003, 1.103247e+001,-6.065513e+001, 6.434167e+003, 0.000000e+000, 0.000000e+000, 0.000000e+000
 3.717000e-001,-1.451970e+002, 3.339718e+003,-2.261024e+003, 5.956816e+003, 9.882345e+000,-5.854472e+001, 6.295912e+003, 0.000000e+000, 0.000000e+000, 0.000000e+000
 3.717500e-001,-2.369606e+002, 3.351571e+003,-2.203600e+003, 5.823769e+003, 8.703155e+000,-5.635638e+001, 6.154388e+003, 0.000000e+000, 0.000000e+000, 0.000000e+000
 3.718000e-001,-2.324859e+002, 3.362150e+003,-2.162688e+003, 5.688669e+003, 7.541812e+000,-5.420711e+001, 6.011651e+003, 0.000000e+000, 0.000000e+000, 0.000000e+000
 3.718500e-001,-3.236760e+002, 3.372341e+003,-2.105466e+003, 5.551536e+003, 6.350069e+000,-5.197971e+001, 5.865725e+003, 0.000000e+000, 0.000000e+000, 0.000000e+000
 3.719000e-001,-3.195607e+002, 3.379766e+003,-2.061285e+003, 5.412456e+003, 5.179620e+000,-4.979297e+001, 5.718706e+003, 0.000000e+000, 0.000000e+000, 0.000000e+000
 3.719500e-001,-4.098196e+002, 3.388349e+003,-2.004349e+003, 5.271432e+003, 3.977604e+000,-4.752877e+001, 5.568588e+003, 0.000000e+000, 0.000000e+000, 0.000000e+000
 3.720000e-001,-4.062978e+002, 3.392541e+003,-1.956970e+003, 5.128571e+003, 2.800245e+000,-4.530594e+001, 5.417495e+003, 0.000000e+000, 0.000000e+000, 0.000000e+000
 3.720500e-001,-4.952684e+002, 3.399570e+003,-1.900379e+003, 4.983856e+003, 1.590360e+000,-4.300721e+001, 5.263404e+003, 0.000000e+000, 0.000000e+000, 0.000000e+000
 3.721000e-001,-4.925731e+002, 3.400458e+003,-1.849903e+003, 4.837417e+003, 4.083641e-001,-4.074964e+001, 5.108451e+003, 0.000000e+000, 0.000000e+000, 0.000000e+000
 3.721500e-001,-5.799009e+002, 3.405986e+003,-1.793695e+003, 4.689218e+003,-8.068680e-001,-3.841864e+001, 4.950613e+003, 0.000000e+000, 0.000000e+000, 0.000000e+000
 3.722000e-001,-5.782624e+002, 3.403508e+003,-1.740250e+003, 4.539409e+003,-1.991159e+000,-3.612774e+001, 4.792018e+003, 0.000000e+000, 0.000000e+000, 0.000000e+000
 3.722500e-001,-6.635978e+002, 3.407583e+003,-1.684435e+003, 4.387936e+003,-3.209116e+000,-3.376674e+001, 4.630665e+003, 0.000000e+000, 0.000000e+000, 0.000000e+000
 3.723000e-001,-6.632414e+002, 3.401690e+003,-1.628177e+003, 4.234970e+003,-4.393309e+000,-3.144396e+001, 4.468656e+003, 0.000000e+000, 0.000000e+000, 0.000000e+000
 3.723500e-001,-7.462419e+002, 3.404354e+003,-1.572744e+003, 4.080438e+003,-5.611283e+000,-2.905530e+001, 4.304023e+003, 0.000000e+000, 0.000000e+000, 0.000000e+000
 3.724000e-001,-7.473860e+002, 3.395009e+003,-1.513854e+003, 3.924532e+003,-6.792944e+000,-2.670223e+001, 4.138832e+003, 0.000000e+000, 0.000000e+000, 0.000000e+000
 3.724500e-001,-8.277186e+002, 3.396302e+003,-1.458770e+003, 3.767162e+003,-8.008161e+000,-2.428829e+001, 3.971164e+003, 0.000000e+000, 0.000000e+000, 0.000000e+000
 3.725000e-001,-8.305727e+002, 3.383479e+003,-1.397452e+003, 3.608537e+003,-9.184831e+000,-2.190662e+001, 3.803027e+003, 0.000000e+000, 0.000000e+000, 0.000000e+000
 3.725500e-001,-9.079155e+002, 3.383431e+003,-1.342663e+003, 3.448552e+003,-1.039446e+001,-1.946989e+001, 3.632571e+003, 0.000000e+000, 0.000000e+000, 0.000000e+000
 3.726000e-001,-9.126780e+002, 3.367120e+003,-1.279147e+003, 3.287433e+003,-1.156366e+001,-1.706149e+001, 3.461730e+003, 0.000000e+000, 0.000000e+000, 0.000000e+000
 3.726500e-001,-9.867230e+002, 3.365756e+003,-1.224581e+003, 3.125060e+003,-1.276481e+001,-1.460455e+001, 3.288738e+003, 0.000000e+000, 0.000000e+000, 0.000000e+000
 3.727000e-001,-9.935795e+002, 3.345961e+003,-1.159112e+003, 2.961676e+003,-1.392405e+001,-1.217148e+001, 3.115441e+003, 0.000000e+000, 0.000000e+000, 0.000000e+000
 3.727500e-001,-1.064034e+003, 3.343294e+003,-1.104682e+003, 2.797146e+003,-1.511382e+001,-9.696997e+000, 2.940170e+003, 0.000000e+000, 0.000000e+000, 0.000000e+000
 3.728000e-001,-1.073156e+003, 3.320038e+003,-1.037525e+003, 2.631729e+003,-1.626061e+001,-7.241527e+000, 2.764667e+003, 0.000000e+000, 0.000000e+000, 0.000000e+000
 3.728500e-001,-1.139745e+003, 3.316073e+003,-9.831307e+002, 2.465274e+003,-1.743604e+001,-4.752274e+000, 2.587375e+003, 0.000000e+000, 0.000000e+000, 0.000000e+000
 3.729000e-001,-1.151286e+003, 3.289392e+003,-9.145605e+002, 2.298059e+003,-1.856789e+001,-2.276914e+000, 2.409922e+003, 0.000000e+000, 0.000000e+000, 0.000000e+000
 3.729500e-001,-1.213754e+003, 3.284125e+003,-8.600947e+002, 2.129917e+003,-1.972603e+001, 2.242147e-001, 2.230873e+003, 0.000000e+000, 0.000000e+000, 0.000000e+000
 3.730000e-001,-1.227852e+003, 3.254075e+003,-7.903959e+002, 1.961139e+003,-2.084050e+001, 2.716690e+000, 2.051728e+003, 0.000000e+000, 0.000000e+000, 0.000000e+000
 3.730500e-001,-1.285964e+003, 3.247487e+003,-7.357457e+002, 1.791550e+003,-2.197839e+001, 5.226681e+000, 1.871186e+003, 0.000000e+000, 0.000000e+000, 0.000000e+000
 3.731000e-001,-1.302736e+003, 3.214143e+003,-6.652066e+002, 1.621448e+003,-2.307306e+001, 7.733216e+000, 1.690611e+003, 0.000000e+000, 0.000000e+000, 0.000000e+000
 3.731500e-001,-1.356279e+003, 3.206205e+003,-6.102595e+002, 1.450651e+003,-2.418779e+001, 1.024892e+001, 1.508842e+003, 0.000000e+000, 0.000000e+000, 0.000000e+000
 3.732000e-001,-1.375825e+003, 3.169661e+003,-5.391672e+002, 1.279468e+003,-2.526031e+001, 1.276616e+001, 1.327101e+003, 0.000000e+000, 0.000000e+000, 0.000000e+000
 3.732500e-001,-1.424608e+003, 3.160330e+003,-4.838158e+002, 1.107705e+003,-2.634901e+001, 1.528429e+001, 1.144373e+003, 0.000000e+000, 0.000000e+000, 0.000000e+000
 3.733000e-001,-1.447004e+003, 3.120700e+003,-4.124513e+002, 9.356823e+002,-2.739714e+001, 1.780856e+001, 9.617324e+002, 0.000000e+000, 0.000000e+000, 0.000000e+000
 3.733500e-001,-1.490862e+003, 3.109921e+003,-3.565977e+002, 7.631977e+002,-2.845703e+001, 2.032570e+001, 7.783130e+002, 0.000000e+000, 0.000000e+000, 0.000000e+000
 3.734000e-001,-1.516164e+003, 3.067338e+003,-2.852307e+002, 5.905787e+002,-2.947859e+001, 2.285303e+001, 5.950407e+002, 0.000000e+000, 0.000000e+000, 0.000000e+000
 3.734500e-001,-1.554954e+003, 3.055040e+003,-2.287922e+002, 4.176173e+002,-3.050698e+001, 2.536562e+001, 4.111980e+002, 0.000000e+000, 0.000000e+000, 0.000000e+000
 3.735000e-001,-1.583198e+003, 3.009660e+003,-1.576761e+002, 2.446464e+002,-3.149993e+001, 2.789174e+001, 2.275627e+002, 0.000000e+000, 0.000000e+000, 0.000000e+000
 3.735500e-001,-1.616803e+003, 2.995759e+003,-1.005892e+002, 7.145354e+001,-3.249427e+001, 3.039609e+001, 4.356442e+001, 0.000000e+000, 0.000000e+000, 0.000000e+000
 3.736000e-001,-1.648002e+003, 2.947756e+003,-2.995606e+001,-1.016243e+002,-3.345668e+001, 3.291646e+001,-1.401644e+002, 0.000000e+000, 0.000000e+000, 0.000000e+000
 3.736500e-001,-1.676329e+003, 2.932155e+003, 2.781880e+001,-2.748029e+002,-3.441457e+001, 3.540875e+001,-3.240517e+002, 0.000000e+000, 0.000000e+000, 0.000000e+000
 3.737000e-001,-1.710476e+003, 2.881722e+003, 9.776217e+001,-4.477428e+002,-3.534466e+001, 3.791856e+001,-5.076045e+002, 0.000000e+000, 0.000000e+000, 0.000000e+000
 3.737500e-001,-1.733457e+003, 2.864311e+003, 1.562370e+002,-6.206614e+002,-3.626384e+001, 4.039486e+001,-6.911155e+002, 0.000000e+000, 0.000000e+000, 0.000000e+000
 3.738000e-001,-1.770521e+003, 2.811661e+003, 2.253131e+002,-7.932185e+002,-3.715998e+001, 4.288908e+001,-8.742229e+002, 0.000000e+000, 0.000000e+000, 0.000000e+000
 3.738500e-001,-1.788114e+003, 2.792318e+003, 2.844691e+002,-9.656318e+002,-3.803844e+001, 4.534533e+001,-1.057094e+003, 0.000000e+000, 0.000000e+000, 0.000000e+000
 3.739000e-001,-1.828044e+003, 2.737680e+003, 3.525327e+002,-1.137562e+003,-3.889917e+001, 4.781871e+001,-1.239488e+003, 0.000000e+000, 0.000000e+000, 0.000000e+000
 3.739500e-001,-1.840230e+003, 2.716271e+003, 4.123181e+002,-1.309225e+003,-3.973509e+001, 5.025073e+001,-1.421458e+003, 0.000000e+000, 0.000000e+000, 0.000000e+000
 3.740000e-001,-1.882956e+003, 2.659893e+003, 4.792579e+002,-1.480284e+003,-4.055913e+001, 5.269787e+001,-1.602871e+003, 0.000000e+000, 0.000000e+000, 0.000000e+000
 3.740500e-001,-1.889741e+003, 2.636277e+003, 5.395869e+002,-1.650954e+003,-4.135101e+001, 5.510134e+001,-1.783682e+003, 0.000000e+000, 0.000000e+000, 0.000000e+000
 3.741000e-001,-1.935170e+003, 2.578415e+003, 6.053267e+002,-1.820901e+003,-4.213727e+001, 5.751670e+001,-1.963849e+003, 0.000000e+000, 0.000000e+000, 0.000000e+000
 3.741500e-001,-1.936585e+003, 2.552444e+003, 6.660791e+002,-1.990334e+003,-4.288385e+001, 5.988718e+001,-2.143245e+003, 0.000000e+000, 0.000000e+000, 0.000000e+000
 3.742000e-001,-1.984605e+003, 2.493368e+003, 7.305775e+002,-2.158927e+003,-4.363145e+001, 6.226512e+001,-2.321902e+003, 0.000000e+000, 0.000000e+000, 0.000000e+000
 3.742500e-001,-1.980703e+003, 2.464890e+003, 7.915999e+002,-2.326884e+003,-4.433179e+001, 6.459808e+001,-2.499632e+003, 0.000000e+000, 0.000000e+000, 0.000000e+000
 3.743000e-001,-2.031184e+003, 2.404876e+003, 8.548486e+002,-2.493885e+003,-4.504006e+001, 6.693295e+001,-2.676519e+003, 0.000000e+000, 0.000000e+000, 0.000000e+000
 3.743500e-001,-2.022042e+003, 2.373740e+003, 9.159566e+002,-2.660126e+003,-4.569352e+001, 6.922376e+001,-2.852333e+003, 0.000000e+000, 0.000000e+000, 0.000000e+000
 3.744000e-001,-2.074833e+003, 2.313068e+003, 9.779780e+002,-2.825298e+003,-4.636195e+001, 7.150995e+001,-3.027193e+003, 0.000000e+000, 0.000000e+000, 0.000000e+000
 3.744500e-001,-2.060549e+003, 2.279125e+003, 1.038960e+003,-2.989588e+003,-4.696822e+001, 7.375392e+001,-3.200847e+003, 0.000000e+000, 0.000000e+000, 0.000000e+000
 3.745000e-001,-2.115482e+003, 2.218074e+003, 1.099803e+003,-3.152696e+003,-4.759649e+001, 7.598592e+001,-3.373427e+003, 0.000000e+000, 0.000000e+000, 0.000000e+000
 3.745500e-001,-2.096180e+003, 2.181181e+003, 1.160424e+003,-3.314802e+003,-4.815554e+001, 7.817833e+001,-3.544680e+003, 0.000000e+000, 0.000000e+000, 0.000000e+000
 3.746000e-001,-2.153066e+003, 2.120027e+003, 1.220161e+003,-3.475615e+003,-4.874348e+001, 8.035081e+001,-3.714730e+003, 0.000000e+000, 0.000000e+000, 0.000000e+000
 3.746500e-001,-2.128892e+003, 2.080054e+003, 1.280167e+003,-3.635306e+003,-4.925558e+001, 8.248695e+001,-3.883346e+003, 0.000000e+000, 0.000000e+000, 0.000000e+000
 3.747000e-001,-2.187526e+003, 2.019063e+003, 1.338885e+003,-3.793596e+003,-4.980313e+001, 8.459480e+001,-4.050621e+003, 0.000000e+000, 0.000000e+000, 0.000000e+000
 3.747500e-001,-2.158645e+003, 1.975893e+003, 1.398015e+003,-3.950644e+003,-5.026879e+001, 8.667001e+001,-4.216367e+003, 0.000000e+000, 0.000000e+000, 0.000000e+000
 3.748000e-001,-2.218805e+003, 1.915320e+003, 1.455812e+003,-4.106187e+003,-5.077603e+001, 8.870840e+001,-4.380626e+003, 0.000000e+000, 0.000000e+000, 0.000000e+000
 3.748500e-001,-2.185405e+003, 1.868856e+003, 1.513796e+003,-4.260370e+003,-5.119602e+001, 9.071806e+001,-4.543276e+003, 0.000000e+000, 0.000000e+000, 0.000000e+000
 3.749000e-001,-2.246852e+003, 1.808937e+003, 1.570773e+003,-4.412944e+003,-5.166314e+001, 9.268250e+001,-4.704284e+003, 0.000000e+000, 0.000000e+000, 0.000000e+000
 3.749500e-001,-2.209143e+003, 1.759105e+003, 1.627348e+003,-4.564042e+003,-5.203845e+001, 9.462212e+001,-4.863614e+003, 0.000000e+000, 0.000000e+000, 0.000000e+000
 3.750000e-001,-2.271620e+003, 1.700055e+003, 1.683600e+003,-4.713432e+003,-5.246570e+001, 9.650848e+001,-5.021142e+003, 0.000000e+000, 0.000000e+000, 0.000000e+000
 3.750500e-001,-2.229832e+003, 1.646807e+003, 1.738513e+003,-4.861229e+003,-5.279752e+001, 9.837366e+001,-5.176935e+003, 0.000000e+000, 0.000000e+000, 0.000000e+000
 3.751000e-001,-2.293066e+003, 1.588818e+003, 1.794125e+003,-5.007223e+003,-5.318522e+001, 1.001782e+002,-5.330759e+003, 0.000000e+000, 0.000000e+000, 0.000000e+000
 3.751500e-001,-2.247450e+003, 1.532135e+003, 1.847140e+003,-5.151510e+003,-5.347489e+001, 1.019648e+002,-5.482802e+003, 0.000000e+000, 0.000000e+000, 0.000000e+000
 3.752000e-001,-2.311154e+003, 1.475370e+003, 1.902180e+003,-5.293899e+003,-5.382344e+001, 1.036843e+002,-5.632704e+003, 0.000000e+000, 0.000000e+000, 0.000000e+000
 3.752500e-001,-2.261979e+003, 1.415267e+003, 1.953086e+003,-5.434470e+003,-5.407243e+001, 1.053882e+002,-5.780790e+003, 0.000000e+000, 0.000000e+000, 0.000000e+000
 3.753000e-001,-2.325851e+003, 1.359859e+003, 2.007595e+003,-5.573053e+003,-5.438225e+001, 1.070197e+002,-5.926560e+003, 0.000000e+000, 0.000000e+000, 0.000000e+000
 3.753500e-001,-2.273405e+003, 1.296383e+003, 2.056212e+003,-5.709709e+003,-5.459212e+001, 1.086374e+002,-6.070487e+003, 0.000000e+000, 0.000000e+000, 0.000000e+000
 3.754000e-001,-2.337131e+003, 1.242432e+003, 2.110202e+003,-5.844288e+003,-5.486366e+001, 1.101784e+002,-6.211920e+003, 0.000000e+000, 0.000000e+000, 0.000000e+000
 3.754500e-001,-2.281717e+003, 1.175667e+003, 2.156388e+003,-5.976833e+003,-5.503602e+001, 1.117063e+002,-6.351491e+003, 0.000000e+000, 0.000000e+000, 0.000000e+000
 3.755000e-001,-2.344972e+003, 1.123243e+003, 2.209837e+003,-6.107218e+003,-5.526973e+001, 1.131550e+002,-6.488390e+003, 0.000000e+000, 0.000000e+000, 0.000000e+000
 3.755500e-001,-2.286910e+003, 1.053306e+003, 2.253489e+003,-6.235464e+003,-5.540617e+001, 1.145900e+002,-6.623415e+003, 0.000000e+000, 0.000000e+000, 0.000000e+000
 3.756000e-001,-2.349357e+003, 1.002443e+003, 2.306337e+003,-6.361470e+003,-5.560249e+001, 1.159446e+002,-6.755589e+003, 0.000000e+000, 0.000000e+000, 0.000000e+000
 3.756500e-001,-2.288981e+003, 9.294882e+002, 2.347394e+003,-6.485234e+003,-5.570457e+001, 1.172840e+002,-6.885882e+003, 0.000000e+000, 0.000000e+000, 0.000000e+000
 3.757000e-001,-2.350277e+003, 8.801899e+002, 2.399542e+003,-6.606681e+003,-5.586390e+001, 1.185435e+002,-7.013149e+003, 0.000000e+000, 0.000000e+000, 0.000000e+000
 3.757500e-001,-2.287930e+003, 8.044028e+002, 2.437988e+003,-6.725788e+003,-5.593309e+001, 1.197848e+002,-7.138532e+003, 0.000000e+000, 0.000000e+000, 0.000000e+000
 3.758000e-001,-2.347726e+003, 7.566415e+002, 2.489298e+003,-6.842502e+003,-5.605584e+001, 1.209482e+002,-7.260715e+003, 0.000000e+000, 0.000000e+000, 0.000000e+000
 3.758500e-001,-2.283762e+003, 6.782402e+002, 2.525161e+003,-6.956782e+003,-5.609348e+001, 1.220894e+002,-7.381015e+003, 0.000000e+000, 0.000000e+000, 0.000000e+000
 3.759000e-001,-2.341706e+003, 6.319604e+002, 2.575457e+003,-7.068600e+003,-5.618003e+001, 1.231563e+002,-7.497947e+003, 0.000000e+000, 0.000000e+000, 0.000000e+000
 3.759500e-001,-2.276484e+003, 5.511904e+002, 2.608806e+003,-7.177889e+003,-5.618734e+001, 1.241958e+002,-7.612997e+003, 0.000000e+000, 0.000000e+000, 0.000000e+000
 3.760000e-001,-2.332225e+003, 5.063119e+002, 2.657878e+003,-7.284650e+003,-5.623804e+001, 1.251658e+002,-7.724519e+003, 0.000000e+000, 0.000000e+000, 0.000000e+000
 3.760500e-001,-2.266106e+003, 4.234430e+002, 2.688821e+003,-7.388795e+003,-5.621608e+001, 1.261022e+002,-7.834158e+003, 0.000000e+000, 0.000000e+000, 0.000000e+000
 3.761000e-001,-2.319296e+003, 3.798647e+002, 2.736426e+003,-7.490348e+003,-5.623125e+001, 1.269754e+002,-7.940118e+003, 0.000000e+000, 0.000000e+000, 0.000000e+000
 3.761500e-001,-2.252643e+003, 2.951859e+002, 2.765103e+003,-7.589199e+003,-5.618092e+001, 1.278079e+002,-8.044194e+003, 0.000000e+000, 0.000000e+000, 0.000000e+000
 3.762000e-001,-2.302938e+003, 2.527908e+002, 2.810976e+003,-7.685399e+003,-5.616090e+001, 1.285844e+002,-8.144448e+003, 0.000000e+000, 0.000000e+000, 0.000000e+000
 3.762500e-001,-2.236111e+003, 1.666059e+002, 2.837557e+003,-7.778817e+003,-5.608288e+001, 1.293124e+002,-8.242814e+003, 0.000000e+000, 0.000000e+000, 0.000000e+000
 3.763000e-001,-2.283179e+003, 1.252656e+002, 2.881412e+003,-7.869527e+003,-5.602795e+001, 1.299924e+002,-8.337229e+003, 0.000000e+000, 0.000000e+000, 0.000000e+000
 3.763500e-001,-2.216529e+003, 3.788731e+001, 2.906084e+003,-7.957378e+003,-5.592275e+001, 1.306159e+002,-8.429745e+003, 0.000000e+000, 0.000000e+000, 0.000000e+000
 3.764000e-001,-2.260051e+003,-2.532469e+000, 2.947625e+003,-8.042470e+003,-5.583319e+001, 1.311999e+002,-8.518191e+003, 0.000000e+000, 0.000000e+000, 0.000000e+000
 3.764500e-001,-2.193921e+003,-9.078787e+001, 2.970593e+003,-8.124630e+003,-5.570109e+001, 1.317190e+002,-8.604729e+003, 0.000000e+000, 0.000000e+000, 0.000000e+000
 3.765000e-001,-2.233591e+003,-1.304220e+002, 3.009521e+003,-8.203982e+003,-5.557716e+001, 1.322074e+002,-8.687088e+003, 0.000000e+000, 0.000000e+000, 0.000000e+000
 3.765500e-001,-2.168311e+003,-2.192402e+002, 3.030990e+003,-8.280335e+003,-5.541825e+001, 1.326228e+002,-8.767521e+003, 0.000000e+000, 0.000000e+000, 0.000000e+000
 3.766000e-001,-2.203846e+003,-2.582188e+002, 3.067013e+003,-8.353833e+003,-5.526018e+001, 1.330161e+002,-8.843684e+003, 0.000000e+000, 0.000000e+000, 0.000000e+000
 3.766500e-001,-2.139728e+003,-3.472928e+002, 3.087187e+003,-8.424270e+003,-5.507435e+001, 1.333286e+002,-8.917896e+003, 0.000000e+000, 0.000000e+000, 0.000000e+000
 3.767000e-001,-2.170864e+003,-3.857364e+002, 3.120024e+003,-8.491812e+003,-5.488236e+001, 1.336274e+002,-8.987761e+003, 0.000000e+000, 0.000000e+000, 0.000000e+000
 3.767500e-001,-2.108204e+003,-4.747718e+002, 3.139095e+003,-8.556231e+003,-5.466935e+001, 1.338381e+002,-9.055647e+003, 0.000000e+000, 0.000000e+000, 0.000000e+000
 3.768000e-001,-2.134704e+003,-5.127866e+002, 3.168489e+003,-8.617719e+003,-5.444365e+001, 1.340427e+002,-9.119120e+003, 0.000000e+000, 0.000000e+000, 0.000000e+000
 3.768500e-001,-2.073772e+003,-6.015056e+002, 3.186631e+003,-8.676033e+003,-5.420303e+001, 1.341530e+002,-9.180579e+003, 0.000000e+000, 0.000000e+000, 0.000000e+000
 3.769000e-001,-2.095426e+003,-6.391798e+002, 3.212351e+003,-8.731379e+003,-5.394384e+001, 1.342641e+002,-9.237576e+003, 0.000000e+000, 0.000000e+000, 0.000000e+000
 3.769500e-001,-2.036472e+003,-7.273256e+002, 3.229713e+003,-8.783503e+003,-5.367509e+001, 1.342755e+002,-9.292518e+003, 0.000000e+000, 0.000000e+000, 0.000000e+000
 3.770000e-001,-2.053098e+003,-7.647258e+002, 3.251565e+003,-8.832628e+003,-5.338263e+001, 1.342934e+002,-9.342964e+003, 0.000000e+000, 0.000000e+000, 0.000000e+000
 3.770500e-001,-1.996343e+003,-8.520654e+002, 3.268264e+003,-8.878489e+003,-5.308514e+001, 1.342075e+002,-9.391306e+003, 0.000000e+000, 0.000000e+000, 0.000000e+000
 3.771000e-001,-2.007792e+003,-8.892341e+002, 3.286094e+003,-8.921323e+003,-5.275963e+001, 1.341327e+002,-9.435134e+003, 0.000000e+000, 0.000000e+000, 0.000000e+000
 3.771500e-001,-1.953431e+003,-9.755609e+002, 3.302211e+003,-8.960857e+003,-5.243275e+001, 1.339513e+002,-9.476804e+003, 0.000000e+000, 0.000000e+000, 0.000000e+000
 3.772000e-001,-1.959585e+003,-1.012516e+003, 3.315908e+003,-8.997339e+003,-5.207443e+001, 1.337842e+002,-9.513955e+003, 0.000000e+000, 0.000000e+000, 0.000000e+000
 3.772500e-001,-1.907785e+003,-1.097650e+003, 3.331486e+003,-9.030490e+003,-5.171748e+001, 1.335092e+002,-9.548888e+003, 0.000000e+000, 0.000000e+000, 0.000000e+000
 3.773000e-001,-1.908557e+003,-1.134382e+003, 3.340987e+003,-9.060567e+003,-5.132656e+001, 1.332502e+002,-9.579314e+003, 0.000000e+000, 0.000000e+000, 0.000000e+000
 3.773500e-001,-1.859456e+003,-1.218173e+003, 3.356028e+003,-9.087288e+003,-5.093888e+001, 1.328836e+002,-9.607456e+003, 0.000000e+000, 0.000000e+000, 0.000000e+000
 3.774000e-001,-1.854795e+003,-1.254648e+003, 3.361315e+003,-9.110918e+003,-5.051560e+001, 1.325330e+002,-9.631115e+003, 0.000000e+000, 0.000000e+000, 0.000000e+000
 3.774500e-001,-1.808500e+003,-1.336971e+003, 3.375781e+003,-9.131171e+003,-5.009654e+001, 1.320767e+002,-9.652422e+003, 0.000000e+000, 0.000000e+000, 0.000000e+000
 3.775000e-001,-1.798386e+003,-1.373130e+003, 3.376885e+003,-9.148319e+003,-4.964113e+001, 1.316352e+002,-9.669282e+003, 0.000000e+000, 0.000000e+000, 0.000000e+000
 3.775500e-001,-1.754978e+003,-1.453887e+003, 3.390700e+003,-9.162076e+003,-4.919013e+001, 1.310911e+002,-9.683717e+003, 0.000000e+000, 0.000000e+000, 0.000000e+000
 3.776000e-001,-1.739422e+003,-1.489649e+003, 3.387696e+003,-9.172719e+003,-4.870280e+001, 1.305592e+002,-9.693756e+003, 0.000000e+000, 0.000000e+000, 0.000000e+000
 3.776500e-001,-1.698953e+003,-1.568765e+003, 3.400744e+003,-9.179962e+003,-4.821938e+001, 1.299291e+002,-9.701294e+003, 0.000000e+000, 0.000000e+000, 0.000000e+000
 3.777000e-001,-1.677999e+003,-1.604029e+003, 3.393750e+003,-9.184083e+003,-4.770036e+001, 1.293075e+002,-9.704496e+003, 0.000000e+000, 0.000000e+000, 0.000000e+000
 3.777500e-001,-1.640495e+003,-1.681450e+003, 3.405884e+003,-9.184801e+003,-4.718415e+001, 1.285934e+002,-9.705121e+003, 0.000000e+000, 0.000000e+000, 0.000000e+000
 3.778000e-001,-1.614214e+003,-1.716102e+003, 3.395054e+003,-9.182394e+003,-4.663364e+001, 1.278828e+002,-9.701480e+003, 0.000000e+000, 0.000000e+000, 0.000000e+000
 3.778500e-001,-1.579676e+003,-1.791790e+003, 3.406099e+003,-9.176587e+003,-4.608442e+001, 1.270864e+002,-9.695188e+003, 0.000000e+000, 0.000000e+000, 0.000000e+000
 3.779000e-001,-1.548168e+003,-1.825701e+003, 3.391621e+003,-9.167655e+003,-4.550264e+001, 1.262876e+002,-9.684708e+003, 0.000000e+000, 0.000000e+000, 0.000000e+000
 3.779500e-001,-1.516572e+003,-1.899630e+003, 3.401378e+003,-9.155332e+003,-4.492033e+001, 1.254108e+002,-9.671501e+003, 0.000000e+000, 0.000000e+000, 0.000000e+000
 3.780000e-001,-1.479963e+003,-1.932667e+003, 3.383464e+003,-9.139890e+003,-4.430750e+001, 1.245249e+002,-9.654193e+003, 0.000000e+000, 0.000000e+000, 0.000000e+000
 3.780500e-001,-1.451266e+003,-2.004821e+003, 3.391720e+003,-9.121067e+003,-4.369220e+001, 1.235692e+002,-9.634086e+003, 0.000000e+000, 0.000000e+000, 0.000000e+000
 3.781000e-001,-1.409703e+003,-2.036846e+003, 3.370604e+003,-9.099135e+003,-4.304854e+001, 1.225975e+002,-9.609973e+003, 0.000000e+000, 0.000000e+000, 0.000000e+000
 3.781500e-001,-1.383842e+003,-2.107212e+003, 3.377133e+003,-9.073841e+003,-4.240047e+001, 1.215646e+002,-9.582989e+003, 0.000000e+000, 0.000000e+000, 0.000000e+000
 3.782000e-001,-1.337495e+003,-2.138092e+003, 3.353063e+003,-9.045450e+003,-4.172618e+001, 1.205084e+002,-9.552098e+003, 0.000000e+000, 0.000000e+000, 0.000000e+000
 3.782500e-001,-1.314389e+003,-2.206656e+003, 3.357635e+003,-9.013722e+003,-4.104572e+001, 1.193999e+002,-9.518272e+003, 0.000000e+000, 0.000000e+000, 0.000000e+000
 3.783000e-001,-1.263447e+003,-2.236264e+003, 3.330867e+003,-8.978912e+003,-4.034104e+001, 1.182608e+002,-9.480641e+003, 0.000000e+000, 0.000000e+000, 0.000000e+000
 3.783500e-001,-1.243001e+003,-2.303006e+003, 3.333257e+003,-8.940794e+003,-3.962875e+001, 1.170783e+002,-9.440018e+003, 0.000000e+000, 0.000000e+000, 0.000000e+000
 3.784000e-001,-1.187670e+003,-2.331227e+003, 3.304045e+003,-8.899616e+003,-3.889389e+001, 1.158580e+002,-9.395693e+003, 0.000000e+000, 0.000000e+000, 0.000000e+000
 3.784500e-001,-1.169774e+003,-2.396119e+003, 3.304036e+003,-8.855163e+003,-3.815046e+001, 1.146030e+002,-9.348327e+003, 0.000000e+000, 0.000000e+000, 0.000000e+000
 3.785000e-001,-1.110273e+003,-2.422854e+003, 3.272631e+003,-8.807676e+003,-3.738569e+001, 1.133034e+002,-9.297365e+003, 0.000000e+000, 0.000000e+000, 0.000000e+000
 3.785500e-001,-1.094808e+003,-2.485854e+003, 3.270019e+003,-8.756952e+003,-3.661194e+001, 1.119776e+002,-9.243320e+003, 0.000000e+000, 0.000000e+000, 0.000000e+000
 3.786000e-001,-1.031370e+003,-2.511023e+003, 3.236663e+003,-8.703223e+003,-3.581754e+001, 1.106009e+002,-9.185786e+003, 0.000000e+000, 0.000000e+000, 0.000000e+000
 3.786500e-001,-1.018207e+003,-2.572075e+003, 3.231263e+003,-8.646301e+003,-3.501444e+001, 1.092057e+002,-9.125137e+003, 0.000000e+000, 0.000000e+000, 0.000000e+000
 3.787000e-001,-9.510756e+002,-2.595617e+003, 3.196184e+003,-8.586405e+003,-3.419076e+001, 1.077540e+002,-9.061104e+003, 0.000000e+000, 0.000000e+000, 0.000000e+000
 3.787500e-001,-9.400780e+002,-2.654646e+003, 3.187833e+003,-8.523366e+003,-3.335940e+001, 1.062911e+002,-8.993935e+003, 0.000000e+000, 0.000000e+000, 0.000000e+000
 3.788000e-001,-8.695050e+002,-2.676529e+003, 3.151241e+003,-8.457392e+003,-3.250685e+001, 1.047667e+002,-8.923485e+003, 0.000000e+000, 0.000000e+000, 0.000000e+000
 3.788500e-001,-8.605292e+002,-2.733440e+003, 3.139802e+003,-8.388325e+003,-3.164843e+001, 1.032377e+002,-8.849890e+003, 0.000000e+000, 0.000000e+000, 0.000000e+000
 3.789000e-001,-7.867753e+002,-2.753653e+003, 3.101887e+003,-8.316365e+003,-3.076749e+001, 1.016430e+002,-8.773116e+003, 0.000000e+000, 0.000000e+000, 0.000000e+000
 3.789500e-001,-7.796727e+002,-2.808333e+003, 3.087249e+003,-8.241370e+003,-2.988329e+001, 1.000495e+002,-8.693197e+003, 0.000000e+000, 0.000000e+000, 0.000000e+000
 3.790000e-001,-7.030048e+002,-2.826891e+003, 3.048182e+003,-8.163527e+003,-2.897451e+001, 9.838712e+001,-8.610200e+003, 0.000000e+000, 0.000000e+000, 0.000000e+000
 3.790500e-001,-6.976224e+002,-2.879206e+003, 3.030260e+003,-8.082712e+003,-2.806588e+001, 9.673077e+001,-8.524073e+003, 0.000000e+000, 0.000000e+000, 0.000000e+000
 3.791000e-001,-6.183128e+002,-2.896150e+003, 2.990190e+003,-7.999097e+003,-2.712990e+001, 9.500320e+001,-8.434960e+003, 0.000000e+000, 0.000000e+000, 0.000000e+000
 3.791500e-001,-6.144943e+002,-2.945949e+003, 2.968929e+003,-7.912576e+003,-2.619819e+001, 9.328582e+001,-8.342747e+003, 0.000000e+000, 0.000000e+000, 0.000000e+000
 3.792000e-001,-5.328200e+002,-2.961342e+003, 2.927983e+003,-7.823309e+003,-2.523575e+001, 9.149567e+001,-8.247638e+003, 0.000000e+000, 0.000000e+000, 0.000000e+000
 3.792500e-001,-5.304061e+002,-3.008456e+003, 2.903354e+003,-7.731206e+003,-2.428238e+001, 8.971907e+001,-8.149470e+003, 0.000000e+000, 0.000000e+000, 0.000000e+000
 3.793000e-001,-4.466480e+002,-3.022384e+003, 2.861638e+003,-7.636414e+003,-2.329429e+001, 8.786896e+001,-8.048491e+003, 0.000000e+000, 0.000000e+000, 0.000000e+000
 3.793500e-001,-4.454770e+002,-3.066629e+003, 2.833639e+003,-7.538860e+003,-2.232069e+001, 8.603500e+001,-7.944509e+003, 0.000000e+000, 0.000000e+000, 0.000000e+000
 3.794000e-001,-3.599196e+002,-3.079196e+003, 2.791242e+003,-7.438679e+003,-2.130791e+001, 8.412749e+001,-7.837798e+003, 0.000000e+000, 0.000000e+000, 0.000000e+000
 3.794500e-001,-3.598276e+002,-3.120378e+003, 2.759893e+003,-7.335813e+003,-2.031553e+001, 8.223811e+001,-7.728152e+003, 0.000000e+000, 0.000000e+000, 0.000000e+000
 3.795000e-001,-2.727583e+002,-3.131704e+003, 2.716886e+003,-7.230385e+003,-1.927917e+001, 8.027574e+001,-7.615853e+003, 0.000000e+000, 0.000000e+000, 0.000000e+000
 3.795500e-001,-2.735797e+002,-3.169621e+003, 2.682229e+003,-7.122355e+003,-1.826948e+001, 7.833284e+001,-7.500701e+003, 0.000000e+000, 0.000000e+000, 0.000000e+000
 3.796000e-001,-1.852882e+002,-3.179837e+003, 2.638670e+003,-7.011831e+003,-1.721079e+001, 7.631809e+001,-7.382968e+003, 0.000000e+000, 0.000000e+000, 0.000000e+000
 3.796500e-001,-1.868559e+002,-3.214283e+003, 2.600764e+003,-6.898791e+003,-1.618530e+001, 7.432365e+001,-7.262477e+003, 0.000000e+000, 0.000000e+000, 0.000000e+000
 3.797000e-001,-9.763416e+001,-3.223529e+003, 2.556700e+003,-6.783328e+003,-1.510570e+001, 7.225894e+001,-7.139472e+003, 0.000000e+000, 0.000000e+000, 0.000000e+000
 3.797500e-001,-9.977963e+001,-3.254299e+003, 2.515621e+003,-6.665438e+003,-1.406592e+001, 7.021495e+001,-7.013816e+003, 0.000000e+000, 0.000000e+000, 0.000000e+000
 3.798000e-001,-9.920949e+000,-3.262719e+003, 2.471087e+003,-6.545201e+003,-1.296698e+001, 6.810266e+001,-6.885711e+003, 0.000000e+000, 0.000000e+000, 0.000000e+000
 3.798500e-001,-1.247502e+001,-3.289612e+003, 2.426925e+003,-6.422629e+003,-1.191443e+001, 6.601115e+001,-6.755073e+003, 0.000000e+000, 0.000000e+000, 0.000000e+000
 3.799000e-001, 7.772643e+001,-3.297349e+003, 2.381951e+003,-6.297789e+003,-1.079788e+001, 6.385361e+001,-6.622047e+003, 0.000000e+000, 0.000000e+000, 0.000000e+000
 3.799500e-001, 7.493348e+001,-3.320173e+003, 2.334804e+003,-6.170711e+003,-9.734085e+000, 6.171668e+001,-6.486616e+003, 0.000000e+000, 0.000000e+000, 0.000000e+000
 3.800000e-001, 1.651832e+002,-3.327366e+003, 2.289417e+003,-6.041446e+003,-8.601761e+000, 5.951619e+001,-6.348857e+003, 0.000000e+000, 0.000000e+000, 0.000000e+000
 3.800500e-001, 1.623210e+002,-3.345943e+003, 2.239393e+003,-5.910042e+003,-7.528241e+000, 5.733597e+001,-6.208831e+003, 0.000000e+000, 0.000000e+000, 0.000000e+000
 3.801000e-001, 2.523251e+002,-3.352723e+003, 2.193614e+003,-5.776536e+003,-6.382124e+000, 5.509483e+001,-6.066534e+003, 0.000000e+000, 0.000000e+000, 0.000000e+000
 3.801500e-001, 2.495625e+002,-3.366891e+003, 2.140828e+003,-5.640992e+003,-5.300393e+000, 5.287351e+001,-5.922116e+003, 0.000000e+000, 0.000000e+000, 0.000000e+000
 3.802000e-001, 3.390284e+002,-3.373376e+003, 2.094679e+003,-5.503435e+003,-4.142579e+000, 5.059400e+001,-5.775484e+003, 0.000000e+000, 0.000000e+000, 0.000000e+000
 3.802500e-001, 3.365327e+002,-3.382994e+003, 2.039249e+003,-5.363945e+003,-3.054158e+000, 4.833379e+001,-5.626884e+003, 0.000000e+000, 0.000000e+000, 0.000000e+000
 3.803000e-001, 4.251703e+002,-3.389287e+003, 1.992753e+003,-5.222533e+003,-1.886858e+000, 4.601822e+001,-5.476129e+003, 0.000000e+000, 0.000000e+000, 0.000000e+000
 3.803500e-001, 4.231061e+002,-3.394238e+003, 1.934802e+003,-5.079296e+003,-7.932839e-001, 4.372139e+001,-5.323563e+003, 0.000000e+000, 0.000000e+000, 0.000000e+000
 3.804000e-001, 5.106293e+002,-3.400424e+003, 1.887981e+003,-4.934229e+003, 3.811815e-001, 4.137204e+001,-5.168902e+003, 0.000000e+000, 0.000000e+000, 0.000000e+000
 3.804500e-001, 5.091577e+002,-3.400617e+003, 1.827633e+003,-4.787447e+003, 1.478340e+000, 3.904089e+001,-5.012593e+003, 0.000000e+000, 0.000000e+000, 0.000000e+000
 3.805000e-001, 5.952852e+002,-3.406759e+003, 1.780512e+003,-4.638933e+003, 2.657547e+000, 3.666014e+001,-4.854250e+003, 0.000000e+000, 0.000000e+000, 0.000000e+000
 3.805500e-001, 5.945624e+002,-3.402132e+003, 1.717896e+003,-4.488815e+003, 3.756685e+000, 3.429703e+001,-4.694426e+003, 0.000000e+000, 0.000000e+000, 0.000000e+000
 3.806000e-001, 6.790194e+002,-3.408272e+003, 1.670499e+003,-4.337064e+003, 4.938117e+000, 3.188727e+001,-4.532631e+003, 0.000000e+000, 0.000000e+000, 0.000000e+000
 3.806500e-001, 6.791956e+002,-3.398792e+003, 1.605744e+003,-4.183824e+003, 6.037583e+000, 2.949464e+001,-4.369524e+003, 0.000000e+000, 0.000000e+000, 0.000000e+000
 3.807000e-001, 7.617153e+002,-3.404949e+003, 1.558099e+003,-4.029051e+003, 7.218652e+000, 2.705839e+001,-4.204515e+003, 0.000000e+000, 0.000000e+000, 0.000000e+000
 3.807500e-001, 7.629330e+002,-3.390613e+003, 1.491338e+003,-3.872906e+003, 8.316749e+000, 2.463876e+001,-4.038363e+003, 0.000000e+000, 0.000000e+000, 0.000000e+000
 3.808000e-001, 8.432584e+002,-3.396782e+003, 1.443470e+003,-3.715332e+003, 9.494806e+000, 2.217863e+001,-3.870381e+003, 0.000000e+000, 0.000000e+000, 0.000000e+000
 3.808500e-001, 8.456515e+002,-3.377619e+003, 1.374839e+003,-3.556503e+003, 1.058979e+001, 1.973462e+001,-3.701424e+003, 0.000000e+000, 0.000000e+000, 0.000000e+000
 3.809000e-001, 9.235363e+002,-3.383771e+003, 1.326776e+003,-3.396351e+003, 1.176215e+001, 1.725335e+001,-3.530717e+003, 0.000000e+000, 0.000000e+000, 0.000000e+000
 3.809500e-001, 9.272283e+002,-3.359839e+003, 1.256412e+003,-3.235064e+003, 1.285222e+001, 1.478772e+001,-3.359202e+003, 0.000000e+000, 0.000000e+000, 0.000000e+000
 3.810000e-001, 1.002439e+003,-3.365921e+003, 1.208180e+003,-3.072562e+003, 1.401617e+001, 1.228817e+001,-3.186020e+003, 0.000000e+000, 0.000000e+000, 0.000000e+000
 3.810500e-001, 1.007542e+003,-3.337311e+003, 1.136225e+003,-2.909045e+003, 1.509949e+001, 9.803774e+000,-3.012195e+003, 0.000000e+000, 0.000000e+000, 0.000000e+000
 3.811000e-001, 1.079860e+003,-3.343246e+003, 1.087850e+003,-2.744423e+003, 1.625232e+001, 7.288967e+000,-2.836794e+003, 0.000000e+000, 0.000000e+000, 0.000000e+000
 3.811500e-001, 1.086472e+003,-3.310075e+003, 1.014449e+003,-2.578908e+003, 1.732698e+001, 4.788776e+000,-2.660911e+003, 0.000000e+000, 0.000000e+000, 0.000000e+000
 3.812000e-001, 1.155694e+003,-3.315769e+003, 9.659553e+002,-2.412401e+003, 1.846596e+001, 2.261849e+000,-2.483550e+003, 0.000000e+000, 0.000000e+000, 0.000000e+000
 3.812500e-001, 1.163900e+003,-3.278181e+003, 8.912584e+002,-2.245122e+003, 1.953002e+001,-2.510222e-001,-2.305863e+003, 0.000000e+000, 0.000000e+000, 0.000000e+000
 3.813000e-001, 1.229839e+003,-3.283518e+003, 8.426667e+002,-2.076965e+003, 2.065245e+001,-2.786792e+000,-2.126803e+003, 0.000000e+000, 0.000000e+000, 0.000000e+000
 3.813500e-001, 1.239708e+003,-3.241684e+003, 7.668269e+002,-1.908159e+003, 2.170390e+001,-5.309093e+000,-1.947569e+003, 0.000000e+000, 0.000000e+000, 0.000000e+000
 3.814000e-001, 1.302196e+003,-3.246531e+003, 7.181575e+002,-1.738591e+003, 2.280711e+001,-7.850283e+000,-1.767074e+003, 0.000000e+000, 0.000000e+000, 0.000000e+000
 3.814500e-001, 1.313782e+003,-3.200642e+003, 6.413320e+002,-1.568498e+003, 2.384391e+001,-1.037861e+001,-1.586552e+003, 0.000000e+000, 0.000000e+000, 0.000000e+000
 3.815000e-001, 1.372670e+003,-3.204853e+003, 5.926025e+002,-1.397759e+003, 2.492529e+001,-1.292165e+001,-1.404889e+003, 0.000000e+000, 0.000000e+000, 0.000000e+000
 3.815500e-001, 1.386009e+003,-3.155120e+003, 5.149515e+002,-1.226619e+003, 2.594538e+001,-1.545242e+001,-1.223337e+003, 0.000000e+000, 0.000000e+000, 0.000000e+000
 3.816000e-001, 1.441167e+003,-3.158536e+003, 4.661781e+002,-1.054952e+003, 2.700238e+001,-1.799357e+001,-1.040772e+003, 0.000000e+000, 0.000000e+000, 0.000000e+000
 3.816500e-001, 1.456278e+003,-3.105190e+003, 3.878646e+002,-8.830068e+002, 2.800368e+001,-2.052305e+001,-8.584532e+002, 0.000000e+000, 0.000000e+000, 0.000000e+000
 3.817000e-001, 1.507598e+003,-3.107642e+003, 3.390623e+002,-7.106553e+002, 2.903386e+001,-2.305843e+001,-6.752545e+002, 0.000000e+000, 0.000000e+000, 0.000000e+000
 3.817500e-001, 1.524481e+003,-3.050926e+003, 2.602508e+002,-5.381487e+002, 3.001432e+001,-2.558267e+001,-4.924290e+002, 0.000000e+000, 0.000000e+000, 0.000000e+000
 3.818000e-001, 1.571876e+003,-3.052239e+003, 2.114343e+002,-3.653568e+002, 3.101535e+001,-2.810824e+001,-3.088644e+002, 0.000000e+000, 0.000000e+000, 0.000000e+000
 3.818500e-001, 1.590514e+003,-2.992409e+003, 1.322900e+002,-1.925331e+002, 3.197294e+001,-3.062313e+001,-1.257946e+002, 0.000000e+000, 0.000000e+000, 0.000000e+000
 3.819000e-001, 1.633918e+003,-2.992405e+003, 8.347475e+001,-1.954597e+001, 3.294265e+001,-3.313473e+001, 5.786830e+001, 0.000000e+000, 0.000000e+000, 0.000000e+000
 3.819500e-001, 1.654276e+003,-2.929725e+003, 4.162386e+000, 1.533503e+002, 3.387540e+001,-3.563599e+001, 2.409208e+002, 0.000000e+000, 0.000000e+000, 0.000000e+000
 3.820000e-001, 1.693643e+003,-2.928224e+003,-4.463482e+001, 3.262873e+002, 3.481174e+001,-3.812934e+001, 4.244150e+002, 0.000000e+000, 0.000000e+000, 0.000000e+000
 3.820500e-001, 1.715667e+003,-2.862964e+003,-1.239521e+002, 4.990114e+002, 3.571775e+001,-4.061258e+001, 6.071891e+002, 0.000000e+000, 0.000000e+000, 0.000000e+000
 3.821000e-001, 1.750973e+003,-2.859787e+003,-1.727119e+002, 6.716530e+002, 3.661886e+001,-4.308331e+001, 7.902489e+002, 0.000000e+000, 0.000000e+000, 0.000000e+000
 3.821500e-001, 1.774594e+003,-2.792220e+003,-2.518740e+002, 8.439603e+002, 3.749630e+001,-4.554401e+001, 9.724842e+002, 0.000000e+000, 0.000000e+000, 0.000000e+000
 3.822000e-001, 1.805837e+003,-2.787195e+003,-3.005736e+002, 1.016061e+003, 3.836049e+001,-4.798769e+001, 1.154846e+003, 0.000000e+000, 0.000000e+000, 0.000000e+000
 3.822500e-001, 1.830966e+003,-2.717593e+003,-3.794241e+002, 1.187708e+003, 3.920765e+001,-5.042123e+001, 1.336283e+003, 0.000000e+000, 0.000000e+000, 0.000000e+000
 3.823000e-001, 1.858161e+003,-2.710552e+003,-4.280368e+002, 1.359025e+003, 4.003341e+001,-5.283338e+001, 1.517684e+003, 0.000000e+000, 0.000000e+000, 0.000000e+000
 3.823500e-001, 1.884697e+003,-2.639188e+003,-5.064242e+002, 1.529767e+003, 4.084866e+001,-5.523512e+001, 1.698066e+003, 0.000000e+000, 0.000000e+000, 0.000000e+000
 3.824000e-001, 1.907881e+003,-2.629971e+003,-5.549184e+002, 1.700056e+003, 4.163468e+001,-5.761121e+001, 1.878248e+003, 0.000000e+000, 0.000000e+000, 0.000000e+000
 3.824500e-001, 1.935702e+003,-2.557111e+003,-6.326970e+002, 1.869653e+003, 4.241651e+001,-5.997643e+001, 2.057318e+003, 0.000000e+000, 0.000000e+000, 0.000000e+000
 3.825000e-001, 1.954931e+003,-2.545574e+003,-6.810361e+002, 2.038673e+003, 4.316169e+001,-6.231196e+001, 2.236024e+003, 0.000000e+000, 0.000000e+000, 0.000000e+000
 3.825500e-001, 1.983905e+003,-2.471477e+003,-7.580659e+002, 2.206884e+003, 4.390873e+001,-6.463596e+001, 2.413530e+003, 0.000000e+000, 0.000000e+000, 0.000000e+000
 3.826000e-001, 1.999251e+003,-2.457485e+003,-8.062084e+002, 2.374394e+003, 4.461216e+001,-6.692641e+001, 2.590506e+003, 0.000000e+000, 0.000000e+000, 0.000000e+000
 3.826500e-001, 2.029231e+003,-2.382402e+003,-8.823555e+002, 2.540981e+003, 4.532319e+001,-6.920450e+001, 2.766197e+003, 0.000000e+000, 0.000000e+000, 0.000000e+000
 3.827000e-001, 2.040785e+003,-2.365837e+003,-9.302551e+002, 2.706744e+003, 4.598416e+001,-7.144540e+001, 2.941194e+003, 0.000000e+000, 0.000000e+000, 0.000000e+000
 3.827500e-001, 2.071611e+003,-2.290007e+003,-1.005392e+003, 2.871469e+003, 4.665811e+001,-7.367298e+001, 3.114821e+003, 0.000000e+000, 0.000000e+000, 0.000000e+000
 3.828000e-001, 2.079480e+003,-2.270768e+003,-1.052998e+003, 3.035250e+003, 4.727613e+001,-7.585993e+001, 3.287595e+003, 0.000000e+000, 0.000000e+000, 0.000000e+000
 3.828500e-001, 2.110980e+003,-2.194417e+003,-1.127001e+003, 3.197882e+003, 4.791207e+001,-7.803252e+001, 3.458914e+003, 0.000000e+000, 0.000000e+000, 0.000000e+000
 3.829000e-001, 2.115284e+003,-2.172420e+003,-1.174259e+003, 3.359447e+003, 4.848684e+001,-8.016125e+001, 3.629222e+003, 0.000000e+000, 0.000000e+000, 0.000000e+000
 3.829500e-001, 2.147278e+003,-2.095762e+003,-1.247012e+003, 3.519753e+003, 4.908399e+001,-8.227451e+001, 3.797991e+003, 0.000000e+000, 0.000000e+000, 0.000000e+000
 3.830000e-001, 2.148154e+003,-2.070942e+003,-1.293866e+003, 3.678873e+003, 4.961540e+001,-8.434085e+001, 3.965596e+003, 0.000000e+000, 0.000000e+000, 0.000000e+000
 3.830500e-001, 2.180450e+003,-1.994175e+003,-1.365253e+003, 3.836627e+003, 5.017315e+001,-8.639067e+001, 4.131579e+003, 0.000000e+000, 0.000000e+000, 0.000000e+000
 3.831000e-001, 2.178045e+003,-1.966488e+003,-1.411647e+003, 3.993077e+003, 5.066125e+001,-8.839065e+001, 4.296248e+003, 0.000000e+000, 0.000000e+000, 0.000000e+000
 3.831500e-001, 2.210445e+003,-1.889792e+003,-1.481557e+003, 4.148054e+003, 5.117908e+001,-9.037310e+001, 4.459210e+003, 0.000000e+000, 0.000000e+000, 0.000000e+000
 3.832000e-001, 2.204919e+003,-1.859214e+003,-1.527434e+003, 4.301610e+003, 5.162409e+001,-9.230294e+001, 4.620716e+003, 0.000000e+000, 0.000000e+000, 0.000000e+000
 3.832500e-001, 2.237219e+003,-1.782754e+003,-1.595756e+003, 4.453591e+003, 5.210166e+001,-9.421438e+001, 4.780428e+003, 0.000000e+000, 0.000000e+000, 0.000000e+000
 3.833000e-001, 2.228741e+003,-1.749282e+003,-1.641063e+003, 4.604036e+003, 5.250393e+001,-9.607050e+001, 4.938549e+003, 0.000000e+000, 0.000000e+000, 0.000000e+000
 3.833500e-001, 2.260730e+003,-1.673205e+003,-1.707686e+003, 4.752804e+003, 5.294099e+001,-9.790755e+001, 5.094786e+003, 0.000000e+000, 0.000000e+000, 0.000000e+000
 3.834000e-001, 2.249481e+003,-1.636857e+003,-1.752371e+003, 4.899923e+003, 5.330098e+001,-9.968660e+001, 5.249303e+003, 0.000000e+000, 0.000000e+000, 0.000000e+000
 3.834500e-001, 2.280945e+003,-1.561292e+003,-1.817184e+003, 5.045268e+003, 5.369741e+001,-1.014462e+002, 5.401847e+003, 0.000000e+000, 0.000000e+000, 0.000000e+000
 3.835000e-001, 2.267110e+003,-1.522108e+003,-1.861203e+003, 5.188853e+003, 5.401569e+001,-1.031451e+002, 5.552548e+003, 0.000000e+000, 0.000000e+000, 0.000000e+000
 3.835500e-001, 2.297832e+003,-1.447167e+003,-1.924092e+003, 5.330567e+003, 5.437148e+001,-1.048243e+002, 5.701183e+003, 0.000000e+000, 0.000000e+000, 0.000000e+000
 3.836000e-001, 2.281605e+003,-1.405206e+003,-1.967405e+003, 5.470412e+003, 5.464870e+001,-1.064403e+002, 5.847863e+003, 0.000000e+000, 0.000000e+000, 0.000000e+000
 3.836500e-001, 2.311368e+003,-1.330984e+003,-2.028252e+003, 5.608294e+003, 5.496391e+001,-1.080368e+002, 5.992379e+003, 0.000000e+000, 0.000000e+000, 0.000000e+000
 3.837000e-001, 2.292947e+003,-1.286324e+003,-2.070828e+003, 5.744203e+003, 5.520077e+001,-1.095672e+002, 6.134837e+003, 0.000000e+000, 0.000000e+000, 0.000000e+000
 3.837500e-001, 2.321532e+003,-1.212901e+003,-2.129512e+003, 5.878057e+003, 5.547557e+001,-1.110787e+002, 6.275032e+003, 0.000000e+000, 0.000000e+000, 0.000000e+000
 3.838000e-001, 2.301118e+003,-1.165639e+003,-2.171326e+003, 6.009834e+003, 5.567281e+001,-1.125215e+002, 6.413073e+003, 0.000000e+000, 0.000000e+000, 0.000000e+000
 3.838500e-001, 2.328311e+003,-1.093079e+003,-2.227725e+003, 6.139470e+003, 5.590744e+001,-1.139461e+002, 6.548749e+003, 0.000000e+000, 0.000000e+000, 0.000000e+000
 3.839000e-001, 2.306108e+003,-1.043328e+003,-2.268760e+003, 6.266928e+003, 5.606582e+001,-1.152992e+002, 6.682185e+003, 0.000000e+000, 0.000000e+000, 0.000000e+000
 3.839500e-001, 2.331695e+003,-9.716830e+002,-2.322744e+003, 6.392162e+003, 5.626056e+001,-1.166353e+002, 6.813150e+003, 0.000000e+000, 0.000000e+000, 0.000000e+000
 3.840000e-001, 2.307908e+003,-9.195704e+002,-2.362992e+003, 6.515121e+003, 5.638081e+001,-1.178971e+002, 6.941799e+003, 0.000000e+000, 0.000000e+000, 0.000000e+000
 3.840500e-001, 2.331683e+003,-8.488792e+002,-2.414433e+003, 6.635773e+003, 5.653600e+001,-1.191434e+002, 7.067869e+003, 0.000000e+000, 0.000000e+000, 0.000000e+000
 3.841000e-001, 2.306514e+003,-7.945457e+002,-2.453890e+003, 6.754057e+003, 5.661885e+001,-1.203126e+002, 7.191554e+003, 0.000000e+000, 0.000000e+000, 0.000000e+000
 3.841500e-001, 2.328276e+003,-7.248381e+002,-2.502657e+003, 6.869957e+003, 5.673487e+001,-1.214680e+002, 7.312551e+003, 0.000000e+000, 0.000000e+000, 0.000000e+000
 3.842000e-001, 2.301924e+003,-6.684347e+002,-2.541326e+003, 6.983399e+003, 5.678099e+001,-1.225437e+002, 7.431104e+003, 0.000000e+000, 0.000000e+000, 0.000000e+000
 3.842500e-001, 2.321483e+003,-5.997327e+002,-2.587288e+003, 7.094380e+003, 5.685823e+001,-1.236073e+002, 7.546855e+003, 0.000000e+000, 0.000000e+000, 0.000000e+000
 3.843000e-001, 2.294142e+003,-5.414185e+002,-2.625175e+003, 7.202819e+003, 5.686825e+001,-1.245885e+002, 7.660114e+003, 0.000000e+000, 0.000000e+000, 0.000000e+000
 3.843500e-001, 2.311315e+003,-4.737386e+002,-2.668206e+003, 7.308725e+003, 5.690715e+001,-1.255597e+002, 7.770457e+003, 0.000000e+000, 0.000000e+000, 0.000000e+000
 3.844000e-001, 2.283175e+003,-4.136786e+002,-2.705319e+003, 7.412005e+003, 5.688166e+001,-1.264460e+002, 7.878266e+003, 0.000000e+000, 0.000000e+000, 0.000000e+000
 3.844500e-001, 2.297794e+003,-3.470338e+002,-2.745294e+003, 7.512684e+003, 5.688270e+001,-1.273241e+002, 7.983043e+003, 0.000000e+000, 0.000000e+000, 0.000000e+000
 3.845000e-001, 2.269034e+003,-2.853960e+002,-2.781642e+003, 7.610660e+003, 5.682224e+001,-1.281151e+002, 8.085253e+003, 0.000000e+000, 0.000000e+000, 0.000000e+000
 3.845500e-001, 2.280941e+003,-2.197981e+002,-2.818447e+003, 7.705969e+003, 5.678592e+001,-1.288998e+002, 8.184317e+003, 0.000000e+000, 0.000000e+000, 0.000000e+000
 3.846000e-001, 2.251734e+003,-1.567516e+002,-2.854034e+003, 7.798500e+003, 5.669098e+001,-1.295953e+002, 8.280788e+003, 0.000000e+000, 0.000000e+000, 0.000000e+000
 3.846500e-001, 2.260788e+003,-9.221367e+001,-2.887561e+003, 7.888304e+003, 5.661783e+001,-1.302862e+002, 8.373997e+003, 0.000000e+000, 0.000000e+000, 0.000000e+000
 3.847000e-001, 2.231294e+003,-2.792597e+001,-2.922387e+003, 7.975260e+003, 5.648887e+001,-1.308863e+002, 8.464595e+003, 0.000000e+000, 0.000000e+000, 0.000000e+000
 3.847500e-001, 2.237369e+003, 3.553636e+001,-2.952543e+003, 8.059429e+003, 5.637944e+001,-1.314832e+002, 8.551815e+003, 0.000000e+000, 0.000000e+000, 0.000000e+000
 3.848000e-001, 2.207735e+003, 1.009013e+002,-2.986602e+003, 8.140686e+003, 5.621687e+001,-1.319879e+002, 8.636416e+003, 0.000000e+000, 0.000000e+000, 0.000000e+000
 3.848500e-001, 2.210724e+003, 1.632676e+002,-3.013306e+003, 8.219102e+003, 5.607175e+001,-1.324906e+002, 8.717523e+003, 0.000000e+000, 0.000000e+000, 0.000000e+000
 3.849000e-001, 2.181085e+003, 2.295511e+002,-3.046581e+003, 8.294544e+003, 5.587594e+001,-1.329003e+002, 8.796008e+003, 0.000000e+000, 0.000000e+000, 0.000000e+000
 3.849500e-001, 2.180898e+003, 2.907949e+002,-3.069770e+003, 8.367095e+003, 5.569569e+001,-1.333087e+002, 8.870887e+003, 0.000000e+000, 0.000000e+000, 0.000000e+000
 3.850000e-001, 2.151375e+003, 3.578456e+002,-3.102233e+003, 8.436615e+003, 5.546698e+001,-1.336237e+002, 8.943144e+003, 0.000000e+000, 0.000000e+000, 0.000000e+000
 3.850500e-001, 2.147940e+003, 4.179330e+002,-3.121862e+003, 8.503196e+003, 5.525221e+001,-1.339376e+002, 9.011687e+003, 0.000000e+000, 0.000000e+000, 0.000000e+000
 3.851000e-001, 2.118638e+003, 4.856075e+002,-3.153474e+003, 8.566696e+003, 5.499090e+001,-1.341585e+002, 9.077615e+003, 0.000000e+000, 0.000000e+000, 0.000000e+000
 3.851500e-001, 2.111904e+003, 5.444969e+002,-3.169515e+003, 8.627213e+003, 5.474219e+001,-1.343778e+002, 9.139724e+003, 0.000000e+000, 0.000000e+000, 0.000000e+000
 3.852000e-001, 2.082914e+003, 6.126606e+002,-3.200222e+003, 8.684603e+003, 5.444857e+001,-1.345051e+002, 9.199229e+003, 0.000000e+000, 0.000000e+000, 0.000000e+000
 3.852500e-001, 2.072850e+003, 6.703022e+002,-3.212671e+003, 8.738969e+003, 5.416650e+001,-1.346298e+002, 9.254814e+003, 0.000000e+000, 0.000000e+000, 0.000000e+000
 3.853000e-001, 2.044247e+003, 7.388298e+002,-3.242406e+003, 8.790166e+003, 5.384086e+001,-1.346640e+002, 9.307813e+003, 0.000000e+000, 0.000000e+000, 0.000000e+000
 3.853500e-001, 2.030840e+003, 7.951655e+002,-3.251276e+003, 8.838304e+003, 5.352599e+001,-1.346941e+002, 9.356792e+003, 0.000000e+000, 0.000000e+000, 0.000000e+000
 3.854000e-001, 2.002683e+003, 8.639410e+002,-3.279959e+003, 8.883237e+003, 5.316861e+001,-1.346357e+002, 9.403205e+003, 0.000000e+000, 0.000000e+000, 0.000000e+000
 3.854500e-001, 1.985941e+003, 9.189052e+002,-3.285283e+003, 8.925078e+003, 5.282148e+001,-1.345712e+002, 9.445510e+003, 0.000000e+000, 0.000000e+000, 0.000000e+000
 3.855000e-001, 1.958274e+003, 9.878212e+002,-3.312820e+003, 8.963683e+003, 5.243264e+001,-1.344209e+002, 9.485270e+003, 0.000000e+000, 0.000000e+000, 0.000000e+000
 3.855500e-001, 1.938224e+003, 1.041342e+003,-3.314653e+003, 8.999167e+003, 5.205380e+001,-1.342620e+002, 9.520836e+003, 0.000000e+000, 0.000000e+000, 0.000000e+000
 3.856000e-001, 1.911076e+003, 1.110298e+003,-3.340937e+003, 9.031389e+003, 5.163382e+001,-1.340203e+002, 9.553883e+003, 0.000000e+000, 0.000000e+000, 0.000000e+000
 3.856500e-001, 1.887763e+003, 1.162298e+003,-3.339349e+003, 9.060465e+003, 5.122377e+001,-1.337670e+002, 9.582660e+003, 0.000000e+000, 0.000000e+000, 0.000000e+000
 3.857000e-001, 1.861149e+003, 1.231202e+003,-3.364264e+003, 9.086258e+003, 5.077298e+001,-1.334347e+002, 9.608942e+003, 0.000000e+000, 0.000000e+000, 0.000000e+000
 3.857500e-001, 1.834636e+003, 1.281599e+003,-3.359342e+003, 9.108885e+003, 5.033220e+001,-1.330874e+002, 9.630888e+003, 0.000000e+000, 0.000000e+000, 0.000000e+000
 3.858000e-001, 1.808558e+003, 1.350362e+003,-3.382764e+003, 9.128213e+003, 4.985099e+001,-1.326651e+002, 9.650364e+003, 0.000000e+000, 0.000000e+000, 0.000000e+000
 3.858500e-001, 1.778924e+003, 1.399076e+003,-3.374610e+003, 9.144359e+003, 4.937993e+001,-1.322242e+002, 9.665445e+003, 0.000000e+000, 0.000000e+000, 0.000000e+000
 3.859000e-001, 1.753372e+003, 1.467611e+003,-3.396406e+003, 9.157195e+003, 4.886873e+001,-1.317127e+002, 9.678084e+003, 0.000000e+000, 0.000000e+000, 0.000000e+000
 3.859500e-001, 1.720710e+003, 1.514560e+003,-3.385135e+003, 9.166836e+003, 4.836782e+001,-1.311786e+002, 9.686276e+003, 0.000000e+000, 0.000000e+000, 0.000000e+000
 3.860000e-001, 1.695664e+003, 1.582782e+003,-3.405170e+003, 9.173161e+003, 4.782711e+001,-1.305786e+002, 9.692053e+003, 0.000000e+000, 0.000000e+000, 0.000000e+000
 3.860500e-001, 1.660083e+003, 1.627888e+003,-3.390903e+003, 9.176284e+003, 4.729675e+001,-1.299521e+002, 9.693344e+003, 0.000000e+000, 0.000000e+000, 0.000000e+000
 3.861000e-001, 1.635512e+003, 1.695710e+003,-3.409041e+003, 9.176091e+003, 4.672707e+001,-1.292644e+002, 9.692244e+003, 0.000000e+000, 0.000000e+000, 0.000000e+000
 3.861500e-001, 1.597131e+003, 1.738902e+003,-3.391908e+003, 9.172690e+003, 4.616766e+001,-1.285461e+002, 9.686631e+003, 0.000000e+000, 0.000000e+000, 0.000000e+000
 3.862000e-001, 1.572997e+003, 1.806233e+003,-3.408014e+003, 9.165979e+003, 4.556960e+001,-1.277716e+002, 9.678650e+003, 0.000000e+000, 0.000000e+000, 0.000000e+000
 3.862500e-001, 1.531947e+003, 1.847447e+003,-3.388148e+003, 9.156062e+003, 4.498147e+001,-1.269625e+002, 9.666139e+003, 0.000000e+000, 0.000000e+000, 0.000000e+000
 3.863000e-001, 1.508205e+003, 1.914190e+003,-3.402089e+003, 9.142841e+003, 4.435567e+001,-1.261021e+002, 9.651282e+003, 0.000000e+000, 0.000000e+000, 0.000000e+000
 3.863500e-001, 1.464625e+003, 1.953373e+003,-3.379629e+003, 9.126419e+003, 4.373915e+001,-1.252032e+002, 9.631889e+003, 0.000000e+000, 0.000000e+000, 0.000000e+000
 3.864000e-001, 1.441224e+003, 2.019423e+003,-3.391279e+003, 9.106709e+003, 4.308629e+001,-1.242581e+002, 9.610170e+003, 0.000000e+000, 0.000000e+000, 0.000000e+000
 3.864500e-001, 1.395264e+003, 2.056535e+003,-3.366360e+003, 9.083808e+003, 4.244170e+001,-1.232706e+002, 9.583920e+003, 0.000000e+000, 0.000000e+000, 0.000000e+000
 3.865000e-001, 1.372149e+003, 2.121778e+003,-3.375599e+003, 9.057637e+003, 4.176250e+001,-1.222418e+002, 9.555363e+003, 0.000000e+000, 0.000000e+000, 0.000000e+000
 3.865500e-001, 1.323962e+003, 2.156793e+003,-3.348357e+003, 9.028288e+003, 4.109011e+001,-1.211672e+002, 9.522292e+003, 0.000000e+000, 0.000000e+000, 0.000000e+000
 3.866000e-001, 1.301075e+003, 2.221102e+003,-3.355075e+003, 8.995693e+003, 4.038533e+001,-1.200560e+002, 9.486931e+003, 0.000000e+000, 0.000000e+000, 0.000000e+000
 3.866500e-001, 1.250821e+003, 2.254011e+003,-3.325643e+003, 8.959939e+003, 3.968546e+001,-1.188957e+002, 9.447086e+003, 0.000000e+000, 0.000000e+000, 0.000000e+000
 3.867000e-001, 1.228103e+003, 2.317247e+003,-3.329739e+003, 8.920968e+003, 3.895591e+001,-1.177035e+002, 9.404963e+003, 0.000000e+000, 0.000000e+000, 0.000000e+000
 3.867500e-001, 1.175945e+003, 2.348059e+003,-3.298246e+003, 8.878861e+003, 3.822884e+001,-1.164594e+002, 9.358397e+003, 0.000000e+000, 0.000000e+000, 0.000000e+000
 3.868000e-001, 1.153335e+003, 2.410070e+003,-3.299631e+003, 8.833568e+003, 3.747535e+001,-1.151876e+002, 9.309567e+003, 0.000000e+000, 0.000000e+000, 0.000000e+000
 3.868500e-001, 1.099442e+003, 2.438810e+003,-3.266202e+003, 8.785168e+003, 3.672142e+001,-1.138614e+002, 9.256347e+003, 0.000000e+000, 0.000000e+000, 0.000000e+000
 3.869000e-001, 1.076878e+003, 2.499431e+003,-3.264796e+003, 8.733619e+003, 3.594487e+001,-1.125118e+002, 9.200872e+003, 0.000000e+000, 0.000000e+000, 0.000000e+000
 3.869500e-001, 1.021418e+003, 2.526142e+003,-3.229552e+003, 8.678995e+003, 3.516446e+001,-1.111054e+002, 9.141071e+003, 0.000000e+000, 0.000000e+000, 0.000000e+000
 3.870000e-001, 9.988398e+002, 2.585197e+003,-3.225288e+003, 8.621264e+003, 3.436571e+001,-1.096798e+002, 9.079023e+003, 0.000000e+000, 0.000000e+000, 0.000000e+000
 3.870500e-001, 9.419839e+002, 2.609938e+003,-3.188346e+003, 8.560493e+003, 3.355920e+001,-1.081953e+002, 9.012727e+003, 0.000000e+000, 0.000000e+000, 0.000000e+000
 3.871000e-001, 9.193318e+002, 2.667238e+003,-3.181166e+003, 8.496663e+003, 3.273915e+001,-1.066955e+002, 8.944190e+003, 0.000000e+000, 0.000000e+000, 0.000000e+000
 3.871500e-001, 8.612524e+002, 2.690087e+003,-3.142639e+003, 8.429834e+003, 3.190701e+001,-1.051352e+002, 8.871489e+003, 0.000000e+000, 0.000000e+000, 0.000000e+000
 3.872000e-001, 8.384671e+002, 2.745432e+003,-3.132495e+003, 8.359996e+003, 3.106652e+001,-1.035632e+002, 8.796557e+003, 0.000000e+000, 0.000000e+000, 0.000000e+000
 3.872500e-001, 7.793373e+002, 2.766480e+003,-3.092493e+003, 8.287203e+003, 3.020924e+001,-1.019293e+002, 8.717556e+003, 0.000000e+000, 0.000000e+000, 0.000000e+000
 3.873000e-001, 7.563609e+002, 2.819663e+003,-3.079345e+003, 8.211456e+003, 2.934918e+001,-1.002874e+002, 8.636329e+003, 0.000000e+000, 0.000000e+000, 0.000000e+000
 3.873500e-001, 6.963541e+002, 2.839013e+003,-3.037978e+003, 8.132805e+003, 2.846732e+001,-9.858228e+001, 8.551139e+003, 0.000000e+000, 0.000000e+000, 0.000000e+000
 3.874000e-001, 6.731304e+002, 2.889821e+003,-3.021795e+003, 8.051258e+003, 2.758850e+001,-9.687268e+001, 8.463729e+003, 0.000000e+000, 0.000000e+000, 0.000000e+000
 3.874500e-001, 6.124203e+002, 2.907588e+003,-2.979170e+003, 7.966859e+003, 2.668268e+001,-9.509890e+001, 8.372471e+003, 0.000000e+000, 0.000000e+000, 0.000000e+000
 3.875000e-001, 5.888940e+002, 2.955804e+003,-2.959927e+003, 7.879629e+003, 2.578593e+001,-9.332404e+001, 8.279002e+003, 0.000000e+000, 0.000000e+000, 0.000000e+000
 3.875500e-001, 5.276548e+002, 2.972107e+003,-2.916152e+003, 7.789605e+003, 2.485686e+001,-9.148410e+001, 8.181803e+003, 0.000000e+000, 0.000000e+000, 0.000000e+000
 3.876000e-001, 5.037719e+002, 3.017517e+003,-2.893830e+003, 7.696816e+003, 2.394295e+001,-8.964648e+001, 8.082406e+003, 0.000000e+000, 0.000000e+000, 0.000000e+000
 3.876500e-001, 4.421779e+002, 3.032481e+003,-2.849012e+003, 7.601294e+003, 2.299141e+001,-8.774302e+001, 7.979406e+003, 0.000000e+000, 0.000000e+000, 0.000000e+000
 3.877000e-001, 4.178853e+002, 3.074872e+003,-2.823597e+003, 7.503079e+003, 2.206112e+001,-8.584523e+001, 7.874221e+003, 0.000000e+000, 0.000000e+000, 0.000000e+000
 3.877500e-001, 3.561108e+002, 3.088623e+003,-2.777847e+003, 7.402196e+003, 2.108799e+001,-8.388090e+001, 7.765566e+003, 0.000000e+000, 0.000000e+000, 0.000000e+000
 3.878000e-001, 3.313565e+002, 3.127788e+003,-2.749330e+003, 7.298695e+003, 2.014206e+001,-8.192558e+001, 7.654742e+003, 0.000000e+000, 0.000000e+000, 0.000000e+000
 3.878500e-001, 2.695762e+002, 3.140450e+003,-2.702758e+003, 7.192596e+003, 1.914833e+001,-7.990311e+001, 7.540588e+003, 0.000000e+000, 0.000000e+000, 0.000000e+000
 3.879000e-001, 2.443088e+002, 3.176195e+003,-2.671134e+003, 7.083956e+003, 1.818750e+001,-7.789297e+001, 7.424285e+003, 0.000000e+000, 0.000000e+000, 0.000000e+000
 3.879500e-001, 1.826972e+002, 3.187884e+003,-2.623852e+003, 6.972791e+003, 1.717427e+001,-7.581512e+001, 7.304793e+003, 0.000000e+000, 0.000000e+000, 0.000000e+000
 3.880000e-001, 1.568661e+002, 3.220028e+003,-2.589120e+003, 6.859167e+003, 1.619925e+001,-7.375287e+001, 7.183178e+003, 0.000000e+000, 0.000000e+000, 0.000000e+000
 3.880500e-001, 9.559772e+001, 3.230853e+003,-2.541241e+003, 6.743095e+003, 1.516770e+001,-7.162246e+001, 7.058521e+003, 0.000000e+000, 0.000000e+000, 0.000000e+000
 3.881000e-001, 6.915311e+001, 3.259230e+003,-2.503406e+003, 6.624651e+003, 1.417923e+001,-6.951084e+001, 6.931770e+003, 0.000000e+000, 0.000000e+000, 0.000000e+000
 3.881500e-001, 8.401944e+000, 3.269288e+003,-2.455042e+003, 6.503837e+003, 1.313064e+001,-6.733072e+001, 6.802125e+003, 0.000000e+000, 0.000000e+000, 0.000000e+000
 3.882000e-001,-1.870527e+001, 3.293754e+003,-2.414114e+003, 6.380740e+003, 1.212945e+001,-6.517249e+001, 6.670423e+003, 0.000000e+000, 0.000000e+000, 0.000000e+000
 3.882500e-001,-7.876575e+001, 3.303125e+003,-2.365378e+003, 6.255356e+003, 1.106522e+001,-6.294555e+001, 6.535976e+003, 0.000000e+000, 0.000000e+000, 0.000000e+000
 3.883000e-001,-1.065836e+002, 3.323558e+003,-2.321373e+003, 6.127782e+003, 1.005207e+001,-6.074347e+001, 6.399515e+003, 0.000000e+000, 0.000000e+000, 0.000000e+000
 3.883500e-001,-1.657811e+002, 3.332309e+003,-2.272374e+003, 5.998008e+003, 8.973689e+000,-5.847265e+001, 6.260458e+003, 0.000000e+000, 0.000000e+000, 0.000000e+000
 3.884000e-001,-1.943563e+002, 3.348610e+003,-2.225318e+003, 5.866138e+003, 7.949385e+000,-5.622947e+001, 6.119439e+003, 0.000000e+000, 0.000000e+000, 0.000000e+000
 3.884500e-001,-2.525200e+002, 3.356785e+003,-2.176161e+003, 5.732158e+003, 6.858452e+000,-5.391774e+001, 5.975972e+003, 0.000000e+000, 0.000000e+000, 0.000000e+000
 3.885000e-001,-2.818975e+002, 3.368883e+003,-2.126087e+003, 5.596180e+003, 5.823855e+000,-5.163617e+001, 5.830602e+003, 0.000000e+000, 0.000000e+000, 0.000000e+000
 3.885500e-001,-3.388592e+002, 3.376509e+003,-2.076872e+003, 5.458184e+003, 4.722081e+000,-4.928654e+001, 5.682930e+003, 0.000000e+000, 0.000000e+000, 0.000000e+000
 3.886000e-001,-3.690816e+002, 3.384360e+003,-2.023825e+003, 5.318291e+003, 3.678136e+000,-4.696930e+001, 5.533422e+003, 0.000000e+000, 0.000000e+000, 0.000000e+000
 3.886500e-001,-4.246761e+002, 3.391441e+003,-1.974646e+003, 5.176476e+003, 2.567333e+000,-4.458483e+001, 5.381759e+003, 0.000000e+000, 0.000000e+000, 0.000000e+000
 3.887000e-001,-4.557830e+002, 3.395027e+003,-1.918684e+003, 5.032868e+003, 1.515078e+000,-4.223459e+001, 5.228335e+003, 0.000000e+000, 0.000000e+000, 0.000000e+000
 3.887500e-001,-5.098489e+002, 3.401548e+003,-1.869622e+003, 4.887435e+003, 3.971604e-001,-3.981837e+001, 5.072897e+003, 0.000000e+000, 0.000000e+000, 0.000000e+000
 3.888000e-001,-5.418765e+002, 3.400882e+003,-1.810817e+003, 4.740314e+003,-6.622607e-001,-3.743781e+001, 4.915784e+003, 0.000000e+000, 0.000000e+000, 0.000000e+000
 3.888500e-001,-5.942576e+002, 3.406805e+003,-1.761944e+003, 4.591471e+003,-1.785288e+000,-3.499296e+001, 4.756795e+003, 0.000000e+000, 0.000000e+000, 0.000000e+000
 3.889000e-001,-6.272374e+002, 3.401923e+003,-1.700384e+003, 4.441047e+003,-2.850616e+000,-3.258475e+001, 4.596226e+003, 0.000000e+000, 0.000000e+000, 0.000000e+000
 3.889500e-001,-6.777832e+002, 3.407193e+003,-1.651760e+003, 4.289004e+003,-3.976668e+000,-3.011447e+001, 4.433915e+003, 0.000000e+000, 0.000000e+000, 0.000000e+000
 3.890000e-001,-7.117417e+002, 3.398161e+003,-1.587548e+003, 4.135491e+003,-5.046521e+000,-2.768129e+001, 4.270125e+003, 0.000000e+000, 0.000000e+000, 0.000000e+000
 3.890500e-001,-7.603087e+002, 3.402700e+003,-1.539219e+003, 3.980464e+003,-6.173443e+000,-2.518881e+001, 4.104725e+003, 0.000000e+000, 0.000000e+000, 0.000000e+000
 3.891000e-001,-7.952660e+002, 3.389608e+003,-1.472478e+003, 3.824080e+003,-7.246315e+000,-2.273338e+001, 3.937959e+003, 0.000000e+000, 0.000000e+000, 0.000000e+000
 3.891500e-001,-8.417188e+002, 3.393326e+003,-1.424473e+003, 3.666288e+003,-8.371892e+000,-2.022200e+001, 3.769707e+003, 0.000000e+000, 0.000000e+000, 0.000000e+000
 3.892000e-001,-8.776881e+002, 3.376284e+003,-1.355344e+003, 3.507254e+003,-9.446145e+000,-1.774708e+001, 3.600212e+003, 0.000000e+000, 0.000000e+000, 0.000000e+000
 3.892500e-001,-9.219003e+002, 3.379073e+003,-1.307678e+003, 3.346923e+003,-1.056811e+001,-1.522015e+001, 3.429350e+003, 0.000000e+000, 0.000000e+000, 0.000000e+000
 3.893000e-001,-9.588869e+002, 3.358214e+003,-1.236318e+003, 3.185464e+003,-1.164198e+001,-1.272856e+001, 3.257375e+003, 0.000000e+000, 0.000000e+000, 0.000000e+000
 3.893500e-001,-1.000742e+003, 3.359956e+003,-1.188992e+003, 3.022821e+003,-1.275802e+001,-1.018950e+001, 3.084147e+003, 0.000000e+000, 0.000000e+000, 0.000000e+000
 3.894000e-001,-1.038743e+003, 3.335429e+003,-1.115579e+003, 2.859166e+003,-1.382959e+001,-7.684133e+000, 2.909947e+003, 0.000000e+000, 0.000000e+000, 0.000000e+000
 3.894500e-001,-1.078136e+003, 3.335997e+003,-1.068576e+003, 2.694441e+003,-1.493738e+001,-5.136430e+000, 2.734603e+003, 0.000000e+000, 0.000000e+000, 0.000000e+000
 3.895000e-001,-1.117138e+003, 3.307965e+003,-9.933029e+002, 2.528822e+003,-1.600463e+001,-2.620268e+000, 2.558434e+003, 0.000000e+000, 0.000000e+000, 0.000000e+000
 3.895500e-001,-1.153975e+003, 3.307224e+003,-9.465938e+002, 2.362249e+003,-1.710179e+001,-6.745172e-002, 2.381224e+003, 0.000000e+000, 0.000000e+000, 0.000000e+000
 3.896000e-001,-1.193955e+003, 3.275864e+003,-8.696704e+002, 2.194901e+003,-1.816259e+001, 2.456406e+000, 2.203345e+003, 0.000000e+000, 0.000000e+000, 0.000000e+000
 3.896500e-001,-1.228156e+003, 3.273676e+003,-8.232122e+002, 2.026716e+003,-1.924676e+001, 5.010737e+000, 2.024523e+003, 0.000000e+000, 0.000000e+000, 0.000000e+000
 3.897000e-001,-1.269081e+003, 3.239171e+003,-7.448621e+002, 1.857875e+003,-2.029886e+001, 7.539075e+000, 1.845194e+003, 0.000000e+000, 0.000000e+000, 0.000000e+000
 3.897500e-001,-1.300577e+003, 3.235400e+003,-6.986005e+002, 1.688316e+003,-2.136768e+001, 1.009126e+001, 1.665016e+003, 0.000000e+000, 0.000000e+000, 0.000000e+000
 3.898000e-001,-1.342404e+003, 3.197940e+003,-6.190593e+002, 1.518221e+003,-2.240875e+001, 1.262073e+001, 1.484500e+003, 0.000000e+000, 0.000000e+000, 0.000000e+000
 3.898500e-001,-1.371142e+003, 3.192450e+003,-5.729307e+002, 1.347529e+003,-2.345989e+001, 1.516704e+001, 1.303223e+003, 0.000000e+000, 0.000000e+000, 0.000000e+000
 3.899000e-001,-1.413814e+003, 3.152227e+003,-4.924439e+002, 1.176422e+003,-2.448757e+001, 1.769415e+001, 1.121781e+003, 0.000000e+000, 0.000000e+000, 0.000000e+000
 3.899500e-001,-1.439753e+003, 3.144888e+003,-4.463774e+002, 1.004838e+003,-2.551873e+001, 2.023081e+001, 9.396631e+002, 0.000000e+000, 0.000000e+000, 0.000000e+000
 3.900000e-001,-1.483205e+003, 3.102096e+003,-3.651976e+002, 8.329598e+002,-2.653060e+001, 2.275191e+001, 7.575598e+002, 0.000000e+000, 0.000000e+000, 0.000000e+000
 3.900500e-001,-1.506320e+003, 3.092786e+003,-3.191176e+002, 6.607280e+002,-2.753955e+001, 2.527508e+001, 5.748604e+002, 0.000000e+000, 0.000000e+000, 0.000000e+000
 3.901000e-001,-1.550473e+003, 3.047614e+003,-2.375017e+002, 4.883224e+002,-2.853319e+001, 2.778641e+001, 3.923582e+002, 0.000000e+000, 0.000000e+000, 0.000000e+000
 3.901500e-001,-1.570752e+003, 3.036220e+003,-1.913306e+002, 3.156866e+002,-2.951775e+001, 3.029218e+001, 2.093371e+002, 0.000000e+000, 0.000000e+000, 0.000000e+000
 3.902000e-001,-1.615517e+003, 2.988854e+003,-1.095372e+002, 1.429976e+002,-3.049075e+001, 3.278982e+001, 2.669861e+001, 0.000000e+000, 0.000000e+000, 0.000000e+000
 3.902500e-001,-1.632964e+003, 2.975275e+003,-6.319747e+001,-2.979761e+001,-3.144884e+001, 3.527428e+001,-1.563845e+002, 0.000000e+000, 0.000000e+000, 0.000000e+000
 3.903000e-001,-1.678240e+003, 2.925896e+003, 1.851575e+001,-2.025255e+002,-3.239882e+001, 3.775420e+001,-3.388977e+002, 0.000000e+000, 0.000000e+000, 0.000000e+000
 3.903500e-001,-1.692871e+003, 2.910044e+003, 6.509876e+001,-3.752351e+002,-3.332844e+001, 4.021339e+001,-5.217831e+002, 0.000000e+000, 0.000000e+000, 0.000000e+000
 3.904000e-001,-1.738549e+003, 2.858824e+003, 1.464780e+002,-5.477574e+002,-3.425307e+001, 4.267146e+001,-7.039108e+002, 0.000000e+000, 0.000000e+000, 0.000000e+000
 3.904500e-001,-1.750394e+003, 2.840624e+003, 1.933739e+002,-7.201366e+002,-3.515231e+001, 4.510141e+001,-8.863396e+002, 0.000000e+000, 0.000000e+000, 0.000000e+000
 3.905000e-001,-1.796354e+003, 2.787729e+003, 2.741712e+002,-8.922089e+002,-3.604935e+001, 4.753342e+001,-1.067823e+003, 0.000000e+000, 0.000000e+000, 0.000000e+000
 3.905500e-001,-1.805456e+003, 2.767121e+003, 3.214426e+002,-1.064013e+003,-3.691642e+001, 4.993016e+001,-1.249537e+003, 0.000000e+000, 0.000000e+000, 0.000000e+000
 3.906000e-001,-1.851568e+003, 2.712706e+003, 4.014184e+002,-1.235392e+003,-3.778373e+001, 5.233184e+001,-1.430120e+003, 0.000000e+000, 0.000000e+000, 0.000000e+000
 3.906500e-001,-1.857983e+003, 2.689645e+003, 4.491191e+002,-1.406377e+003,-3.861693e+001, 5.469142e+001,-1.610863e+003, 0.000000e+000, 0.000000e+000, 0.000000e+000
 3.907000e-001,-1.904109e+003, 2.633856e+003, 5.280435e+002,-1.576820e+003,-3.945249e+001, 5.705848e+001,-1.790290e+003, 0.000000e+000, 0.000000e+000, 0.000000e+000
 3.907500e-001,-1.907904e+003, 2.608312e+003, 5.762175e+002,-1.746744e+003,-4.025026e+001, 5.937696e+001,-1.969806e+003, 0.000000e+000, 0.000000e+000, 0.000000e+000
 3.908000e-001,-1.953900e+003, 2.551289e+003, 6.538720e+002,-1.916008e+003,-4.105219e+001, 6.170511e+001,-2.147827e+003, 0.000000e+000, 0.000000e+000, 0.000000e+000
 3.908500e-001,-1.955154e+003, 2.523244e+003, 7.025519e+002,-2.084631e+003,-4.181310e+001, 6.397861e+001,-2.325863e+003, 0.000000e+000, 0.000000e+000, 0.000000e+000
 3.909000e-001,-2.000867e+003, 2.465115e+003, 7.787304e+002,-2.252477e+003,-4.257967e+001, 6.626360e+001,-2.502229e+003, 0.000000e+000, 0.000000e+000, 0.000000e+000
 3.909500e-001,-1.999668e+003, 2.434566e+003, 8.279374e+002,-2.419557e+003,-4.330240e+001, 6.848833e+001,-2.678534e+003, 0.000000e+000, 0.000000e+000, 0.000000e+000
 3.910000e-001,-2.044941e+003, 2.375454e+003, 9.024467e+002,-2.585747e+003,-4.403205e+001, 7.072596e+001,-2.852999e+003, 0.000000e+000, 0.000000e+000, 0.000000e+000
 3.910500e-001,-2.041385e+003, 2.342410e+003, 9.521901e+002,-2.751049e+003,-4.471543e+001, 7.289820e+001,-3.027325e+003, 0.000000e+000, 0.000000e+000, 0.000000e+000
 3.911000e-001,-2.086058e+003, 2.282431e+003, 1.024850e+003,-2.915347e+003,-4.540675e+001, 7.508441e+001,-3.199646e+003, 0.000000e+000, 0.000000e+000, 0.000000e+000
 3.911500e-001,-2.080251e+003, 2.246912e+003, 1.075128e+003,-3.078636e+003,-4.604973e+001, 7.720058e+001,-3.371747e+003, 0.000000e+000, 0.000000e+000, 0.000000e+000
 3.912000e-001,-2.124157e+003, 2.186175e+003, 1.145772e+003,-3.240809e+003,-4.670149e+001, 7.933142e+001,-3.541688e+003, 0.000000e+000, 0.000000e+000, 0.000000e+000
 3.912500e-001,-2.116211e+003, 2.148209e+003, 1.196569e+003,-3.401852e+003,-4.730316e+001, 8.138805e+001,-3.711321e+003, 0.000000e+000, 0.000000e+000, 0.000000e+000
 3.913000e-001,-2.159183e+003, 2.086820e+003, 1.265044e+003,-3.561670e+003,-4.791430e+001, 8.345977e+001,-3.878646e+003, 0.000000e+000, 0.000000e+000, 0.000000e+000
 3.913500e-001,-2.149216e+003, 2.046446e+003, 1.316338e+003,-3.720239e+003,-4.847385e+001, 8.545359e+001,-4.045572e+003, 0.000000e+000, 0.000000e+000, 0.000000e+000
 3.914000e-001,-2.191087e+003, 1.984507e+003, 1.382502e+003,-3.877474e+003,-4.904348e+001, 8.746260e+001,-4.210050e+003, 0.000000e+000, 0.000000e+000, 0.000000e+000
 3.914500e-001,-2.179220e+003, 1.941769e+003, 1.434257e+003,-4.033344e+003,-4.956023e+001, 8.939048e+001,-4.374035e+003, 0.000000e+000, 0.000000e+000, 0.000000e+000
 3.915000e-001,-2.219822e+003, 1.879381e+003, 1.497981e+003,-4.187774e+003,-5.008762e+001, 9.133343e+001,-4.535441e+003, 0.000000e+000, 0.000000e+000, 0.000000e+000
 3.915500e-001,-2.206182e+003, 1.834328e+003, 1.550154e+003,-4.340723e+003,-5.056102e+001, 9.319245e+001,-4.696252e+003, 0.000000e+000, 0.000000e+000, 0.000000e+000
 3.916000e-001,-2.245348e+003, 1.771591e+003, 1.611320e+003,-4.492128e+003,-5.104560e+001, 9.506620e+001,-4.854364e+003, 0.000000e+000, 0.000000e+000, 0.000000e+000
 3.916500e-001,-2.230064e+003, 1.724276e+003, 1.663861e+003,-4.641939e+003,-5.147520e+001, 9.685365e+001,-5.011776e+003, 0.000000e+000, 0.000000e+000, 0.000000e+000
 3.917000e-001,-2.267629e+003, 1.661291e+003, 1.722361e+003,-4.790103e+003,-5.191656e+001, 9.865530e+001,-5.166375e+003, 0.000000e+000, 0.000000e+000, 0.000000e+000
 3.917500e-001,-2.250831e+003, 1.611771e+003, 1.775212e+003,-4.936563e+003,-5.230204e+001, 1.003687e+002,-5.320165e+003, 0.000000e+000, 0.000000e+000, 0.000000e+000
 3.918000e-001,-2.286636e+003, 1.548639e+003, 1.830949e+003,-5.081276e+003,-5.269994e+001, 1.020956e+002,-5.471042e+003, 0.000000e+000, 0.000000e+000, 0.000000e+000
 3.918500e-001,-2.268453e+003, 1.496970e+003, 1.884044e+003,-5.224177e+003,-5.304107e+001, 1.037326e+002,-5.620991e+003, 0.000000e+000, 0.000000e+000, 0.000000e+000
 3.919000e-001,-2.302342e+003, 1.433797e+003, 1.936929e+003,-5.365233e+003,-5.339536e+001, 1.053823e+002,-5.767937e+003, 0.000000e+000, 0.000000e+000, 0.000000e+000
 3.919500e-001,-2.282903e+003, 1.380038e+003, 1.990200e+003,-5.504372e+003,-5.369205e+001, 1.069409e+002,-5.913835e+003, 0.000000e+000, 0.000000e+000, 0.000000e+000
 3.920000e-001,-2.314728e+003, 1.316930e+003, 2.040154e+003,-5.641571e+003,-5.400276e+001, 1.085112e+002,-6.056648e+003, 0.000000e+000, 0.000000e+000, 0.000000e+000
 3.920500e-001,-2.294159e+003, 1.261138e+003, 2.093525e+003,-5.776749e+003,-5.425500e+001, 1.099895e+002,-6.198288e+003, 0.000000e+000, 0.000000e+000, 0.000000e+000
 3.921000e-001,-2.323779e+003, 1.198207e+003, 2.140478e+003,-5.909895e+003,-5.452224e+001, 1.114785e+002,-6.336771e+003, 0.000000e+000, 0.000000e+000, 0.000000e+000
 3.921500e-001,-2.302204e+003, 1.140437e+003, 2.193870e+003,-6.040920e+003,-5.473015e+001, 1.128750e+002,-6.473953e+003, 0.000000e+000, 0.000000e+000, 0.000000e+000
 3.922000e-001,-2.329484e+003, 1.077797e+003, 2.237761e+003,-6.169824e+003,-5.495415e+001, 1.142809e+002,-6.607916e+003, 0.000000e+000, 0.000000e+000, 0.000000e+000
 3.922500e-001,-2.307022e+003, 1.018107e+003, 2.291089e+003,-6.296510e+003,-5.511792e+001, 1.155941e+002,-6.740444e+003, 0.000000e+000, 0.000000e+000, 0.000000e+000
 3.923000e-001,-2.331839e+003, 9.558750e+002, 2.331865e+003,-6.420989e+003,-5.529902e+001, 1.169153e+002,-6.869701e+003, 0.000000e+000, 0.000000e+000, 0.000000e+000
 3.923500e-001,-2.308603e+003, 8.943181e+002, 2.385041e+003,-6.543156e+003,-5.541895e+001, 1.181440e+002,-6.997388e+003, 0.000000e+000, 0.000000e+000, 0.000000e+000
 3.924000e-001,-2.330844e+003, 8.326159e+002, 2.422661e+003,-6.663031e+003,-5.555756e+001, 1.193792e+002,-7.121760e+003, 0.000000e+000, 0.000000e+000, 0.000000e+000
 3.924500e-001,-2.306943e+003, 7.692454e+002, 2.475588e+003,-6.780506e+003,-5.563405e+001, 1.205223e+002,-7.244425e+003, 0.000000e+000, 0.000000e+000, 0.000000e+000
 3.925000e-001,-2.326505e+003, 7.081968e+002, 2.510021e+003,-6.895607e+003,-5.573068e+001, 1.216703e+002,-7.363738e+003, 0.000000e+000, 0.000000e+000, 0.000000e+000
 3.925500e-001,-2.302038e+003, 6.430652e+002, 2.562600e+003,-7.008222e+003,-5.576422e+001, 1.227269e+002,-7.481207e+003, 0.000000e+000, 0.000000e+000, 0.000000e+000
 3.926000e-001,-2.318833e+003, 5.827962e+002, 2.593824e+003,-7.118385e+003,-5.581945e+001, 1.237864e+002,-7.595293e+003, 0.000000e+000, 0.000000e+000, 0.000000e+000
 3.926500e-001,-2.293891e+003, 5.159558e+002, 2.645949e+003,-7.225979e+003,-5.581062e+001, 1.247558e+002,-7.707400e+003, 0.000000e+000, 0.000000e+000, 0.000000e+000
 3.927000e-001,-2.307842e+003, 4.565935e+002, 2.673956e+003,-7.331048e+003,-5.582508e+001, 1.257259e+002,-7.816101e+003, 0.000000e+000, 0.000000e+000, 0.000000e+000
 3.927500e-001,-2.282511e+003, 3.880970e+002, 2.725512e+003,-7.433469e+003,-5.577459e+001, 1.266075e+002,-7.922685e+003, 0.000000e+000, 0.000000e+000, 0.000000e+000
 3.928000e-001,-2.293554e+003, 3.297687e+002, 2.750306e+003,-7.533292e+003,-5.574898e+001, 1.274872e+002,-8.025846e+003, 0.000000e+000, 0.000000e+000, 0.000000e+000
 3.928500e-001,-2.267907e+003, 2.596702e+002, 2.801174e+003,-7.630395e+003,-5.565758e+001, 1.282803e+002,-8.126757e+003, 0.000000e+000, 0.000000e+000, 0.000000e+000
 3.929000e-001,-2.275994e+003, 2.025022e+002, 2.822771e+003,-7.724832e+003,-5.559265e+001, 1.290688e+002,-8.224231e+003, 0.000000e+000, 0.000000e+000, 0.000000e+000
 3.929500e-001,-2.250096e+003, 1.308583e+002, 2.872822e+003,-7.816477e+003,-5.546121e+001, 1.297730e+002,-8.319326e+003, 0.000000e+000, 0.000000e+000, 0.000000e+000
 3.930000e-001,-2.255192e+003, 7.497444e+001, 2.891253e+003,-7.905392e+003,-5.535774e+001, 1.304695e+002,-8.410974e+003, 0.000000e+000, 0.000000e+000, 0.000000e+000
 3.930500e-001,-2.229097e+003, 1.845181e+000, 2.940352e+003,-7.991449e+003,-5.518720e+001, 1.310843e+002,-8.500118e+003, 0.000000e+000, 0.000000e+000, 0.000000e+000
 3.931000e-001,-2.231184e+003,-5.263445e+001, 2.955659e+003,-8.074715e+003,-5.504602e+001, 1.316880e+002,-8.585808e+003, 0.000000e+000, 0.000000e+000, 0.000000e+000
 3.931500e-001,-2.204936e+003,-1.271845e+002, 3.003664e+003,-8.155063e+003,-5.483740e+001, 1.322131e+002,-8.668874e+003, 0.000000e+000, 0.000000e+000, 0.000000e+000
 3.932000e-001,-2.204007e+003,-1.801450e+002, 3.015902e+003,-8.232562e+003,-5.465936e+001, 1.327233e+002,-8.748480e+003, 0.000000e+000, 0.000000e+000, 0.000000e+000
 3.932500e-001,-2.177642e+003,-2.560452e+002, 3.062664e+003,-8.307085e+003,-5.441373e+001, 1.331582e+002,-8.825353e+003, 0.000000e+000, 0.000000e+000, 0.000000e+000
 3.933000e-001,-2.173706e+003,-3.073784e+002, 3.071902e+003,-8.378705e+003,-5.419970e+001, 1.335742e+002,-8.898759e+003, 0.000000e+000, 0.000000e+000, 0.000000e+000
 3.933500e-001,-2.147247e+003,-3.845513e+002, 3.117266e+003,-8.447298e+003,-5.391821e+001, 1.339185e+002,-8.969328e+003, 0.000000e+000, 0.000000e+000, 0.000000e+000
 3.934000e-001,-2.140329e+003,-4.341571e+002, 3.123583e+003,-8.512938e+003,-5.366908e+001, 1.342397e+002,-9.036426e+003, 0.000000e+000, 0.000000e+000, 0.000000e+000
 3.934500e-001,-2.113792e+003,-5.125169e+002, 3.167390e+003,-8.575503e+003,-5.335291e+001, 1.344931e+002,-9.100592e+003, 0.000000e+000, 0.000000e+000, 0.000000e+000
 3.935000e-001,-2.103928e+003,-5.603047e+002, 3.170876e+003,-8.635067e+003,-5.306957e+001, 1.347189e+002,-9.161280e+003, 0.000000e+000, 0.000000e+000, 0.000000e+000
 3.935500e-001,-2.077318e+003,-6.397563e+002, 3.212963e+003,-8.691516e+003,-5.271998e+001, 1.348810e+002,-9.218953e+003, 0.000000e+000, 0.000000e+000, 0.000000e+000
 3.936000e-001,-2.064559e+003,-6.856466e+002, 3.213715e+003,-8.744922e+003,-5.240331e+001, 1.350108e+002,-9.273142e+003, 0.000000e+000, 0.000000e+000, 0.000000e+000
 3.936500e-001,-2.037873e+003,-7.660845e+002, 3.253920e+003,-8.795172e+003,-5.202158e+001, 1.350813e+002,-9.324238e+003, 0.000000e+000, 0.000000e+000, 0.000000e+000
 3.937000e-001,-2.022280e+003,-8.100097e+002, 3.252042e+003,-8.842342e+003,-5.167246e+001, 1.351146e+002,-9.371844e+003, 0.000000e+000, 0.000000e+000, 0.000000e+000
 3.937500e-001,-1.995510e+003,-8.913171e+002, 3.290202e+003,-8.886323e+003,-5.125986e+001, 1.350930e+002,-9.416294e+003, 0.000000e+000, 0.000000e+000, 0.000000e+000
 3.938000e-001,-1.977157e+003,-9.332229e+002, 3.285803e+003,-8.927190e+003,-5.087917e+001, 1.350296e+002,-9.457241e+003, 0.000000e+000, 0.000000e+000, 0.000000e+000
 3.938500e-001,-1.950284e+003,-1.015271e+003, 3.321760e+003,-8.964841e+003,-5.043701e+001, 1.349155e+002,-9.494981e+003, 0.000000e+000, 0.000000e+000, 0.000000e+000
 3.939000e-001,-1.929255e+003,-1.055117e+003, 3.314949e+003,-8.999346e+003,-5.002559e+001, 1.347551e+002,-9.529205e+003, 0.000000e+000, 0.000000e+000, 0.000000e+000
 3.939500e-001,-1.902257e+003,-1.137765e+003, 3.348550e+003,-9.030610e+003,-4.955515e+001, 1.345482e+002,-9.560184e+003, 0.000000e+000, 0.000000e+000, 0.000000e+000
 3.940000e-001,-1.878645e+003,-1.175526e+003, 3.339437e+003,-9.058705e+003,-4.911380e+001, 1.342906e+002,-9.587629e+003, 0.000000e+000, 0.000000e+000, 0.000000e+000
 3.940500e-001,-1.851495e+003,-1.258619e+003, 3.370536e+003,-9.083540e+003,-4.861636e+001, 1.339907e+002,-9.611801e+003, 0.000000e+000, 0.000000e+000, 0.000000e+000
 3.941000e-001,-1.825400e+003,-1.294285e+003, 3.359229e+003,-9.105184e+003,-4.814585e+001, 1.336360e+002,-9.632421e+003, 0.000000e+000, 0.000000e+000, 0.000000e+000
 3.941500e-001,-1.798067e+003,-1.377656e+003, 3.387692e+003,-9.123553e+003,-4.762263e+001, 1.332429e+002,-9.649752e+003, 0.000000e+000, 0.000000e+000, 0.000000e+000
 3.942000e-001,-1.769597e+003,-1.411232e+003, 3.374294e+003,-9.138715e+003,-4.712370e+001, 1.327911e+002,-9.663510e+003, 0.000000e+000, 0.000000e+000, 0.000000e+000
 3.942500e-001,-1.742047e+003,-1.494701e+003, 3.399998e+003,-9.150594e+003,-4.657590e+001, 1.323048e+002,-9.673976e+003, 0.000000e+000, 0.000000e+000, 0.000000e+000
 3.943000e-001,-1.711317e+003,-1.526207e+003, 3.384604e+003,-9.159253e+003,-4.604924e+001, 1.317563e+002,-9.680846e+003, 0.000000e+000, 0.000000e+000, 0.000000e+000
 3.943500e-001,-1.683514e+003,-1.609582e+003, 3.407440e+003,-9.164623e+003,-4.547798e+001, 1.311767e+002,-9.684432e+003, 0.000000e+000, 0.000000e+000, 0.000000e+000
 3.944000e-001,-1.650640e+003,-1.639055e+003, 3.390141e+003,-9.166767e+003,-4.492421e+001, 1.305321e+002,-9.684396e+003, 0.000000e+000, 0.000000e+000, 0.000000e+000
 3.944500e-001,-1.622551e+003,-1.722131e+003, 3.410015e+003,-9.165621e+003,-4.433055e+001, 1.298595e+002,-9.681096e+003, 0.000000e+000, 0.000000e+000, 0.000000e+000
 3.945000e-001,-1.587655e+003,-1.749622e+003, 3.390888e+003,-9.161246e+003,-4.375027e+001, 1.291195e+002,-9.674148e+003, 0.000000e+000, 0.000000e+000, 0.000000e+000
 3.945500e-001,-1.559243e+003,-1.832182e+003, 3.407723e+003,-9.153588e+003,-4.313520e+001, 1.283542e+002,-9.663965e+003, 0.000000e+000, 0.000000e+000, 0.000000e+000
 3.946000e-001,-1.522448e+003,-1.857756e+003, 3.386840e+003,-9.142701e+003,-4.252893e+001, 1.275196e+002,-9.650109e+003, 0.000000e+000, 0.000000e+000, 0.000000e+000
 3.946500e-001,-1.493681e+003,-1.939576e+003, 3.400574e+003,-9.128540e+003,-4.189333e+001, 1.266622e+002,-9.633058e+003, 0.000000e+000, 0.000000e+000, 0.000000e+000
 3.947000e-001,-1.455111e+003,-1.963311e+003, 3.377994e+003,-9.111157e+003,-4.126159e+001, 1.257342e+002,-9.612307e+003, 0.000000e+000, 0.000000e+000, 0.000000e+000
 3.947500e-001,-1.425958e+003,-2.044154e+003, 3.388583e+003,-9.090514e+003,-4.060626e+001, 1.247856e+002,-9.588409e+003, 0.000000e+000, 0.000000e+000, 0.000000e+000
 3.948000e-001,-1.385737e+003,-2.066140e+003, 3.364358e+003,-9.066660e+003,-3.994948e+001, 1.237654e+002,-9.560786e+003, 0.000000e+000, 0.000000e+000, 0.000000e+000
 3.948500e-001,-1.356171e+003,-2.145766e+003, 3.371772e+003,-9.039564e+003,-3.927512e+001, 1.227265e+002,-9.530076e+003, 0.000000e+000, 0.000000e+000, 0.000000e+000
 3.949000e-001,-1.314425e+003,-2.166103e+003, 3.345945e+003,-9.009273e+003,-3.859370e+001, 1.216158e+002,-9.495616e+003, 0.000000e+000, 0.000000e+000, 0.000000e+000
 3.949500e-001,-1.284420e+003,-2.244264e+003, 3.350168e+003,-8.975765e+003,-3.790092e+001, 1.204879e+002,-9.458135e+003, 0.000000e+000, 0.000000e+000, 0.000000e+000
 3.950000e-001,-1.241271e+003,-2.263060e+003, 3.322777e+003,-8.939082e+003,-3.719524e+001, 1.192883e+002,-9.416883e+003, 0.000000e+000, 0.000000e+000, 0.000000e+000
 3.950500e-001,-1.210809e+003,-2.339506e+003, 3.323806e+003,-8.899208e+003,-3.648454e+001, 1.180729e+002,-9.372681e+003, 0.000000e+000, 0.000000e+000, 0.000000e+000
 3.951000e-001,-1.166379e+003,-2.356878e+003, 3.294881e+003,-8.856185e+003,-3.575493e+001, 1.167863e+002,-9.324691e+003, 0.000000e+000, 0.000000e+000, 0.000000e+000
 3.951500e-001,-1.135444e+003,-2.431357e+003, 3.292725e+003,-8.810003e+003,-3.502673e+001, 1.154851e+002,-9.273830e+003, 0.000000e+000, 0.000000e+000, 0.000000e+000
 3.952000e-001,-1.089852e+003,-2.447424e+003, 3.262296e+003,-8.760701e+003,-3.427351e+001, 1.141136e+002,-9.219170e+003, 0.000000e+000, 0.000000e+000, 0.000000e+000
 3.952500e-001,-1.058433e+003,-2.519685e+003, 3.256970e+003,-8.708277e+003,-3.352813e+001, 1.127288e+002,-9.161718e+003, 0.000000e+000, 0.000000e+000, 0.000000e+000
 3.953000e-001,-1.011796e+003,-2.534570e+003, 3.225066e+003,-8.652770e+003,-3.275161e+001, 1.112745e+002,-9.100462e+003, 0.000000e+000, 0.000000e+000, 0.000000e+000
 3.953500e-001,-9.798884e+002,-2.604366e+003, 3.216592e+003,-8.594179e+003,-3.198929e+001, 1.098082e+002,-9.036499e+003, 0.000000e+000, 0.000000e+000, 0.000000e+000
 3.954000e-001,-9.323196e+002,-2.618193e+003, 3.183245e+003,-8.532543e+003,-3.118977e+001, 1.082736e+002,-8.968734e+003, 0.000000e+000, 0.000000e+000, 0.000000e+000
 3.954500e-001,-8.999223e+002,-2.685282e+003, 3.171645e+003,-8.467870e+003,-3.041068e+001, 1.067283e+002,-8.898350e+003, 0.000000e+000, 0.000000e+000, 0.000000e+000
 3.955000e-001,-8.515336e+002,-2.698172e+003, 3.136892e+003,-8.400195e+003,-2.958850e+001, 1.051158e+002,-8.824172e+003, 0.000000e+000, 0.000000e+000, 0.000000e+000
 3.955500e-001,-8.186508e+002,-2.762320e+003, 3.122192e+003,-8.329533e+003,-2.879274e+001, 1.034943e+002,-8.747463e+003, 0.000000e+000, 0.000000e+000, 0.000000e+000
 3.956000e-001,-7.695507e+002,-2.774391e+003, 3.086076e+003,-8.255916e+003,-2.794822e+001, 1.018064e+002,-8.666978e+003, 0.000000e+000, 0.000000e+000, 0.000000e+000
 3.956500e-001,-7.361912e+002,-2.835374e+003, 3.068299e+003,-8.179365e+003,-2.713585e+001, 1.001115e+002,-8.584051e+003, 0.000000e+000, 0.000000e+000, 0.000000e+000
 3.957000e-001,-6.864850e+002,-2.846737e+003, 3.030874e+003,-8.099912e+003,-2.626938e+001, 9.835097e+001,-8.497375e+003, 0.000000e+000, 0.000000e+000, 0.000000e+000
 3.957500e-001,-6.526627e+002,-2.904345e+003, 3.010037e+003,-8.017581e+003,-2.544043e+001, 9.658563e+001,-8.408347e+003, 0.000000e+000, 0.000000e+000, 0.000000e+000
 3.958000e-001,-6.024531e+002,-2.915104e+003, 2.971369e+003,-7.932405e+003,-2.455241e+001, 9.475533e+001,-8.315606e+003, 0.000000e+000, 0.000000e+000, 0.000000e+000
 3.958500e-001,-5.681858e+002,-2.969141e+003, 2.947485e+003,-7.844414e+003,-2.370687e+001, 9.292274e+001,-8.220600e+003, 0.000000e+000, 0.000000e+000, 0.000000e+000
 3.959000e-001,-5.175726e+002,-2.979389e+003, 2.907650e+003,-7.753637e+003,-2.279778e+001, 9.102548e+001,-8.121931e+003, 0.000000e+000, 0.000000e+000, 0.000000e+000
 3.959500e-001,-4.828825e+002,-3.029676e+003, 2.880726e+003,-7.660110e+003,-2.193567e+001, 8.912890e+001,-8.021080e+003, 0.000000e+000, 0.000000e+000, 0.000000e+000
 3.960000e-001,-4.319626e+002,-3.039494e+003, 2.839815e+003,-7.563863e+003,-2.100603e+001, 8.716761e+001,-7.916626e+003, 0.000000e+000, 0.000000e+000, 0.000000e+000
 3.960500e-001,-3.968761e+002,-3.085868e+003, 2.809847e+003,-7.464934e+003,-2.012737e+001, 8.521034e+001,-7.810074e+003, 0.000000e+000, 0.000000e+000, 0.000000e+000
 3.961000e-001,-3.457434e+002,-3.095325e+003, 2.767967e+003,-7.363353e+003,-1.917780e+001, 8.318802e+001,-7.699989e+003, 0.000000e+000, 0.000000e+000, 0.000000e+000
 3.961500e-001,-3.102906e+002,-3.137647e+003, 2.734946e+003,-7.259164e+003,-1.828263e+001, 8.117342e+001,-7.587886e+003, 0.000000e+000, 0.000000e+000, 0.000000e+000
 3.962000e-001,-2.590365e+002,-3.146797e+003, 2.692212e+003,-7.152395e+003,-1.731380e+001, 7.909309e+001,-7.472333e+003, 0.000000e+000, 0.000000e+000, 0.000000e+000
 3.962500e-001,-2.232513e+002,-3.184947e+003, 2.656124e+003,-7.043093e+003,-1.640225e+001, 7.702451e+001,-7.354837e+003, 0.000000e+000, 0.000000e+000, 0.000000e+000
 3.963000e-001,-1.719641e+002,-3.193828e+003, 2.612665e+003,-6.931289e+003,-1.541495e+001, 7.488926e+001,-7.233986e+003, 0.000000e+000, 0.000000e+000, 0.000000e+000
 3.963500e-001,-1.358837e+002,-3.227706e+003, 2.573487e+003,-6.817031e+003,-1.448719e+001, 7.277007e+001,-7.111266e+003, 0.000000e+000, 0.000000e+000, 0.000000e+000
 3.964000e-001,-8.464881e+001,-3.236342e+003, 2.529443e+003,-6.700351e+003,-1.348227e+001, 7.058302e+001,-6.985295e+003, 0.000000e+000, 0.000000e+000, 0.000000e+000
 3.964500e-001,-4.831434e+001,-3.265873e+003, 2.487150e+003,-6.581300e+003,-1.253857e+001, 6.841652e+001,-6.857525e+003, 0.000000e+000, 0.000000e+000, 0.000000e+000
 3.965000e-001, 2.786067e+000,-3.274269e+003, 2.442669e+003,-6.459909e+003,-1.151701e+001, 6.618083e+001,-6.726622e+003, 0.000000e+000, 0.000000e+000, 0.000000e+000
 3.965500e-001, 3.933020e+001,-3.299401e+003, 2.397235e+003,-6.336234e+003,-1.055774e+001, 6.397028e+001,-6.593984e+003, 0.000000e+000, 0.000000e+000, 0.000000e+000
 3.966000e-001, 9.021722e+001,-3.307548e+003, 2.352467e+003,-6.210307e+003,-9.520614e+000, 6.168916e+001,-6.458342e+003, 0.000000e+000, 0.000000e+000, 0.000000e+000
 3.966500e-001, 1.269230e+002,-3.328249e+003, 2.303868e+003,-6.082185e+003,-8.546252e+000, 5.943775e+001,-6.321028e+003, 0.000000e+000, 0.000000e+000, 0.000000e+000
 3.967000e-001, 1.775213e+002,-3.336122e+003, 2.258967e+003,-5.951899e+003,-7.494744e+000, 5.711444e+001,-6.180847e+003, 0.000000e+000, 0.000000e+000, 0.000000e+000
 3.967500e-001, 2.143371e+002,-3.352384e+003, 2.207184e+003,-5.819512e+003,-6.505915e+000, 5.482529e+001,-6.039054e+003, 0.000000e+000, 0.000000e+000, 0.000000e+000
 3.968000e-001, 2.645753e+002,-3.359943e+003, 2.162301e+003,-5.685054e+003,-5.441306e+000, 5.246308e+001,-5.894542e+003, 0.000000e+000, 0.000000e+000, 0.000000e+000
 3.968500e-001, 3.014456e+002,-3.371778e+003, 2.107323e+003,-5.548589e+003,-4.438768e+000, 5.013922e+001,-5.748474e+003, 0.000000e+000, 0.000000e+000, 0.000000e+000
 3.969000e-001, 3.512564e+002,-3.378968e+003, 2.062603e+003,-5.410150e+003,-3.362451e+000, 4.774143e+001,-5.599843e+003, 0.000000e+000, 0.000000e+000, 0.000000e+000
 3.969500e-001, 3.881222e+002,-3.386408e+003, 2.004431e+003,-5.269802e+003,-2.347117e+000, 4.538580e+001,-5.449712e+003, 0.000000e+000, 0.000000e+000, 0.000000e+000
 3.970000e-001, 4.374428e+002,-3.393164e+003, 1.960010e+003,-5.127579e+003,-1.260589e+000, 4.295580e+001,-5.297182e+003, 0.000000e+000, 0.000000e+000, 0.000000e+000
 3.970500e-001, 4.742406e+002,-3.396260e+003, 1.898662e+003,-4.983546e+003,-2.335278e-001, 4.057129e+001,-5.143205e+003, 0.000000e+000, 0.000000e+000, 0.000000e+000
 3.971000e-001, 5.230132e+002,-3.402504e+003, 1.854661e+003,-4.837740e+003, 8.616124e-001, 3.811249e+001,-4.986998e+003, 0.000000e+000, 0.000000e+000, 0.000000e+000
 3.971500e-001, 5.596757e+002,-3.401324e+003, 1.790173e+003,-4.690228e+003, 1.899170e+000, 3.570189e+001,-4.829398e+003, 0.000000e+000, 0.000000e+000, 0.000000e+000
 3.972000e-001, 6.078475e+002,-3.406969e+003, 1.746698e+003,-4.541047e+003, 3.001226e+000, 3.321775e+001,-4.669744e+003, 0.000000e+000, 0.000000e+000, 0.000000e+000
 3.972500e-001, 6.443030e+002,-3.401595e+003, 1.679129e+003,-4.390264e+003, 4.047884e+000, 3.078382e+001,-4.508751e+003, 0.000000e+000, 0.000000e+000, 0.000000e+000
 3.973000e-001, 6.918268e+002,-3.406549e+003, 1.636266e+003,-4.237920e+003, 5.155067e+000, 2.827785e+001,-4.345882e+003, 0.000000e+000, 0.000000e+000, 0.000000e+000
 3.973500e-001, 7.279991e+002,-3.397076e+003, 1.565697e+003,-4.084080e+003, 6.209267e+000, 2.582333e+001,-4.181730e+003, 0.000000e+000, 0.000000e+000, 0.000000e+000
 3.974000e-001, 7.748335e+002,-3.401240e+003, 1.523509e+003,-3.928788e+003, 7.319701e+000, 2.329908e+001,-4.015883e+003, 0.000000e+000, 0.000000e+000, 0.000000e+000
 3.974500e-001, 8.106420e+002,-3.387774e+003, 1.450051e+003,-3.772110e+003, 8.379726e+000, 2.082666e+001,-3.848810e+003, 0.000000e+000, 0.000000e+000, 0.000000e+000
 3.975000e-001, 8.567513e+002,-3.391049e+003, 1.408577e+003,-3.614091e+003, 9.491455e+000, 1.828773e+001,-3.680225e+003, 0.000000e+000, 0.000000e+000, 0.000000e+000
 3.975500e-001, 8.921111e+002,-3.373702e+003, 1.332367e+003,-3.454796e+003, 1.055544e+001, 1.580013e+001,-3.510475e+003, 0.000000e+000, 0.000000e+000, 0.000000e+000
 3.976000e-001, 9.374660e+002,-3.375987e+003, 1.291621e+003,-3.294273e+003, 1.166643e+001, 1.325018e+001,-3.339395e+003, 0.000000e+000, 0.000000e+000, 0.000000e+000
 3.976500e-001, 9.722877e+002,-3.354881e+003, 1.212823e+003,-3.132587e+003, 1.273235e+001, 1.075014e+001,-3.167214e+003, 0.000000e+000, 0.000000e+000, 0.000000e+000
 3.977000e-001, 1.016865e+003,-3.356076e+003, 1.172793e+003,-2.969789e+003, 1.384052e+001, 8.192852e+000,-2.993885e+003, 0.000000e+000, 0.000000e+000, 0.000000e+000
 3.977500e-001, 1.051055e+003,-3.331333e+003, 1.091604e+003,-2.805941e+003, 1.490624e+001, 5.683177e+000,-2.819525e+003, 0.000000e+000, 0.000000e+000, 0.000000e+000
 3.978000e-001, 1.094837e+003,-3.331346e+003, 1.052250e+003,-2.641097e+003, 1.600943e+001, 3.122267e+000,-2.644195e+003, 0.000000e+000, 0.000000e+000, 0.000000e+000
 3.978500e-001, 1.128298e+003,-3.303092e+003, 9.688915e+002,-2.475319e+003, 1.707268e+001, 6.058159e-001,-2.467908e+003, 0.000000e+000, 0.000000e+000, 0.000000e+000
 3.979000e-001, 1.171274e+003,-3.301833e+003, 9.301522e+002,-2.308664e+003, 1.816870e+001,-1.954956e+000,-2.290826e+003, 0.000000e+000, 0.000000e+000, 0.000000e+000
 3.979500e-001, 1.203904e+003,-3.270193e+003, 8.448723e+002,-2.141191e+003, 1.922712e+001,-4.475235e+000,-2.112869e+003, 0.000000e+000, 0.000000e+000, 0.000000e+000
 3.980000e-001, 1.246068e+003,-3.267582e+003, 8.066603e+002,-1.972961e+003, 2.031372e+001,-7.032089e+000,-1.934287e+003, 0.000000e+000, 0.000000e+000, 0.000000e+000
 3.980500e-001, 1.277765e+003,-3.232680e+003, 7.197321e+002,-1.804029e+003, 2.136486e+001,-9.553143e+000,-1.754919e+003, 0.000000e+000, 0.000000e+000, 0.000000e+000
 3.981000e-001, 1.319116e+003,-3.228644e+003, 6.819401e+002,-1.634461e+003, 2.243978e+001,-1.210228e+001,-1.575088e+003, 0.000000e+000, 0.000000e+000, 0.000000e+000
 3.981500e-001, 1.349772e+003,-3.190601e+003, 5.936573e+002,-1.464310e+003, 2.348114e+001,-1.462094e+001,-1.394568e+003, 0.000000e+000, 0.000000e+000, 0.000000e+000
 3.982000e-001, 1.390316e+003,-3.185079e+003, 5.561599e+002,-1.293646e+003, 2.454209e+001,-1.715857e+001,-1.213743e+003, 0.000000e+000, 0.000000e+000, 0.000000e+000
 3.982500e-001, 1.419821e+003,-3.144011e+003, 4.668343e+002,-1.122517e+003, 2.557111e+001,-1.967155e+001,-1.032332e+003, 0.000000e+000, 0.000000e+000, 0.000000e+000
 3.983000e-001, 1.459568e+003,-3.136953e+003, 4.294914e+002,-9.509975e+002, 2.661579e+001,-2.219386e+001,-8.507651e+002, 0.000000e+000, 0.000000e+000, 0.000000e+000
 3.983500e-001, 1.487813e+003,-3.092971e+003, 3.394483e+002,-7.791325e+002, 2.762988e+001,-2.469774e+001,-6.687253e+002, 0.000000e+000, 0.000000e+000, 0.000000e+000
 3.984000e-001, 1.526775e+003,-3.084339e+003, 3.021090e+002,-6.070008e+002, 2.865600e+001,-2.720095e+001,-4.866711e+002, 0.000000e+000, 0.000000e+000, 0.000000e+000
 3.984500e-001, 1.553649e+003,-3.037550e+003, 2.116837e+002,-4.346433e+002, 2.965259e+001,-2.969220e+001,-3.042647e+002, 0.000000e+000, 0.000000e+000, 0.000000e+000
 3.985000e-001, 1.591842e+003,-3.027316e+003, 1.741907e+002,-2.621432e+002, 3.065785e+001,-3.217255e+001,-1.219768e+002, 0.000000e+000, 0.000000e+000, 0.000000e+000
 3.985500e-001, 1.617235e+003,-2.977822e+003, 8.372354e+001,-8.953731e+001, 3.163437e+001,-3.464751e+001, 6.053391e+001, 0.000000e+000, 0.000000e+000, 0.000000e+000
 3.986000e-001, 1.654677e+003,-2.965969e+003, 4.591681e+001, 8.308678e+001, 3.261650e+001,-3.710128e+001, 2.428024e+002, 0.000000e+000, 0.000000e+000, 0.000000e+000
 3.986500e-001, 1.678482e+003,-2.913866e+003,-4.425106e+001, 2.556965e+002, 3.357042e+001,-3.955622e+001, 4.251556e+002, 0.000000e+000, 0.000000e+000, 0.000000e+000
 3.987000e-001, 1.715193e+003,-2.900391e+003,-8.252942e+001, 4.282000e+002, 3.452717e+001,-4.197976e+001, 6.071518e+002, 0.000000e+000, 0.000000e+000, 0.000000e+000
 3.987500e-001, 1.737301e+003,-2.845770e+003,-1.720607e+002, 6.005689e+002, 3.545603e+001,-4.441084e+001, 7.890866e+002, 0.000000e+000, 0.000000e+000, 0.000000e+000
 3.988000e-001, 1.773302e+003,-2.830677e+003,-2.109625e+002, 7.727073e+002, 3.638518e+001,-4.680054e+001, 9.705587e+002, 0.000000e+000, 0.000000e+000, 0.000000e+000
 3.988500e-001, 1.793612e+003,-2.773628e+003,-2.995282e+002, 9.445911e+002, 3.728660e+001,-4.920385e+001, 1.151816e+003, 0.000000e+000, 0.000000e+000, 0.000000e+000
 3.989000e-001, 1.828922e+003,-2.756930e+003,-3.391952e+002, 1.116120e+003, 3.818598e+001,-5.155622e+001, 1.332513e+003, 0.000000e+000, 0.000000e+000, 0.000000e+000
 3.989500e-001, 1.847335e+003,-2.697540e+003,-4.264785e+002, 1.287276e+003, 3.905766e+001,-5.392785e+001, 1.512833e+003, 0.000000e+000, 0.000000e+000, 0.000000e+000
 3.990000e-001, 1.881972e+003,-2.679257e+003,-4.670383e+002, 1.457953e+003, 3.992515e+001,-5.623946e+001, 1.692506e+003, 0.000000e+000, 0.000000e+000, 0.000000e+000
 3.990500e-001, 1.898396e+003,-2.617612e+003,-5.527387e+002, 1.628136e+003, 4.076492e+001,-5.857545e+001, 1.871635e+003, 0.000000e+000, 0.000000e+000, 0.000000e+000
 3.991000e-001, 1.932377e+003,-2.597771e+003,-5.943020e+002, 1.797719e+003, 4.159845e+001,-6.084303e+001, 2.050035e+003, 0.000000e+000, 0.000000e+000, 0.000000e+000
 3.991500e-001, 1.946724e+003,-2.533958e+003,-6.781384e+002, 1.966690e+003, 4.240427e+001,-6.313943e+001, 2.227718e+003, 0.000000e+000, 0.000000e+000, 0.000000e+000
 3.992000e-001, 1.980064e+003,-2.512588e+003,-7.207957e+002, 2.134938e+003, 4.320186e+001,-6.535979e+001, 2.404600e+003, 0.000000e+000, 0.000000e+000, 0.000000e+000
 3.992500e-001, 1.992254e+003,-2.446697e+003,-8.025092e+002, 2.302456e+003, 4.397180e+001,-6.761273e+001, 2.580586e+003, 0.000000e+000, 0.000000e+000, 0.000000e+000
 3.993000e-001, 2.024961e+003,-2.423828e+003,-8.463284e+002, 2.469131e+003, 4.473156e+001,-6.978281e+001, 2.755705e+003, 0.000000e+000, 0.000000e+000, 0.000000e+000
 3.993500e-001, 2.034924e+003,-2.355954e+003,-9.256854e+002, 2.634958e+003, 4.546386e+001,-7.198847e+001, 2.929746e+003, 0.000000e+000, 0.000000e+000, 0.000000e+000
 3.994000e-001, 2.067003e+003,-2.331618e+003,-9.707103e+002, 2.799823e+003, 4.618398e+001,-7.410538e+001, 3.102860e+003, 0.000000e+000, 0.000000e+000, 0.000000e+000
 3.994500e-001, 2.074678e+003,-2.261861e+003,-1.047503e+003, 2.963724e+003, 4.687704e+001,-7.626005e+001, 3.274712e+003, 0.000000e+000, 0.000000e+000, 0.000000e+000
 3.995000e-001, 2.106128e+003,-2.236086e+003,-1.093752e+003, 3.126546e+003, 4.755580e+001,-7.832104e+001, 3.445581e+003, 0.000000e+000, 0.000000e+000, 0.000000e+000
 3.995500e-001, 2.111462e+003,-2.164555e+003,-1.167801e+003, 3.288288e+003, 4.820819e+001,-8.042110e+001, 3.615002e+003, 0.000000e+000, 0.000000e+000, 0.000000e+000
 3.996000e-001, 2.142277e+003,-2.137366e+003,-1.215266e+003, 3.448834e+003, 4.884401e+001,-8.242356e+001, 3.783390e+003, 0.000000e+000, 0.000000e+000, 0.000000e+000
 3.996500e-001, 2.145229e+003,-2.064179e+003,-1.286420e+003, 3.608188e+003, 4.945445e+001,-8.446558e+001, 3.950143e+003, 0.000000e+000, 0.000000e+000, 0.000000e+000
 3.997000e-001, 2.175394e+003,-2.035594e+003,-1.335066e+003, 3.766232e+003, 5.004587e+001,-8.640707e+001, 4.115815e+003, 0.000000e+000, 0.000000e+000, 0.000000e+000
 3.997500e-001, 2.175935e+003,-1.960880e+003,-1.403203e+003, 3.922970e+003, 5.061329e+001,-8.838777e+001, 4.279668e+003, 0.000000e+000, 0.000000e+000, 0.000000e+000
 3.998000e-001, 2.205430e+003,-1.930912e+003,-1.452970e+003, 4.078287e+003, 5.115899e+001,-9.026600e+001, 4.442394e+003, 0.000000e+000, 0.000000e+000, 0.000000e+000
 3.998500e-001, 2.203541e+003,-1.854810e+003,-1.517995e+003, 4.232187e+003, 5.168246e+001,-9.218226e+001, 4.603117e+003, 0.000000e+000, 0.000000e+000, 0.000000e+000
 3.999000e-001, 2.232337e+003,-1.823464e+003,-1.568798e+003, 4.384556e+003, 5.218128e+001,-9.399508e+001, 4.762669e+003, 0.000000e+000, 0.000000e+000, 0.000000e+000
 3.999500e-001, 2.228013e+003,-1.746127e+003,-1.630644e+003, 4.535398e+003, 5.266008e+001,-9.584398e+001, 4.920039e+003, 0.000000e+000, 0.000000e+000, 0.000000e+000
 4.000000e-001, 2.256073e+003,-1.713397e+003,-1.682374e+003, 4.684604e+003, 5.311100e+001,-9.758940e+001, 5.076194e+003, 0.000000e+000, 0.000000e+000, 0.000000e+000
 4.000500e-001, 2.249321e+003,-1.634990e+003,-1.741001e+003, 4.832174e+003, 5.354457e+001,-9.936823e+001, 5.229991e+003, 0.000000e+000, 0.000000e+000, 0.000000e+000
 4.001000e-001, 2.276601e+003,-1.600865e+003,-1.793526e+003, 4.978003e+003, 5.394678e+001,-1.010444e+002, 5.382529e+003, 0.000000e+000, 0.000000e+000, 0.000000e+000
 4.001500e-001, 2.267439e+003,-1.521564e+003,-1.848917e+003, 5.122093e+003, 5.433473e+001,-1.027506e+002, 5.532540e+003, 0.000000e+000, 0.000000e+000, 0.000000e+000
 4.002000e-001, 2.293887e+003,-1.486022e+003,-1.902086e+003, 5.264338e+003, 5.468759e+001,-1.043557e+002, 5.681246e+003, 0.000000e+000, 0.000000e+000, 0.000000e+000
 4.002500e-001, 2.282348e+003,-1.406017e+003,-1.954248e+003, 5.404741e+003, 5.502971e+001,-1.059870e+002, 5.827262e+003, 0.000000e+000, 0.000000e+000, 0.000000e+000
 4.003000e-001, 2.307901e+003,-1.369028e+003,-2.007891e+003, 5.543201e+003, 5.533276e+001,-1.075195e+002, 5.971924e+003, 0.000000e+000, 0.000000e+000, 0.000000e+000
 4.003500e-001, 2.294030e+003,-1.288517e+003,-2.056851e+003, 5.679716e+003, 5.562901e+001,-1.090736e+002, 6.113743e+003, 0.000000e+000, 0.000000e+000, 0.000000e+000
 4.004000e-001, 2.318621e+003,-1.250044e+003,-2.110784e+003, 5.814194e+003, 5.588202e+001,-1.105320e+002, 6.254157e+003, 0.000000e+000, 0.000000e+000, 0.000000e+000
 4.004500e-001, 2.302475e+003,-1.169237e+003,-2.156586e+003, 5.946628e+003, 5.613250e+001,-1.120070e+002, 6.391582e+003, 0.000000e+000, 0.000000e+000, 0.000000e+000
 4.005000e-001, 2.326027e+003,-1.129237e+003,-2.210612e+003, 6.076932e+003, 5.633543e+001,-1.133898e+002, 6.527547e+003, 0.000000e+000, 0.000000e+000, 0.000000e+000
 4.005500e-001, 2.307674e+003,-1.048352e+003,-2.253319e+003, 6.205097e+003, 5.654040e+001,-1.147838e+002, 6.660387e+003, 0.000000e+000, 0.000000e+000, 0.000000e+000
 4.006000e-001, 2.330103e+003,-1.006777e+003,-2.307228e+003, 6.331041e+003, 5.669343e+001,-1.160896e+002, 6.791708e+003, 0.000000e+000, 0.000000e+000, 0.000000e+000
 4.006500e-001, 2.309625e+003,-9.260355e+002,-2.346915e+003, 6.454753e+003, 5.685329e+001,-1.174010e+002, 6.919778e+003, 0.000000e+000, 0.000000e+000, 0.000000e+000
 4.007000e-001, 2.330841e+003,-8.828358e+002,-2.400493e+003, 6.576159e+003, 5.695681e+001,-1.186285e+002, 7.046266e+003, 0.000000e+000, 0.000000e+000, 0.000000e+000
 4.007500e-001, 2.308329e+003,-8.024642e+002,-2.437245e+003, 6.695242e+003, 5.707211e+001,-1.198557e+002, 7.169388e+003, 0.000000e+000, 0.000000e+000, 0.000000e+000
 4.008000e-001, 2.328237e+003,-7.575899e+002,-2.490270e+003, 6.811937e+003, 5.712672e+001,-1.210036e+002, 7.290862e+003, 0.000000e+000, 0.000000e+000, 0.000000e+000
 4.008500e-001, 2.303792e+003,-6.778148e+002,-2.524183e+003, 6.926221e+003, 5.719809e+001,-1.221451e+002, 7.408865e+003, 0.000000e+000, 0.000000e+000, 0.000000e+000
 4.009000e-001, 2.322290e+003,-6.312182e+002,-2.576432e+003, 7.038039e+003, 5.720461e+001,-1.232122e+002, 7.525147e+003, 0.000000e+000, 0.000000e+000, 0.000000e+000
 4.009500e-001, 2.296023e+003,-5.522640e+002,-2.607605e+003, 7.147361e+003, 5.723283e+001,-1.242667e+002, 7.637866e+003, 0.000000e+000, 0.000000e+000, 0.000000e+000
 4.010000e-001, 2.313006e+003,-5.039026e+002,-2.658857e+003, 7.254142e+003, 5.719226e+001,-1.252516e+002, 7.748789e+003, 0.000000e+000, 0.000000e+000, 0.000000e+000
 4.010500e-001, 2.285037e+003,-4.259886e+002,-2.687395e+003, 7.358347e+003, 5.717820e+001,-1.262179e+002, 7.856067e+003, 0.000000e+000, 0.000000e+000, 0.000000e+000
 4.011000e-001, 2.300396e+003,-3.758276e+002,-2.737429e+003, 7.459938e+003, 5.709175e+001,-1.271194e+002, 7.961468e+003, 0.000000e+000, 0.000000e+000, 0.000000e+000
 4.011500e-001, 2.270852e+003,-2.991649e+002,-2.763437e+003, 7.558877e+003, 5.703635e+001,-1.279963e+002, 8.063154e+003, 0.000000e+000, 0.000000e+000, 0.000000e+000
 4.012000e-001, 2.284477e+003,-2.471800e+002,-2.812040e+003, 7.655135e+003, 5.690539e+001,-1.288130e+002, 8.162880e+003, 0.000000e+000, 0.000000e+000, 0.000000e+000
 4.012500e-001, 2.253490e+003,-1.719684e+002,-2.835622e+003, 7.748667e+003, 5.680968e+001,-1.295993e+002, 8.258832e+003, 0.000000e+000, 0.000000e+000, 0.000000e+000
 4.013000e-001, 2.265269e+003,-1.181487e+002,-2.882586e+003, 7.839453e+003, 5.663574e+001,-1.303301e+002, 8.352735e+003, 0.000000e+000, 0.000000e+000, 0.000000e+000
 4.013500e-001, 2.232978e+003,-4.457414e+001,-2.903845e+003, 7.927443e+003, 5.650079e+001,-1.310248e+002, 8.442817e+003, 0.000000e+000, 0.000000e+000, 0.000000e+000
 4.014000e-001, 2.242797e+003, 1.107593e+001,-2.948972e+003, 8.012629e+003, 5.628555e+001,-1.316683e+002, 8.530762e+003, 0.000000e+000, 0.000000e+000, 0.000000e+000
 4.014500e-001, 2.209344e+003, 8.284427e+001,-2.968005e+003, 8.094953e+003, 5.611248e+001,-1.322703e+002, 8.614847e+003, 0.000000e+000, 0.000000e+000, 0.000000e+000
 4.015000e-001, 2.217095e+003, 1.403020e+002,-3.011110e+003, 8.174417e+003, 5.585772e+001,-1.328252e+002, 8.696701e+003, 0.000000e+000, 0.000000e+000, 0.000000e+000
 4.015500e-001, 2.182622e+003, 2.101141e+002,-3.028007e+003, 8.250956e+003, 5.564771e+001,-1.333335e+002, 8.774669e+003, 0.000000e+000, 0.000000e+000, 0.000000e+000
 4.016000e-001, 2.188198e+003, 2.693369e+002,-3.068917e+003, 8.324584e+003, 5.535531e+001,-1.337985e+002, 8.850313e+003, 0.000000e+000, 0.000000e+000, 0.000000e+000
 4.016500e-001, 2.152852e+003, 3.370640e+002,-3.083761e+003, 8.395229e+003, 5.510952e+001,-1.342124e+002, 8.922052e+003, 0.000000e+000, 0.000000e+000, 0.000000e+000
 4.017000e-001, 2.156147e+003, 3.979877e+002,-3.122317e+003, 8.462917e+003, 5.478143e+001,-1.345862e+002, 8.991373e+003, 0.000000e+000, 0.000000e+000, 0.000000e+000
 4.017500e-001, 2.120073e+003, 4.635237e+002,-3.135181e+003, 8.527568e+003, 5.450105e+001,-1.349046e+002, 9.056781e+003, 0.000000e+000, 0.000000e+000, 0.000000e+000
 4.018000e-001, 2.120989e+003, 5.260615e+002,-3.171242e+003, 8.589219e+003, 5.413924e+001,-1.351860e+002, 9.119677e+003, 0.000000e+000, 0.000000e+000, 0.000000e+000
 4.018500e-001, 2.084331e+003, 5.893244e+002,-3.182190e+003, 8.647783e+003, 5.382546e+001,-1.354083e+002, 9.178657e+003, 0.000000e+000, 0.000000e+000, 0.000000e+000
 4.019000e-001, 2.082775e+003, 6.533658e+002,-3.215629e+003, 8.703308e+003, 5.343192e+001,-1.355960e+002, 9.235034e+003, 0.000000e+000, 0.000000e+000, 0.000000e+000
 4.019500e-001, 2.045674e+003, 7.142985e+002,-3.224714e+003, 8.755702e+003, 5.308589e+001,-1.357214e+002, 9.287502e+003, 0.000000e+000, 0.000000e+000, 0.000000e+000
 4.020000e-001, 2.041562e+003, 7.797095e+002,-3.255422e+003, 8.805021e+003, 5.266259e+001,-1.358143e+002, 9.337276e+003, 0.000000e+000, 0.000000e+000, 0.000000e+000
 4.020500e-001, 2.004154e+003, 8.382800e+002,-3.262685e+003, 8.851170e+003, 5.228546e+001,-1.358423e+002, 9.383152e+003, 0.000000e+000, 0.000000e+000, 0.000000e+000
 4.021000e-001, 1.997409e+003, 9.049030e+002,-3.290573e+003, 8.894214e+003, 5.183432e+001,-1.358393e+002, 9.426249e+003, 0.000000e+000, 0.000000e+000, 0.000000e+000
 4.021500e-001, 1.959828e+003, 9.611036e+002,-3.296043e+003, 8.934053e+003, 5.142718e+001,-1.357693e+002, 9.465466e+003, 0.000000e+000, 0.000000e+000, 0.000000e+000
 4.022000e-001, 1.950383e+003, 1.028759e+003,-3.321038e+003, 8.970759e+003, 5.095005e+001,-1.356695e+002, 9.501820e+003, 0.000000e+000, 0.000000e+000, 0.000000e+000
 4.022500e-001, 1.912755e+003, 1.082606e+003,-3.324734e+003, 9.004230e+003, 5.051395e+001,-1.355012e+002, 9.534316e+003, 0.000000e+000, 0.000000e+000, 0.000000e+000
 4.023000e-001, 1.900552e+003, 1.151092e+003,-3.346781e+003, 9.034547e+003, 5.001260e+001,-1.353039e+002, 9.563875e+003, 0.000000e+000, 0.000000e+000, 0.000000e+000
 4.023500e-001, 1.862997e+003, 1.202625e+003,-3.348711e+003, 9.061604e+003, 4.954854e+001,-1.350369e+002, 9.589600e+003, 0.000000e+000, 0.000000e+000, 0.000000e+000
 4.024000e-001, 1.847991e+003, 1.271720e+003,-3.367770e+003, 9.085487e+003, 4.902458e+001,-1.347415e+002, 9.612316e+003, 0.000000e+000, 0.000000e+000, 0.000000e+000
 4.024500e-001, 1.810620e+003, 1.320998e+003,-3.367934e+003, 9.106090e+003, 4.853352e+001,-1.343759e+002, 9.631229e+003, 0.000000e+000, 0.000000e+000, 0.000000e+000
 4.025000e-001, 1.792777e+003, 1.390466e+003,-3.383981e+003, 9.123507e+003, 4.798845e+001,-1.339818e+002, 9.647070e+003, 0.000000e+000, 0.000000e+000, 0.000000e+000
 4.025500e-001, 1.755696e+003, 1.437567e+003,-3.382369e+003, 9.137626e+003, 4.747126e+001,-1.335176e+002, 9.659138e+003, 0.000000e+000, 0.000000e+000, 0.000000e+000
 4.026000e-001, 1.734993e+003, 1.507155e+003,-3.395397e+003, 9.148551e+003, 4.690641e+001,-1.330249e+002, 9.668079e+003, 0.000000e+000, 0.000000e+000, 0.000000e+000
 4.026500e-001, 1.698296e+003, 1.552172e+003,-3.391991e+003, 9.156168e+003, 4.636391e+001,-1.324623e+002, 9.673277e+003, 0.000000e+000, 0.000000e+000, 0.000000e+000
 4.027000e-001, 1.674724e+003, 1.621617e+003,-3.402002e+003, 9.160586e+003, 4.578045e+001,-1.318709e+002, 9.675306e+003, 0.000000e+000, 0.000000e+000, 0.000000e+000
 4.027500e-001, 1.638497e+003, 1.664657e+003,-3.396783e+003, 9.161690e+003, 4.521341e+001,-1.312104e+002, 9.673622e+003, 0.000000e+000, 0.000000e+000, 0.000000e+000
 4.028000e-001, 1.612058e+003, 1.733686e+003,-3.403791e+003, 9.159594e+003, 4.461233e+001,-1.305207e+002, 9.668732e+003, 0.000000e+000, 0.000000e+000, 0.000000e+000
 4.028500e-001, 1.576380e+003, 1.774865e+003,-3.396736e+003, 9.154185e+003, 4.402143e+001,-1.297630e+002, 9.660163e+003, 0.000000e+000, 0.000000e+000, 0.000000e+000
 4.029000e-001, 1.547090e+003, 1.843203e+003,-3.400762e+003, 9.145578e+003, 4.340354e+001,-1.289755e+002, 9.648363e+003, 0.000000e+000, 0.000000e+000, 0.000000e+000
 4.029500e-001, 1.512027e+003, 1.882643e+003,-3.391846e+003, 9.133662e+003, 4.278940e+001,-1.281214e+002, 9.632913e+003, 0.000000e+000, 0.000000e+000, 0.000000e+000
 4.030000e-001, 1.479914e+003, 1.950012e+003,-3.392918e+003, 9.118558e+003, 4.215533e+001,-1.272371e+002, 9.614220e+003, 0.000000e+000, 0.000000e+000, 0.000000e+000
 4.030500e-001, 1.445526e+003, 1.987838e+003,-3.382120e+003, 9.100153e+003, 4.151852e+001,-1.262876e+002, 9.591904e+003, 0.000000e+000, 0.000000e+000, 0.000000e+000
 4.031000e-001, 1.410630e+003, 2.053964e+003,-3.380270e+003, 9.078573e+003, 4.086871e+001,-1.253077e+002, 9.566344e+003, 0.000000e+000, 0.000000e+000, 0.000000e+000
 4.031500e-001, 1.376966e+003, 2.090300e+003,-3.367574e+003, 9.053707e+003, 4.020974e+001,-1.242640e+002, 9.537190e+003, 0.000000e+000, 0.000000e+000, 0.000000e+000
 4.032000e-001, 1.339339e+003, 2.154914e+003,-3.362832e+003, 9.025682e+003, 3.954447e+001,-1.231901e+002, 9.504801e+003, 0.000000e+000, 0.000000e+000, 0.000000e+000
 4.032500e-001, 1.306439e+003, 2.189881e+003,-3.348229e+003, 8.994391e+003, 3.886377e+001,-1.220537e+002, 9.468844e+003, 0.000000e+000, 0.000000e+000, 0.000000e+000
 4.033000e-001, 1.266146e+003, 2.252725e+003,-3.340624e+003, 8.959960e+003, 3.818317e+001,-1.208875e+002, 9.429672e+003, 0.000000e+000, 0.000000e+000, 0.000000e+000
 4.033500e-001, 1.234043e+003, 2.286436e+003,-3.324115e+003, 8.922289e+003, 3.748115e+001,-1.196601e+002, 9.386957e+003, 0.000000e+000, 0.000000e+000, 0.000000e+000
 4.034000e-001, 1.191158e+003, 2.347263e+003,-3.313674e+003, 8.881504e+003, 3.678517e+001,-1.184035e+002, 9.341061e+003, 0.000000e+000, 0.000000e+000, 0.000000e+000
 4.034500e-001, 1.159876e+003, 2.379822e+003,-3.295271e+003, 8.837507e+003, 3.606219e+001,-1.170870e+002, 9.291643e+003, 0.000000e+000, 0.000000e+000, 0.000000e+000
 4.035000e-001, 1.114485e+003, 2.438402e+003,-3.282014e+003, 8.790426e+003, 3.535067e+001,-1.157425e+002, 9.239089e+003, 0.000000e+000, 0.000000e+000, 0.000000e+000
 4.035500e-001, 1.084040e+003, 2.469900e+003,-3.261742e+003, 8.740166e+003, 3.460706e+001,-1.143390e+002, 9.183034e+003, 0.000000e+000, 0.000000e+000, 0.000000e+000
 4.036000e-001, 1.036237e+003, 2.526021e+003,-3.245682e+003, 8.686855e+003, 3.387974e+001,-1.129091e+002, 9.123901e+003, 0.000000e+000, 0.000000e+000, 0.000000e+000
 4.036500e-001, 1.006639e+003, 2.556533e+003,-3.223583e+003, 8.630406e+003, 3.311579e+001,-1.114208e+002, 9.061285e+003, 0.000000e+000, 0.000000e+000, 0.000000e+000
 4.037000e-001, 9.565292e+002, 2.610004e+003,-3.204722e+003, 8.570944e+003, 3.237230e+001,-1.099083e+002, 8.995659e+003, 0.000000e+000, 0.000000e+000, 0.000000e+000
 4.037500e-001, 9.277810e+002, 2.639592e+003,-3.180854e+003, 8.508387e+003, 3.158827e+001,-1.083376e+002, 8.926566e+003, 0.000000e+000, 0.000000e+000, 0.000000e+000
 4.038000e-001, 8.754768e+002, 2.690244e+003,-3.159185e+003, 8.442857e+003, 3.082821e+001,-1.067456e+002, 8.854545e+003, 0.000000e+000, 0.000000e+000, 0.000000e+000
 4.038500e-001, 8.475746e+002, 2.718948e+003,-3.133621e+003, 8.374280e+003, 3.002436e+001,-1.050952e+002, 8.779072e+003, 0.000000e+000, 0.000000e+000, 0.000000e+000
 4.039000e-001, 7.931973e+002, 2.766634e+003,-3.109129e+003, 8.302778e+003, 2.924725e+001,-1.034266e+002, 8.700761e+003, 0.000000e+000, 0.000000e+000, 0.000000e+000
 4.039500e-001, 7.661318e+002, 2.794478e+003,-3.081959e+003, 8.228281e+003, 2.842385e+001,-1.016993e+002, 8.619012e+003, 0.000000e+000, 0.000000e+000, 0.000000e+000
 4.040000e-001, 7.098098e+002, 2.839078e+003,-3.054618e+003, 8.150909e+003, 2.762921e+001,-9.995754e+001, 8.534525e+003, 0.000000e+000, 0.000000e+000, 0.000000e+000
 4.040500e-001, 6.835665e+002, 2.866066e+003,-3.025948e+003, 8.070598e+003, 2.678650e+001,-9.815621e+001, 8.446616e+003, 0.000000e+000, 0.000000e+000, 0.000000e+000
 4.041000e-001, 6.254347e+002, 2.907482e+003,-2.995723e+003, 7.987466e+003, 2.597387e+001,-9.634464e+001, 8.356079e+003, 0.000000e+000, 0.000000e+000, 0.000000e+000
 4.041500e-001, 5.999945e+002, 2.933600e+003,-2.965672e+003, 7.901457e+003, 2.511212e+001,-9.447238e+001, 8.262134e+003, 0.000000e+000, 0.000000e+000, 0.000000e+000
 4.042000e-001, 5.401940e+002, 2.971760e+003,-2.932521e+003, 7.812684e+003, 2.428107e+001,-9.259444e+001, 8.165680e+003, 0.000000e+000, 0.000000e+000, 0.000000e+000
 4.042500e-001, 5.155331e+002, 2.996974e+003,-2.901223e+003, 7.721100e+003, 2.340058e+001,-9.065444e+001, 8.065833e+003, 0.000000e+000, 0.000000e+000, 0.000000e+000
 4.043000e-001, 4.542108e+002, 3.031828e+003,-2.865100e+003, 7.626813e+003, 2.255073e+001,-8.871362e+001, 7.963603e+003, 0.000000e+000, 0.000000e+000, 0.000000e+000
 4.043500e-001, 4.303012e+002, 3.056089e+003,-2.832695e+003, 7.529785e+003, 2.165181e+001,-8.670919e+001, 7.857998e+003, 0.000000e+000, 0.000000e+000, 0.000000e+000
 4.044000e-001, 3.676090e+002, 3.087611e+003,-2.793551e+003, 7.430119e+003, 2.078287e+001,-8.470900e+001, 7.750142e+003, 0.000000e+000, 0.000000e+000, 0.000000e+000
 4.044500e-001, 3.444191e+002, 3.110853e+003,-2.760190e+003, 7.327785e+003, 1.986589e+001,-8.264354e+001, 7.638930e+003, 0.000000e+000, 0.000000e+000, 0.000000e+000
 4.045000e-001, 2.805135e+002, 3.139036e+003,-2.717974e+003, 7.222882e+003, 1.897767e+001,-8.058746e+001, 7.525606e+003, 0.000000e+000, 0.000000e+000, 0.000000e+000
 4.045500e-001, 2.580081e+002, 3.161178e+003,-2.683812e+003, 7.115388e+003, 1.804304e+001,-7.846447e+001, 7.408949e+003, 0.000000e+000, 0.000000e+000, 0.000000e+000
 4.046000e-001, 1.930499e+002, 3.186037e+003,-2.638479e+003, 7.005399e+003, 1.713547e+001,-7.635594e+001, 7.290323e+003, 0.000000e+000, 0.000000e+000, 0.000000e+000
 4.046500e-001, 1.711906e+002, 3.206989e+003,-2.603668e+003, 6.892899e+003, 1.618365e+001,-7.417899e+001, 7.168392e+003, 0.000000e+000, 0.000000e+000, 0.000000e+000
 4.047000e-001, 1.053442e+002, 3.228553e+003,-2.555180e+003, 6.777979e+003, 1.525680e+001,-7.202141e+001, 7.044636e+003, 0.000000e+000, 0.000000e+000, 0.000000e+000
 4.047500e-001, 8.408950e+001, 3.248212e+003,-2.519870e+003, 6.660633e+003, 1.428834e+001,-6.979413e+001, 6.917607e+003, 0.000000e+000, 0.000000e+000, 0.000000e+000
 4.048000e-001, 1.752281e+001, 3.266527e+003,-2.468200e+003, 6.540946e+003, 1.334243e+001,-6.759081e+001, 6.788903e+003, 0.000000e+000, 0.000000e+000, 0.000000e+000
 4.048500e-001,-3.171689e+000, 3.284784e+003,-2.432534e+003, 6.418922e+003, 1.235794e+001,-6.531689e+001, 6.656963e+003, 0.000000e+000, 0.000000e+000, 0.000000e+000
 4.049000e-001,-7.028770e+001, 3.299909e+003,-2.377668e+003, 6.294639e+003, 1.139336e+001,-6.307107e+001, 6.523498e+003, 0.000000e+000, 0.000000e+000, 0.000000e+000
 4.049500e-001,-9.046908e+001, 3.316650e+003,-2.341777e+003, 6.168110e+003, 1.039353e+001,-6.075423e+001, 6.386840e+003, 0.000000e+000, 0.000000e+000, 0.000000e+000
 4.050000e-001,-1.579609e+002, 3.328651e+003,-2.283722e+003, 6.039408e+003, 9.410835e+000,-5.846905e+001, 6.248808e+003, 0.000000e+000, 0.000000e+000, 0.000000e+000
 4.050500e-001,-1.776786e+002, 3.343762e+003,-2.247722e+003, 5.908553e+003, 8.396468e+000,-5.611304e+001, 6.107633e+003, 0.000000e+000, 0.000000e+000, 0.000000e+000
 4.051000e-001,-2.453706e+002, 3.352715e+003,-2.186504e+003, 5.775615e+003, 7.396399e+000,-5.379156e+001, 5.965233e+003, 0.000000e+000, 0.000000e+000, 0.000000e+000
 4.051500e-001,-2.646764e+002, 3.366080e+003,-2.150492e+003, 5.640621e+003, 6.368377e+000,-5.140016e+001, 5.819749e+003, 0.000000e+000, 0.000000e+000, 0.000000e+000
 4.052000e-001,-3.323911e+002, 3.372065e+003,-2.086163e+003, 5.503635e+003, 5.351866e+000,-4.904536e+001, 5.673188e+003, 0.000000e+000, 0.000000e+000, 0.000000e+000
 4.052500e-001,-3.513384e+002, 3.383571e+003,-2.050216e+003, 5.364695e+003, 4.311182e+000,-4.662233e+001, 5.523608e+003, 0.000000e+000, 0.000000e+000, 0.000000e+000
 4.053000e-001,-4.188972e+002, 3.386671e+003,-1.982855e+003, 5.223855e+003, 3.279344e+000,-4.423711e+001, 5.373098e+003, 0.000000e+000, 0.000000e+000, 0.000000e+000
 4.053500e-001,-4.375415e+002, 3.396211e+003,-1.947025e+003, 5.081165e+003, 2.227104e+000,-4.178625e+001, 5.219643e+003, 0.000000e+000, 0.000000e+000, 0.000000e+000
 4.054000e-001,-5.047650e+002, 3.396510e+003,-1.876740e+003, 4.936673e+003, 1.181242e+000,-3.937344e+001, 5.065399e+003, 0.000000e+000, 0.000000e+000, 0.000000e+000
 4.054500e-001,-5.231625e+002, 3.403985e+003,-1.841051e+003, 4.790436e+003, 1.186675e-001,-3.689850e+001, 4.908294e+003, 0.000000e+000, 0.000000e+000, 0.000000e+000
 4.055000e-001,-5.898711e+002, 3.401563e+003,-1.767981e+003, 4.642495e+003,-9.397348e-001,-3.446089e+001, 4.750540e+003, 0.000000e+000, 0.000000e+000, 0.000000e+000
 4.055500e-001,-6.080794e+002, 3.406884e+003,-1.732434e+003, 4.492917e+003,-2.011305e+000,-3.196564e+001, 4.590015e+003, 0.000000e+000, 0.000000e+000, 0.000000e+000
 4.056000e-001,-6.740938e+002, 3.401819e+003,-1.656748e+003, 4.341739e+003,-3.080587e+000,-2.950598e+001, 4.428976e+003, 0.000000e+000, 0.000000e+000, 0.000000e+000
 4.056500e-001,-6.921708e+002, 3.404906e+003,-1.621314e+003, 4.189034e+003,-4.159693e+000,-2.699415e+001, 4.265267e+003, 0.000000e+000, 0.000000e+000, 0.000000e+000
 4.057000e-001,-7.573130e+002, 3.397271e+003,-1.543214e+003, 4.034831e+003,-5.238026e+000,-2.451518e+001, 4.101174e+003, 0.000000e+000, 0.000000e+000, 0.000000e+000
 4.057500e-001,-7.753163e+002, 3.398058e+003,-1.507836e+003, 3.879215e+003,-6.323085e+000,-2.199048e+001, 3.934521e+003, 0.000000e+000, 0.000000e+000, 0.000000e+000
 4.058000e-001,-8.394100e+002, 3.387920e+003,-1.427552e+003, 3.722207e+003,-7.408481e+000,-1.949496e+001, 3.767608e+003, 0.000000e+000, 0.000000e+000, 0.000000e+000
 4.058500e-001,-8.573969e+002, 3.386355e+003,-1.392147e+003, 3.563899e+003,-8.497791e+000,-1.696107e+001, 3.598253e+003, 0.000000e+000, 0.000000e+000, 0.000000e+000
 4.059000e-001,-9.202681e+002, 3.373773e+003,-1.309940e+003, 3.404308e+003,-9.588118e+000,-1.445177e+001, 3.428758e+003, 0.000000e+000, 0.000000e+000, 0.000000e+000
 4.059500e-001,-9.382947e+002, 3.369818e+003,-1.274401e+003, 3.243535e+003,-1.067986e+001,-1.191234e+001, 3.256948e+003, 0.000000e+000, 0.000000e+000, 0.000000e+000
 4.060000e-001,-9.997729e+002, 3.354843e+003,-1.190556e+003, 3.081587e+003,-1.177285e+001,-9.392095e+000, 3.085113e+003, 0.000000e+000, 0.000000e+000, 0.000000e+000
 4.060500e-001,-1.017893e+003, 3.348476e+003,-1.154754e+003, 2.918574e+003,-1.286508e+001,-6.850732e+000, 2.911097e+003, 0.000000e+000, 0.000000e+000, 0.000000e+000
 4.061000e-001,-1.077812e+003, 3.331151e+003,-1.069581e+003, 2.754499e+003,-1.395835e+001,-4.322424e+000, 2.737164e+003, 0.000000e+000, 0.000000e+000, 0.000000e+000
 4.061500e-001,-1.096078e+003, 3.322362e+003,-1.033365e+003, 2.589478e+003,-1.504903e+001,-1.782696e+000, 2.561194e+003, 0.000000e+000, 0.000000e+000, 0.000000e+000
 4.062000e-001,-1.154276e+003, 3.302724e+003,-9.471956e+002, 2.423508e+003,-1.614010e+001, 7.506955e-001, 2.385411e+003, 0.000000e+000, 0.000000e+000, 0.000000e+000
 4.062500e-001,-1.172737e+003, 3.291521e+003,-9.104008e+002, 2.256713e+003,-1.722707e+001, 3.285263e+000, 2.207741e+003, 0.000000e+000, 0.000000e+000, 0.000000e+000
 4.063000e-001,-1.229057e+003, 3.269596e+003,-8.235795e+002, 2.089082e+003,-1.831337e+001, 5.820671e+000, 2.030356e+003, 0.000000e+000, 0.000000e+000, 0.000000e+000
 4.063500e-001,-1.247757e+003, 3.255999e+003,-7.860287e+002, 1.920749e+003,-1.939438e+001, 8.346599e+000, 1.851241e+003, 0.000000e+000, 0.000000e+000, 0.000000e+000
 4.064000e-001,-1.302052e+003, 3.231808e+003,-6.989134e+002, 1.751696e+003,-2.047327e+001, 1.088085e+001, 1.672504e+003, 0.000000e+000, 0.000000e+000, 0.000000e+000
 4.064500e-001,-1.321031e+003, 3.215852e+003,-6.604216e+002, 1.582063e+003,-2.154600e+001, 1.339471e+001, 1.492200e+003, 0.000000e+000, 0.000000e+000, 0.000000e+000
 4.065000e-001,-1.373158e+003, 3.189409e+003,-5.733768e+002, 1.411827e+003,-2.261478e+001, 1.592453e+001, 1.312363e+003, 0.000000e+000, 0.000000e+000, 0.000000e+000
 4.065500e-001,-1.392453e+003, 3.171141e+003,-5.337561e+002, 1.241134e+003,-2.367681e+001, 1.842294e+001, 1.131128e+003, 0.000000e+000, 0.000000e+000, 0.000000e+000
 4.066000e-001,-1.442278e+003, 3.142454e+003,-4.471484e+002, 1.069956e+003,-2.473277e+001, 2.094495e+001, 9.504440e+002, 0.000000e+000, 0.000000e+000, 0.000000e+000
 4.066500e-001,-1.461917e+003, 3.121933e+003,-4.062124e+002, 8.984443e+002,-2.578162e+001, 2.342458e+001, 7.685354e+002, 0.000000e+000, 0.000000e+000, 0.000000e+000
 4.067000e-001,-1.509315e+003, 3.091006e+003,-3.204057e+002, 7.265669e+002,-2.682204e+001, 2.593528e+001, 5.872581e+002, 0.000000e+000, 0.000000e+000, 0.000000e+000
 4.067500e-001,-1.529322e+003, 3.068300e+003,-2.779742e+002, 5.544802e+002,-2.785518e+001, 2.839287e+001, 4.049335e+002, 0.000000e+000, 0.000000e+000, 0.000000e+000
 4.068000e-001,-1.574179e+003, 3.035136e+003,-1.933248e+002, 3.821469e+002,-2.887732e+001, 3.088869e+001, 2.233175e+002, 0.000000e+000, 0.000000e+000, 0.000000e+000
 4.068500e-001,-1.594570e+003, 3.010321e+003,-1.492282e+002, 2.097284e+002,-2.989217e+001, 3.332103e+001, 4.083403e+001, 0.000000e+000, 0.000000e+000, 0.000000e+000
 4.069000e-001,-1.636781e+003, 2.974919e+003,-6.608018e+001, 3.718362e+001,-3.089334e+001, 3.579829e+001,-1.408659e+002, 0.000000e+000, 0.000000e+000, 0.000000e+000
 4.069500e-001,-1.657565e+003, 2.948080e+003,-2.016379e+001,-1.353225e+002,-3.188731e+001, 3.820225e+001,-3.232515e+002, 0.000000e+000, 0.000000e+000, 0.000000e+000
 4.070000e-001,-1.697036e+003, 2.910441e+003, 6.115514e+001,-3.078343e+002,-3.286483e+001, 4.065724e+001,-5.047806e+002, 0.000000e+000, 0.000000e+000, 0.000000e+000
 4.070500e-001,-1.718213e+003, 2.881666e+003, 1.090272e+002,-4.801837e+002,-3.383532e+001, 4.302975e+001,-6.868127e+002, 0.000000e+000, 0.000000e+000, 0.000000e+000
 4.071000e-001,-1.754861e+003, 2.841793e+003, 1.882099e+002,-6.524178e+002,-3.478659e+001, 4.545867e+001,-8.679166e+002, 0.000000e+000, 0.000000e+000, 0.000000e+000
 4.071500e-001,-1.776424e+003, 2.811173e+003, 2.381513e+002,-8.243663e+002,-3.573099e+001, 4.779674e+001,-1.049341e+003, 0.000000e+000, 0.000000e+000, 0.000000e+000
 4.072000e-001,-1.810181e+003, 2.769073e+003, 3.149144e+002,-9.960785e+002,-3.665347e+001, 5.019581e+001,-1.229766e+003, 0.000000e+000, 0.000000e+000, 0.000000e+000
 4.072500e-001,-1.832114e+003, 2.736700e+003, 3.670135e+002,-1.167383e+003,-3.756921e+001, 5.249654e+001,-1.410329e+003, 0.000000e+000, 0.000000e+000, 0.000000e+000
 4.073000e-001,-1.862920e+003, 2.692385e+003, 4.411006e+002,-1.338329e+003,-3.846046e+001, 5.486194e+001,-1.589822e+003, 0.000000e+000, 0.000000e+000, 0.000000e+000
 4.073500e-001,-1.885198e+003, 2.658352e+003, 4.954182e+002,-1.508746e+003,-3.934499e+001, 5.712251e+001,-1.769273e+003, 0.000000e+000, 0.000000e+000, 0.000000e+000
 4.074000e-001,-1.913009e+003, 2.611842e+003, 5.666022e+002,-1.678684e+003,-4.020267e+001, 5.945047e+001,-1.947583e+003, 0.000000e+000, 0.000000e+000, 0.000000e+000
 4.074500e-001,-1.935597e+003, 2.576238e+003, 6.231694e+002,-1.847972e+003,-4.105351e+001, 6.166815e+001,-2.125673e+003, 0.000000e+000, 0.000000e+000, 0.000000e+000
 4.075000e-001,-1.960380e+003, 2.527560e+003, 6.912544e+002,-2.016661e+003,-4.187539e+001, 6.395493e+001,-2.302549e+003, 0.000000e+000, 0.000000e+000, 0.000000e+000
 4.075500e-001,-1.983235e+003, 2.490472e+003, 7.500716e+002,-2.184581e+003,-4.269014e+001, 6.612709e+001,-2.479031e+003, 0.000000e+000, 0.000000e+000, 0.000000e+000
 4.076000e-001,-2.004973e+003, 2.439664e+003, 8.148939e+002,-2.351781e+003,-4.347414e+001, 6.836903e+001,-2.654225e+003, 0.000000e+000, 0.000000e+000, 0.000000e+000
 4.076500e-001,-2.028042e+003, 2.401171e+003, 8.759301e+002,-2.518093e+003,-4.425049e+001, 7.049315e+001,-2.828856e+003, 0.000000e+000, 0.000000e+000, 0.000000e+000
 4.077000e-001,-2.046728e+003, 2.348283e+003, 9.373588e+002,-2.683567e+003,-4.499464e+001, 7.268668e+001,-3.002121e+003, 0.000000e+000, 0.000000e+000, 0.000000e+000
 4.077500e-001,-2.069949e+003, 2.308460e+003, 1.000552e+003,-2.848036e+003,-4.573040e+001, 7.476031e+001,-3.174660e+003, 0.000000e+000, 0.000000e+000, 0.000000e+000
 4.078000e-001,-2.085592e+003, 2.253552e+003, 1.058489e+003,-3.011548e+003,-4.643293e+001, 7.690199e+001,-3.345752e+003, 0.000000e+000, 0.000000e+000, 0.000000e+000
 4.078500e-001,-2.108893e+003, 2.212466e+003, 1.123745e+003,-3.173941e+003,-4.712602e+001, 7.892281e+001,-3.515960e+003, 0.000000e+000, 0.000000e+000, 0.000000e+000
 4.079000e-001,-2.121513e+003, 2.155612e+003, 1.178125e+003,-3.335260e+003,-4.778531e+001, 8.100929e+001,-3.684638e+003, 0.000000e+000, 0.000000e+000, 0.000000e+000
 4.079500e-001,-2.144814e+003, 2.113319e+003, 1.245321e+003,-3.495345e+003,-4.843383e+001, 8.297507e+001,-3.852280e+003, 0.000000e+000, 0.000000e+000, 0.000000e+000
 4.080000e-001,-2.154446e+003, 2.054609e+003, 1.296111e+003,-3.654241e+003,-4.904842e+001, 8.500319e+001,-4.018307e+003, 0.000000e+000, 0.000000e+000, 0.000000e+000
 4.080500e-001,-2.177658e+003, 2.011158e+003, 1.365095e+003,-3.811792e+003,-4.965062e+001, 8.691178e+001,-4.183152e+003, 0.000000e+000, 0.000000e+000, 0.000000e+000
 4.081000e-001,-2.184350e+003, 1.950692e+003, 1.412290e+003,-3.968039e+003,-5.021927e+001, 8.887851e+001,-4.346292e+003, 0.000000e+000, 0.000000e+000, 0.000000e+000
 4.081500e-001,-2.207374e+003, 1.906121e+003, 1.482883e+003,-4.122833e+003,-5.077359e+001, 9.072787e+001,-4.508112e+003, 0.000000e+000, 0.000000e+000, 0.000000e+000
 4.082000e-001,-2.211185e+003, 1.844016e+003, 1.526508e+003,-4.276208e+003,-5.129523e+001, 9.263035e+001,-4.668134e+003, 0.000000e+000, 0.000000e+000, 0.000000e+000
 4.082500e-001,-2.233916e+003, 1.798354e+003, 1.598509e+003,-4.428023e+003,-5.180032e+001, 9.441852e+001,-4.826706e+003, 0.000000e+000, 0.000000e+000, 0.000000e+000
 4.083000e-001,-2.234920e+003, 1.734738e+003, 1.638612e+003,-4.578309e+003,-5.227409e+001, 9.625405e+001,-4.983384e+003, 0.000000e+000, 0.000000e+000, 0.000000e+000
 4.083500e-001,-2.257242e+003, 1.688006e+003, 1.711797e+003,-4.726931e+003,-5.272879e+001, 9.797913e+001,-5.138488e+003, 0.000000e+000, 0.000000e+000, 0.000000e+000
 4.084000e-001,-2.255524e+003, 1.623022e+003, 1.748452e+003,-4.873913e+003,-5.315405e+001, 9.974518e+001,-5.291598e+003, 0.000000e+000, 0.000000e+000, 0.000000e+000
 4.084500e-001,-2.277316e+003, 1.575228e+003, 1.822580e+003,-5.019130e+003,-5.355746e+001, 1.014053e+002,-5.443020e+003, 0.000000e+000, 0.000000e+000, 0.000000e+000
 4.085000e-001,-2.272972e+003, 1.509031e+003, 1.855879e+003,-5.162600e+003,-5.393374e+001, 1.030995e+002,-5.592344e+003, 0.000000e+000, 0.000000e+000, 0.000000e+000
 4.085500e-001,-2.294106e+003, 1.460178e+003, 1.930692e+003,-5.304206e+003,-5.428521e+001, 1.046930e+002,-5.739873e+003, 0.000000e+000, 0.000000e+000, 0.000000e+000
 4.086000e-001,-2.287245e+003, 1.392934e+003, 1.960746e+003,-5.443958e+003,-5.461227e+001, 1.063131e+002,-5.885198e+003, 0.000000e+000, 0.000000e+000, 0.000000e+000
 4.086500e-001,-2.307586e+003, 1.343016e+003, 2.035974e+003,-5.581750e+003,-5.491135e+001, 1.078382e+002,-6.028629e+003, 0.000000e+000, 0.000000e+000, 0.000000e+000
 4.087000e-001,-2.298326e+003, 1.274900e+003, 2.062909e+003,-5.717586e+003,-5.518917e+001, 1.093821e+002,-6.169748e+003, 0.000000e+000, 0.000000e+000, 0.000000e+000
 4.087500e-001,-2.317732e+003, 1.223905e+003, 2.138274e+003,-5.851371e+003,-5.543572e+001, 1.108371e+002,-6.308882e+003, 0.000000e+000, 0.000000e+000, 0.000000e+000
 4.088000e-001,-2.306202e+003, 1.155103e+003, 2.162227e+003,-5.983097e+003,-5.566446e+001, 1.123029e+002,-6.445591e+003, 0.000000e+000, 0.000000e+000, 0.000000e+000
 4.088500e-001,-2.324528e+003, 1.103013e+003, 2.237444e+003,-6.112682e+003,-5.585856e+001, 1.136861e+002,-6.580233e+003, 0.000000e+000, 0.000000e+000, 0.000000e+000
 4.089000e-001,-2.310865e+003, 1.033716e+003, 2.258559e+003,-6.240110e+003,-5.603860e+001, 1.150720e+002,-6.712337e+003, 0.000000e+000, 0.000000e+000, 0.000000e+000
 4.089500e-001,-2.327962e+003, 9.805109e+002, 2.333343e+003,-6.365311e+003,-5.618060e+001, 1.163817e+002,-6.842298e+003, 0.000000e+000, 0.000000e+000, 0.000000e+000
 4.090000e-001,-2.312313e+003, 9.109141e+002, 2.351770e+003,-6.488261e+003,-5.631251e+001, 1.176858e+002,-6.969607e+003, 0.000000e+000, 0.000000e+000, 0.000000e+000
 4.090500e-001,-2.328027e+003, 8.565723e+002, 2.425834e+003,-6.608899e+003,-5.640300e+001, 1.189203e+002,-7.094704e+003, 0.000000e+000, 0.000000e+000, 0.000000e+000
 4.091000e-001,-2.310545e+003, 7.868748e+002, 2.441726e+003,-6.727194e+003,-5.648753e+001, 1.201412e+002,-7.217036e+003, 0.000000e+000, 0.000000e+000, 0.000000e+000
 4.091500e-001,-2.324721e+003, 7.313740e+002, 2.514790e+003,-6.843098e+003,-5.652736e+001, 1.212989e+002,-7.337092e+003, 0.000000e+000, 0.000000e+000, 0.000000e+000
 4.092000e-001,-2.305565e+003, 6.617748e+002, 2.528299e+003,-6.956570e+003,-5.656543e+001, 1.224348e+002,-7.454270e+003, 0.000000e+000, 0.000000e+000, 0.000000e+000
 4.092500e-001,-2.318048e+003, 6.050953e+002, 2.600087e+003,-7.067574e+003,-5.655568e+001, 1.235139e+002,-7.569115e+003, 0.000000e+000, 0.000000e+000, 0.000000e+000
 4.093000e-001,-2.297384e+003, 5.357921e+002, 2.611363e+003,-7.176062e+003,-5.654836e+001, 1.245634e+002,-7.680969e+003, 0.000000e+000, 0.000000e+000, 0.000000e+000
 4.093500e-001,-2.308016e+003, 4.779178e+002, 2.681609e+003,-7.282007e+003,-5.649033e+001, 1.255622e+002,-7.790440e+003, 0.000000e+000, 0.000000e+000, 0.000000e+000
 4.094000e-001,-2.286012e+003, 4.091046e+002, 2.690794e+003,-7.385354e+003,-5.643884e+001, 1.265239e+002,-7.896810e+003, 0.000000e+000, 0.000000e+000, 0.000000e+000
 4.094500e-001,-2.294638e+003, 3.500254e+002, 2.759246e+003,-7.486091e+003,-5.633403e+001, 1.274406e+002,-8.000750e+003, 0.000000e+000, 0.000000e+000, 0.000000e+000
 4.095000e-001,-2.271468e+003, 2.818901e+002, 2.766476e+003,-7.584151e+003,-5.623972e+001, 1.283131e+002,-8.101480e+003, 0.000000e+000, 0.000000e+000, 0.000000e+000
 4.095500e-001,-2.277935e+003, 2.216036e+002, 2.832895e+003,-7.679535e+003,-5.608978e+001, 1.291458e+002,-8.199740e+003, 0.000000e+000, 0.000000e+000, 0.000000e+000
 4.096000e-001,-2.253771e+003, 1.543265e+002, 2.838294e+003,-7.772167e+003,-5.595410e+001, 1.299278e+002,-8.294687e+003, 0.000000e+000, 0.000000e+000, 0.000000e+000
 4.096500e-001,-2.257929e+003, 9.283940e+001, 2.902459e+003,-7.862061e+003,-5.576088e+001, 1.306749e+002,-8.387124e+003, 0.000000e+000, 0.000000e+000, 0.000000e+000
 4.097000e-001,-2.232945e+003, 2.659094e+001, 2.906142e+003,-7.949133e+003,-5.558536e+001, 1.313650e+002,-8.476148e+003, 0.000000e+000, 0.000000e+000, 0.000000e+000
 4.097500e-001,-2.234651e+003,-3.607926e+001, 2.967848e+003,-8.033410e+003,-5.535081e+001, 1.320246e+002,-8.562629e+003, 0.000000e+000, 0.000000e+000, 0.000000e+000
 4.098000e-001,-2.209021e+003,-1.011399e+002, 2.969914e+003,-8.114798e+003,-5.513705e+001, 1.326217e+002,-8.645603e+003, 0.000000e+000, 0.000000e+000, 0.000000e+000
 4.098500e-001,-2.208135e+003,-1.649637e+002, 3.028977e+003,-8.193337e+003,-5.486322e+001, 1.331919e+002,-8.726000e+003, 0.000000e+000, 0.000000e+000, 0.000000e+000
 4.099000e-001,-2.182029e+003,-2.286900e+002, 3.029513e+003,-8.268924e+003,-5.461287e+001, 1.336947e+002,-8.802803e+003, 0.000000e+000, 0.000000e+000, 0.000000e+000
 4.099500e-001,-2.178419e+003,-2.936249e+002, 3.085768e+003,-8.341612e+003,-5.430187e+001, 1.341740e+002,-8.876999e+003, 0.000000e+000, 0.000000e+000, 0.000000e+000
 4.100000e-001,-2.152005e+003,-3.558843e+002, 3.084846e+003,-8.411291e+003,-5.401659e+001, 1.345814e+002,-8.947519e+003, 0.000000e+000, 0.000000e+000, 0.000000e+000
 4.100500e-001,-2.145550e+003,-4.218742e+002, 3.138151e+003,-8.478024e+003,-5.367058e+001, 1.349678e+002,-9.015403e+003, 0.000000e+000, 0.000000e+000, 0.000000e+000
 4.101000e-001,-2.118988e+003,-4.825487e+002, 3.135826e+003,-8.541696e+003,-5.335204e+001, 1.352788e+002,-9.079538e+003, 0.000000e+000, 0.000000e+000, 0.000000e+000
 4.101500e-001,-2.109576e+003,-5.495232e+002, 3.186060e+003,-8.602380e+003,-5.297318e+001, 1.355708e+002,-9.141009e+003, 0.000000e+000, 0.000000e+000, 0.000000e+000
 4.102000e-001,-2.083023e+003,-6.085100e+002, 3.182372e+003,-8.659952e+003,-5.262303e+001, 1.357844e+002,-9.198666e+003, 0.000000e+000, 0.000000e+000, 0.000000e+000
 4.102500e-001,-2.070552e+003,-6.763848e+002, 3.229436e+003,-8.714498e+003,-5.221343e+001, 1.359805e+002,-9.253631e+003, 0.000000e+000, 0.000000e+000, 0.000000e+000
 4.103000e-001,-2.044156e+003,-7.335964e+002, 3.224409e+003,-8.765890e+003,-5.183329e+001, 1.360957e+002,-9.304726e+003, 0.000000e+000, 0.000000e+000, 0.000000e+000
 4.103500e-001,-2.028536e+003,-8.022731e+002, 3.268225e+003,-8.814222e+003,-5.139502e+001, 1.361945e+002,-9.353102e+003, 0.000000e+000, 0.000000e+000, 0.000000e+000
 4.104000e-001,-2.002436e+003,-8.576370e+002, 3.261872e+003,-8.859358e+003,-5.098644e+001, 1.362107e+002,-9.397560e+003, 0.000000e+000, 0.000000e+000, 0.000000e+000
 4.104500e-001,-1.983592e+003,-9.270041e+002, 3.302379e+003,-8.901406e+003,-5.052150e+001, 1.362108e+002,-9.439271e+003, 0.000000e+000, 0.000000e+000, 0.000000e+000
 4.105000e-001,-1.957919e+003,-9.804624e+002, 3.294698e+003,-8.940225e+003,-5.008596e+001, 1.361273e+002,-9.477027e+003, 0.000000e+000, 0.000000e+000, 0.000000e+000
 4.105500e-001,-1.935789e+003,-1.050396e+003, 3.331858e+003,-8.975928e+003,-4.959621e+001, 1.360278e+002,-9.512011e+003, 0.000000e+000, 0.000000e+000, 0.000000e+000
 4.106000e-001,-1.910661e+003,-1.101904e+003, 3.322834e+003,-9.008372e+003,-4.913510e+001, 1.358441e+002,-9.543010e+003, 0.000000e+000, 0.000000e+000, 0.000000e+000
 4.106500e-001,-1.885199e+003,-1.172269e+003, 3.356625e+003,-9.037680e+003,-4.862228e+001, 1.356440e+002,-9.571207e+003, 0.000000e+000, 0.000000e+000, 0.000000e+000
 4.107000e-001,-1.860724e+003,-1.221797e+003, 3.346235e+003,-9.063705e+003,-4.813690e+001, 1.353598e+002,-9.595404e+003, 0.000000e+000, 0.000000e+000, 0.000000e+000
 4.107500e-001,-1.831899e+003,-1.292447e+003, 3.376649e+003,-9.086575e+003,-4.760258e+001, 1.350585e+002,-9.616771e+003, 0.000000e+000, 0.000000e+000, 0.000000e+000
 4.108000e-001,-1.808172e+003,-1.339974e+003, 3.364862e+003,-9.106144e+003,-4.709412e+001, 1.346736e+002,-9.634129e+003, 0.000000e+000, 0.000000e+000, 0.000000e+000
 4.108500e-001,-1.775970e+003,-1.410758e+003, 3.391905e+003,-9.122543e+003,-4.653972e+001, 1.342709e+002,-9.648628e+003, 0.000000e+000, 0.000000e+000, 0.000000e+000
 4.109000e-001,-1.753074e+003,-1.456272e+003, 3.378685e+003,-9.135627e+003,-4.600924e+001, 1.337853e+002,-9.659121e+003, 0.000000e+000, 0.000000e+000, 0.000000e+000
 4.109500e-001,-1.717495e+003,-1.527031e+003, 3.402372e+003,-9.145534e+003,-4.543598e+001, 1.332811e+002,-9.666728e+003, 0.000000e+000, 0.000000e+000, 0.000000e+000
 4.110000e-001,-1.695499e+003,-1.570530e+003, 3.387683e+003,-9.152115e+003,-4.488442e+001, 1.326950e+002,-9.670340e+003, 0.000000e+000, 0.000000e+000, 0.000000e+000
 4.110500e-001,-1.656564e+003,-1.641101e+003, 3.408037e+003,-9.155515e+003,-4.429335e+001, 1.320894e+002,-9.671037e+003, 0.000000e+000, 0.000000e+000, 0.000000e+000
 4.111000e-001,-1.635525e+003,-1.682589e+003, 3.391840e+003,-9.155585e+003,-4.372153e+001, 1.314033e+002,-9.667762e+003, 0.000000e+000, 0.000000e+000, 0.000000e+000
 4.111500e-001,-1.593269e+003,-1.752806e+003, 3.408889e+003,-9.152471e+003,-4.311348e+001, 1.306969e+002,-9.661544e+003, 0.000000e+000, 0.000000e+000, 0.000000e+000
 4.112000e-001,-1.573228e+003,-1.792291e+003, 3.391152e+003,-9.146030e+003,-4.252209e+001, 1.299115e+002,-9.651385e+003, 0.000000e+000, 0.000000e+000, 0.000000e+000
 4.112500e-001,-1.527705e+003,-1.861988e+003, 3.404926e+003,-9.136409e+003,-4.189772e+001, 1.291051e+002,-9.638256e+003, 0.000000e+000, 0.000000e+000, 0.000000e+000
 4.113000e-001,-1.508691e+003,-1.899481e+003, 3.385620e+003,-9.123468e+003,-4.128731e+001, 1.282212e+002,-9.621226e+003, 0.000000e+000, 0.000000e+000, 0.000000e+000
 4.113500e-001,-1.459971e+003,-1.968495e+003, 3.396148e+003,-9.107354e+003,-4.064709e+001, 1.273161e+002,-9.601201e+003, 0.000000e+000, 0.000000e+000, 0.000000e+000
 4.114000e-001,-1.441998e+003,-2.004008e+003, 3.375255e+003,-9.087930e+003,-4.001811e+001, 1.263348e+002,-9.577322e+003, 0.000000e+000, 0.000000e+000, 0.000000e+000
 4.114500e-001,-1.390167e+003,-2.072179e+003, 3.382563e+003,-9.065345e+003,-3.936232e+001, 1.253325e+002,-9.550429e+003, 0.000000e+000, 0.000000e+000, 0.000000e+000
 4.115000e-001,-1.373237e+003,-2.105720e+003, 3.360076e+003,-9.039468e+003,-3.871509e+001, 1.242551e+002,-9.519734e+003, 0.000000e+000, 0.000000e+000, 0.000000e+000
 4.115500e-001,-1.318400e+003,-2.172894e+003, 3.364184e+003,-9.010444e+003,-3.804386e+001, 1.231573e+002,-9.486006e+003, 0.000000e+000, 0.000000e+000, 0.000000e+000
 4.116000e-001,-1.302500e+003,-2.204474e+003, 3.340110e+003,-8.978152e+003,-3.737859e+001, 1.219854e+002,-9.448539e+003, 0.000000e+000, 0.000000e+000, 0.000000e+000
 4.116500e-001,-1.244775e+003,-2.270503e+003, 3.341029e+003,-8.942733e+003,-3.669190e+001, 1.207943e+002,-9.408022e+003, 0.000000e+000, 0.000000e+000, 0.000000e+000
 4.117000e-001,-1.229881e+003,-2.300126e+003, 3.315390e+003,-8.904072e+003,-3.600870e+001, 1.195298e+002,-9.363835e+003, 0.000000e+000, 0.000000e+000, 0.000000e+000
 4.117500e-001,-1.169403e+003,-2.364870e+003, 3.313122e+003,-8.862308e+003,-3.530640e+001, 1.182477e+002,-9.316588e+003, 0.000000e+000, 0.000000e+000, 0.000000e+000
 4.118000e-001,-1.155477e+003,-2.392539e+003, 3.285959e+003,-8.817334e+003,-3.460528e+001, 1.168925e+002,-9.265741e+003, 0.000000e+000, 0.000000e+000, 0.000000e+000
 4.118500e-001,-1.092396e+003,-2.455867e+003, 3.280496e+003,-8.769285e+003,-3.388711e+001, 1.155220e+002,-9.211829e+003, 0.000000e+000, 0.000000e+000, 0.000000e+000
 4.119000e-001,-1.079389e+003,-2.481577e+003, 3.251866e+003,-8.718063e+003,-3.316802e+001, 1.140785e+002,-9.154396e+003, 0.000000e+000, 0.000000e+000, 0.000000e+000
 4.119500e-001,-1.013868e+003,-2.543367e+003, 3.243187e+003,-8.663798e+003,-3.243364e+001, 1.126226e+002,-9.093897e+003, 0.000000e+000, 0.000000e+000, 0.000000e+000
 4.120000e-001,-1.001719e+003,-2.567111e+003, 3.213167e+003,-8.606402e+003,-3.169645e+001, 1.110931e+002,-9.029957e+003, 0.000000e+000, 0.000000e+000, 0.000000e+000
 4.120500e-001,-9.339357e+002,-2.627252e+003, 3.201240e+003,-8.545999e+003,-3.094547e+001, 1.095548e+002,-8.962961e+003, 0.000000e+000, 0.000000e+000, 0.000000e+000
 4.121000e-001,-9.225728e+002,-2.649016e+003, 3.169923e+003,-8.482512e+003,-3.018999e+001, 1.079421e+002,-8.892604e+003, 0.000000e+000, 0.000000e+000, 0.000000e+000
 4.121500e-001,-8.527170e+002,-2.707407e+003, 3.154707e+003,-8.416058e+003,-2.942196e+001, 1.063246e+002,-8.819207e+003, 0.000000e+000, 0.000000e+000, 0.000000e+000
 4.122000e-001,-8.420579e+002,-2.727173e+003, 3.122204e+003,-8.346570e+003,-2.864799e+001, 1.046314e+002,-8.742534e+003, 0.000000e+000, 0.000000e+000, 0.000000e+000
 4.122500e-001,-7.703319e+002,-2.783720e+003, 3.103645e+003,-8.274160e+003,-2.786248e+001, 1.029382e+002,-8.662845e+003, 0.000000e+000, 0.000000e+000, 0.000000e+000
 4.123000e-001,-7.602849e+002,-2.801468e+003, 3.070084e+003,-8.198773e+003,-2.706977e+001, 1.011677e+002,-8.579963e+003, 0.000000e+000, 0.000000e+000, 0.000000e+000
 4.123500e-001,-6.869018e+002,-2.856088e+003, 3.048122e+003,-8.120510e+003,-2.626633e+001, 9.940211e+001,-8.494099e+003, 0.000000e+000, 0.000000e+000, 0.000000e+000
 4.124000e-001,-6.773658e+002,-2.871793e+003, 3.013642e+003,-8.039331e+003,-2.545464e+001, 9.755750e+001,-8.405127e+003, 0.000000e+000, 0.000000e+000, 0.000000e+000
 4.124500e-001,-6.025494e+002,-2.924408e+003, 2.988210e+003,-7.955328e+003,-2.463290e+001, 9.572314e+001,-8.313214e+003, 0.000000e+000, 0.000000e+000, 0.000000e+000
 4.125000e-001,-5.934152e+002,-2.938046e+003, 2.952964e+003,-7.868473e+003,-2.380198e+001, 9.380773e+001,-8.218279e+003, 0.000000e+000, 0.000000e+000, 0.000000e+000
 4.125500e-001,-5.173985e+002,-2.988587e+003, 2.923991e+003,-7.778850e+003,-2.296160e+001, 9.190820e+001,-8.120455e+003, 0.000000e+000, 0.000000e+000, 0.000000e+000
 4.126000e-001,-5.085493e+002,-3.000130e+003, 2.888138e+003,-7.686444e+003,-2.211126e+001, 8.992549e+001,-8.019692e+003, 0.000000e+000, 0.000000e+000, 0.000000e+000
 4.126500e-001,-4.315740e+002,-3.048533e+003, 2.855555e+003,-7.591328e+003,-2.125198e+001, 8.796438e+001,-7.916102e+003, 0.000000e+000, 0.000000e+000, 0.000000e+000
 4.127000e-001,-4.228859e+002,-3.057958e+003, 2.819259e+003,-7.493503e+003,-2.038204e+001, 8.591798e+001,-7.809654e+003, 0.000000e+000, 0.000000e+000, 0.000000e+000
 4.127500e-001,-3.452013e+002,-3.104161e+003, 2.782998e+003,-7.393031e+003,-1.950372e+001, 8.389889e+001,-7.700452e+003, 0.000000e+000, 0.000000e+000, 0.000000e+000
 4.128000e-001,-3.365444e+002,-3.111445e+003, 2.746425e+003,-7.289927e+003,-1.861407e+001, 8.179251e+001,-7.588473e+003, 0.000000e+000, 0.000000e+000, 0.000000e+000
 4.128500e-001,-2.584066e+002,-3.155392e+003, 2.706426e+003,-7.184241e+003,-1.771667e+001, 7.971897e+001,-7.473822e+003, 0.000000e+000, 0.000000e+000, 0.000000e+000
 4.129000e-001,-2.496456e+002,-3.160517e+003, 2.669736e+003,-7.076005e+003,-1.680729e+001, 7.755640e+001,-7.356471e+003, 0.000000e+000, 0.000000e+000, 0.000000e+000
 4.129500e-001,-1.713162e+002,-3.202151e+003, 2.625950e+003,-6.965257e+003,-1.589090e+001, 7.543190e+001,-7.236542e+003, 0.000000e+000, 0.000000e+000, 0.000000e+000
 4.130000e-001,-1.623116e+002,-3.205104e+003, 2.589299e+003,-6.852044e+003,-1.496183e+001, 7.321699e+001,-7.113988e+003, 0.000000e+000, 0.000000e+000, 0.000000e+000
 4.130500e-001,-8.405659e+001,-3.244368e+003, 2.541691e+003,-6.736391e+003,-1.402669e+001, 7.104496e+001,-6.988958e+003, 0.000000e+000, 0.000000e+000, 0.000000e+000
 4.131000e-001,-7.466527e+001,-3.245145e+003, 2.505222e+003,-6.618361e+003,-1.307810e+001, 6.878161e+001,-6.861377e+003, 0.000000e+000, 0.000000e+000, 0.000000e+000
 4.131500e-001, 3.245722e+000,-3.281982e+003, 2.453777e+003,-6.497969e+003,-1.212459e+001, 6.656538e+001,-6.731434e+003, 0.000000e+000, 0.000000e+000, 0.000000e+000
 4.132000e-001, 1.316939e+001,-3.280584e+003, 2.417619e+003,-6.375291e+003,-1.115677e+001, 6.425752e+001,-6.599008e+003, 0.000000e+000, 0.000000e+000, 0.000000e+000
 4.132500e-001, 9.046471e+001,-3.314934e+003, 2.362341e+003,-6.250330e+003,-1.018543e+001, 6.200034e+001,-6.464345e+003, 0.000000e+000, 0.000000e+000, 0.000000e+000
 4.133000e-001, 1.010677e+002,-3.311373e+003, 2.326604e+003,-6.123178e+003,-9.198792e+000, 5.965192e+001,-6.327264e+003, 0.000000e+000, 0.000000e+000, 0.000000e+000
 4.133500e-001, 1.774748e+002,-3.343174e+003, 2.267524e+003,-5.993826e+003,-8.210329e+000, 5.735693e+001,-6.188080e+003, 0.000000e+000, 0.000000e+000, 0.000000e+000
 4.134000e-001, 1.889045e+002,-3.337471e+003, 2.232298e+003,-5.862381e+003,-7.205425e+000, 5.497191e+001,-6.046542e+003, 0.000000e+000, 0.000000e+000, 0.000000e+000
 4.134500e-001, 2.641513e+002,-3.366657e+003, 2.169473e+003,-5.728822e+003,-6.200700e+000, 5.264217e+001,-5.903042e+003, 0.000000e+000, 0.000000e+000, 0.000000e+000
 4.135000e-001, 2.765542e+002,-3.358844e+003, 2.134823e+003,-5.593271e+003,-5.178250e+000, 5.022448e+001,-5.757250e+003, 0.000000e+000, 0.000000e+000, 0.000000e+000
 4.135500e-001, 3.503705e+002,-3.385345e+003, 2.068341e+003,-5.455694e+003,-4.158291e+000, 4.786298e+001,-5.609647e+003, 0.000000e+000, 0.000000e+000, 0.000000e+000
 4.136000e-001, 3.638907e+002,-3.375463e+003, 2.034306e+003,-5.316230e+003,-3.119174e+000, 4.541653e+001,-5.459811e+003, 0.000000e+000, 0.000000e+000, 0.000000e+000
 4.136500e-001, 4.360096e+002,-3.399208e+003, 1.964283e+003,-5.174831e+003,-2.085165e+000, 4.302618e+001,-5.308321e+003, 0.000000e+000, 0.000000e+000, 0.000000e+000
 4.137000e-001, 4.507883e+002,-3.387308e+003, 1.930877e+003,-5.031651e+003,-1.030432e+000, 4.055483e+001,-5.154656e+003, 0.000000e+000, 0.000000e+000, 0.000000e+000
 4.137500e-001, 5.209478e+002,-3.408220e+003, 1.857464e+003,-4.886630e+003, 1.628535e-002, 3.813848e+001,-4.999501e+003, 0.000000e+000, 0.000000e+000, 0.000000e+000
 4.138000e-001, 5.371210e+002,-3.394363e+003, 1.824671e+003,-4.739938e+003, 1.085409e+000, 3.564607e+001,-4.842229e+003, 0.000000e+000, 0.000000e+000, 0.000000e+000
 4.138500e-001, 6.050655e+002,-3.412365e+003, 1.748047e+003,-4.591502e+003, 2.143343e+000, 3.320654e+001,-4.683634e+003, 0.000000e+000, 0.000000e+000, 0.000000e+000
 4.139000e-001, 6.227631e+002,-3.396620e+003, 1.715825e+003,-4.441504e+003, 3.225450e+000, 3.069684e+001,-4.522980e+003, 0.000000e+000, 0.000000e+000, 0.000000e+000
 4.139500e-001, 6.882449e+002,-3.411633e+003, 1.636203e+003,-4.289863e+003, 4.292967e+000, 2.823690e+001,-4.361178e+003, 0.000000e+000, 0.000000e+000, 0.000000e+000
 4.140000e-001, 7.075894e+002,-3.394078e+003, 1.604483e+003,-4.136774e+003, 5.386470e+000, 2.571362e+001,-4.197373e+003, 0.000000e+000, 0.000000e+000, 0.000000e+000
 4.140500e-001, 7.703707e+002,-3.406023e+003, 1.522102e+003,-3.982142e+003, 6.461802e+000, 2.323606e+001,-4.032596e+003, 0.000000e+000, 0.000000e+000, 0.000000e+000
 4.141000e-001, 7.914753e+002,-3.386741e+003, 1.490790e+003,-3.826178e+003, 7.564936e+000, 2.070286e+001,-3.865876e+003, 0.000000e+000, 0.000000e+000, 0.000000e+000
 4.141500e-001, 8.513291e+002,-3.395540e+003, 1.405919e+003,-3.668775e+003, 8.646188e+000, 1.821047e+001,-3.698362e+003, 0.000000e+000, 0.000000e+000, 0.000000e+000
 4.142000e-001, 8.742971e+002,-3.374618e+003, 1.374898e+003,-3.510156e+003, 9.757010e+000, 1.567092e+001,-3.528965e+003, 0.000000e+000, 0.000000e+000, 0.000000e+000
 4.142500e-001, 9.310092e+002,-3.380198e+003, 1.287829e+003,-3.350206e+003, 1.084217e+001, 1.316654e+001,-3.358954e+003, 0.000000e+000, 0.000000e+000, 0.000000e+000
 4.143000e-001, 9.559319e+002,-3.357727e+003, 1.256963e+003,-3.189156e+003, 1.195857e+001, 1.062414e+001,-3.187124e+003, 0.000000e+000, 0.000000e+000, 0.000000e+000
 4.143500e-001, 1.009302e+003,-3.360017e+003, 1.168010e+003,-3.026885e+003, 1.304552e+001, 8.110632e+000,-3.014859e+003, 0.000000e+000, 0.000000e+000, 0.000000e+000
 4.144000e-001, 1.036258e+003,-3.336089e+003, 1.137144e+003,-2.863634e+003, 1.416522e+001, 5.568835e+000,-2.840841e+003, 0.000000e+000, 0.000000e+000, 0.000000e+000
 4.144500e-001, 1.086102e+003,-3.335027e+003, 1.046636e+003,-2.699271e+003, 1.525176e+001, 3.049137e+000,-2.666568e+003, 0.000000e+000, 0.000000e+000, 0.000000e+000
 4.145000e-001, 1.115156e+003,-3.309733e+003, 1.015606e+003,-2.534049e+003, 1.637233e+001, 5.113136e-001,-2.490611e+003, 0.000000e+000, 0.000000e+000, 0.000000e+000
 4.145500e-001, 1.161306e+003,-3.305265e+003, 9.238879e+002,-2.367828e+003, 1.745615e+001,-2.011569e+000,-2.314576e+003, 0.000000e+000, 0.000000e+000, 0.000000e+000
 4.146000e-001, 1.192506e+003,-3.278693e+003, 8.925173e+002,-2.200868e+003, 1.857504e+001,-4.542118e+000,-2.136932e+003, 0.000000e+000, 0.000000e+000, 0.000000e+000
 4.146500e-001, 1.234813e+003,-3.270774e+003, 7.999409e+002,-2.033025e+003, 1.965376e+001,-7.065095e+000,-1.959382e+003, 0.000000e+000, 0.000000e+000, 0.000000e+000
 4.147000e-001, 1.268192e+003,-3.243010e+003, 7.680511e+002,-1.864564e+003, 2.076828e+001,-9.585136e+000,-1.780305e+003, 0.000000e+000, 0.000000e+000, 0.000000e+000
 4.147500e-001, 1.306525e+003,-3.231606e+003, 6.749724e+002,-1.695336e+003, 2.183947e+001,-1.210503e+001,-1.601491e+003, 0.000000e+000, 0.000000e+000, 0.000000e+000
 4.148000e-001, 1.342100e+003,-3.202728e+003, 6.423843e+002,-1.525612e+003, 2.294682e+001,-1.461140e+001,-1.421235e+003, 0.000000e+000, 0.000000e+000, 0.000000e+000
 4.148500e-001, 1.376349e+003,-3.187822e+003, 5.491585e+002,-1.355240e+003, 2.400799e+001,-1.712495e+001,-1.241407e+003, 0.000000e+000, 0.000000e+000, 0.000000e+000
 4.149000e-001, 1.414116e+003,-3.157901e+003, 5.156976e+002,-1.184493e+003, 2.510528e+001,-1.961454e+001,-1.060230e+003, 0.000000e+000, 0.000000e+000, 0.000000e+000
 4.149500e-001, 1.444191e+003,-3.139487e+003, 4.226747e+002,-1.013217e+003, 2.615390e+001,-2.211840e+001,-8.796381e+002, 0.000000e+000, 0.000000e+000, 0.000000e+000
 4.150000e-001, 1.484132e+003,-3.108586e+003, 3.881750e+002,-8.416885e+002, 2.723816e+001,-2.458817e+001,-6.977968e+002, 0.000000e+000, 0.000000e+000, 0.000000e+000
 4.150500e-001, 1.509965e+003,-3.086675e+003, 2.956952e+002,-6.697526e+002, 2.827168e+001,-2.707892e+001,-5.166927e+002, 0.000000e+000, 0.000000e+000, 0.000000e+000
 4.151000e-001, 1.552041e+003,-3.054848e+003, 2.600036e+002,-4.976855e+002, 2.933991e+001,-2.952590e+001,-3.344457e+002, 0.000000e+000, 0.000000e+000, 0.000000e+000
 4.151500e-001, 1.573584e+003,-3.029466e+003, 1.683933e+002,-3.253330e+002, 3.035573e+001,-3.200004e+001,-1.530806e+002, 0.000000e+000, 0.000000e+000, 0.000000e+000
 4.152000e-001, 1.617737e+003,-2.996757e+003, 1.313734e+002,-1.529709e+002, 3.140489e+001,-3.442131e+001, 2.931384e+001, 0.000000e+000, 0.000000e+000, 0.000000e+000
 4.152500e-001, 1.634966e+003,-2.967947e+003, 4.094103e+001, 1.955375e+001, 3.240042e+001,-3.687530e+001, 2.106889e+002, 0.000000e+000, 0.000000e+000, 0.000000e+000
 4.153000e-001, 1.681120e+003,-2.934389e+003, 2.476328e+000, 1.919670e+002, 3.342747e+001,-3.926801e+001, 3.929724e+002, 0.000000e+000, 0.000000e+000, 0.000000e+000
 4.153500e-001, 1.694032e+003,-2.902211e+003,-8.649059e+001, 3.644190e+002, 3.440014e+001,-4.169827e+001, 5.741069e+002, 0.000000e+000, 0.000000e+000, 0.000000e+000
 4.154000e-001, 1.742094e+003,-2.867827e+003,-1.264940e+002, 5.366392e+002, 3.540204e+001,-4.405963e+001, 7.560214e+002, 0.000000e+000, 0.000000e+000, 0.000000e+000
 4.154500e-001, 1.750706e+003,-2.832358e+003,-2.137318e+002, 7.087739e+002, 3.634927e+001,-4.646255e+001, 9.366655e+002, 0.000000e+000, 0.000000e+000, 0.000000e+000
 4.155000e-001, 1.800564e+003,-2.797159e+003,-2.553428e+002, 8.805573e+002, 3.732303e+001,-4.878984e+001, 1.117954e+003, 0.000000e+000, 0.000000e+000, 0.000000e+000
 4.155500e-001, 1.804916e+003,-2.758491e+003,-3.406138e+002, 1.052130e+003, 3.824228e+001,-5.116184e+001, 1.297859e+003, 0.000000e+000, 0.000000e+000, 0.000000e+000
 4.156000e-001, 1.856440e+003,-2.722482e+003,-3.838745e+002, 1.223233e+003, 3.918498e+001,-5.345239e+001, 1.478265e+003, 0.000000e+000, 0.000000e+000, 0.000000e+000
 4.156500e-001, 1.856592e+003,-2.680723e+003,-4.669690e+002, 1.394001e+003, 4.007377e+001,-5.578988e+001, 1.657182e+003, 0.000000e+000, 0.000000e+000, 0.000000e+000
 4.157000e-001, 1.909636e+003,-2.643896e+003,-5.118935e+002, 1.564182e+003, 4.098256e+001,-5.804110e+001, 1.836453e+003, 0.000000e+000, 0.000000e+000, 0.000000e+000
 4.157500e-001, 1.905668e+003,-2.599167e+003,-5.926308e+002, 1.733902e+003, 4.183844e+001,-6.034055e+001, 2.014136e+003, 0.000000e+000, 0.000000e+000, 0.000000e+000
 4.158000e-001, 1.960071e+003,-2.561510e+003,-6.392050e+002, 1.902919e+003, 4.271061e+001,-6.254992e+001, 2.192017e+003, 0.000000e+000, 0.000000e+000, 0.000000e+000
 4.158500e-001, 1.952081e+003,-2.513943e+003,-7.174336e+002, 2.071350e+003, 4.353122e+001,-6.480784e+001, 2.368221e+003, 0.000000e+000, 0.000000e+000, 0.000000e+000
 4.159000e-001, 2.007668e+003,-2.475436e+003,-7.656149e+002, 2.238963e+003, 4.436415e+001,-6.697289e+001, 2.544463e+003, 0.000000e+000, 0.000000e+000, 0.000000e+000
 4.159500e-001, 1.995772e+003,-2.425178e+003,-8.412128e+002, 2.405866e+003, 4.514724e+001,-6.918591e+001, 2.718944e+003, 0.000000e+000, 0.000000e+000, 0.000000e+000
 4.160000e-001, 2.052352e+003,-2.385795e+003,-8.909307e+002, 2.571838e+003, 4.593850e+001,-7.130424e+001, 2.893299e+003, 0.000000e+000, 0.000000e+000, 0.000000e+000
 4.160500e-001, 2.036684e+003,-2.333000e+003,-9.638047e+002, 2.736977e+003, 4.668189e+001,-7.346907e+001, 3.065817e+003, 0.000000e+000, 0.000000e+000, 0.000000e+000
 4.161000e-001, 2.094057e+003,-2.292714e+003,-1.014962e+003, 2.901072e+003, 4.742921e+001,-7.553835e+001, 3.238039e+003, 0.000000e+000, 0.000000e+000, 0.000000e+000
 4.161500e-001, 2.074766e+003,-2.237542e+003,-1.085047e+003, 3.064210e+003, 4.813087e+001,-7.765180e+001, 3.408355e+003, 0.000000e+000, 0.000000e+000, 0.000000e+000
 4.162000e-001, 2.132719e+003,-2.196323e+003,-1.137522e+003, 3.226196e+003, 4.883219e+001,-7.966976e+001, 3.578203e+003, 0.000000e+000, 0.000000e+000, 0.000000e+000
 4.162500e-001, 2.109967e+003,-2.138941e+003,-1.204777e+003, 3.387103e+003, 4.949021e+001,-8.172880e+001, 3.746079e+003, 0.000000e+000, 0.000000e+000, 0.000000e+000
 4.163000e-001, 2.168278e+003,-2.096761e+003,-1.258424e+003, 3.546749e+003, 5.014368e+001,-8.369322e+001, 3.913314e+003, 0.000000e+000, 0.000000e+000, 0.000000e+000
 4.163500e-001, 2.142243e+003,-2.037338e+003,-1.322836e+003, 3.705195e+003, 5.075632e+001,-8.569491e+001, 4.078517e+003, 0.000000e+000, 0.000000e+000, 0.000000e+000
 4.164000e-001, 2.200682e+003,-1.994171e+003,-1.377489e+003, 3.862274e+003, 5.136032e+001,-8.760365e+001, 4.242905e+003, 0.000000e+000, 0.000000e+000, 0.000000e+000
 4.164500e-001, 2.171551e+003,-1.932879e+003,-1.439063e+003, 4.018035e+003, 5.192602e+001,-8.954520e+001, 4.405204e+003, 0.000000e+000, 0.000000e+000, 0.000000e+000
 4.165000e-001, 2.229883e+003,-1.888701e+003,-1.494539e+003, 4.172325e+003, 5.247917e+001,-9.139615e+001, 4.566514e+003, 0.000000e+000, 0.000000e+000, 0.000000e+000
 4.165500e-001, 2.197853e+003,-1.825709e+003,-1.553301e+003, 4.325178e+003, 5.299655e+001,-9.327494e+001, 4.725682e+003, 0.000000e+000, 0.000000e+000, 0.000000e+000
 4.166000e-001, 2.255836e+003,-1.780505e+003,-1.609401e+003, 4.476458e+003, 5.349774e+001,-9.506602e+001, 4.883688e+003, 0.000000e+000, 0.000000e+000, 0.000000e+000
 4.166500e-001, 2.221114e+003,-1.715980e+003,-1.665393e+003, 4.626187e+003, 5.396563e+001,-9.687953e+001, 5.039500e+003, 0.000000e+000, 0.000000e+000, 0.000000e+000
 4.167000e-001, 2.278503e+003,-1.669741e+003,-1.721906e+003, 4.774243e+003, 5.441401e+001,-9.860872e+001, 5.193980e+003, 0.000000e+000, 0.000000e+000, 0.000000e+000
 4.167500e-001, 2.241303e+003,-1.603846e+003,-1.775185e+003, 4.920634e+003, 5.483146e+001,-1.003546e+002, 5.346216e+003, 0.000000e+000, 0.000000e+000, 0.000000e+000
 4.168000e-001, 2.297852e+003,-1.556571e+003,-1.831891e+003, 5.065255e+003, 5.522646e+001,-1.020199e+002, 5.496955e+003, 0.000000e+000, 0.000000e+000, 0.000000e+000
 4.168500e-001, 2.258393e+003,-1.489463e+003,-1.882524e+003, 5.208100e+003, 5.559274e+001,-1.036958e+002, 5.645399e+003, 0.000000e+000, 0.000000e+000, 0.000000e+000
 4.169000e-001, 2.313854e+003,-1.441163e+003,-1.939197e+003, 5.349080e+003, 5.593406e+001,-1.052952e+002, 5.792184e+003, 0.000000e+000, 0.000000e+000, 0.000000e+000
 4.169500e-001, 2.272361e+003,-1.372989e+003,-1.987260e+003, 5.488175e+003, 5.624869e+001,-1.068992e+002, 5.936626e+003, 0.000000e+000, 0.000000e+000, 0.000000e+000
 4.170000e-001, 2.326487e+003,-1.323687e+003,-2.043671e+003, 5.625313e+003, 5.653632e+001,-1.084307e+002, 6.079251e+003, 0.000000e+000, 0.000000e+000, 0.000000e+000
 4.170500e-001, 2.283188e+003,-1.254588e+003,-2.089244e+003, 5.760460e+003, 5.679905e+001,-1.099606e+002, 6.219484e+003, 0.000000e+000, 0.000000e+000, 0.000000e+000
 4.171000e-001, 2.335734e+003,-1.204317e+003,-2.145165e+003, 5.893563e+003, 5.703326e+001,-1.114223e+002, 6.357750e+003, 0.000000e+000, 0.000000e+000, 0.000000e+000
 4.171500e-001, 2.290857e+003,-1.134421e+003,-2.188331e+003, 6.024568e+003, 5.724410e+001,-1.128762e+002, 6.493572e+003, 0.000000e+000, 0.000000e+000, 0.000000e+000
 4.172000e-001, 2.341583e+003,-1.083229e+003,-2.243537e+003, 6.153444e+003, 5.742541e+001,-1.142661e+002, 6.627286e+003, 0.000000e+000, 0.000000e+000, 0.000000e+000
 4.172500e-001, 2.295359e+003,-1.012656e+003,-2.284379e+003, 6.280123e+003, 5.758461e+001,-1.156421e+002, 6.758500e+003, 0.000000e+000, 0.000000e+000, 0.000000e+000
 4.173000e-001, 2.344027e+003,-9.606035e+002,-2.338651e+003, 6.404588e+003, 5.771382e+001,-1.169582e+002, 6.887473e+003, 0.000000e+000, 0.000000e+000, 0.000000e+000
 4.173500e-001, 2.296684e+003,-8.894614e+002,-2.377249e+003, 6.526759e+003, 5.782187e+001,-1.182546e+002, 7.013890e+003, 0.000000e+000, 0.000000e+000, 0.000000e+000
 4.174000e-001, 2.343064e+003,-8.366217e+002,-2.430375e+003, 6.646636e+003, 5.790001e+001,-1.194949e+002, 7.137942e+003, 0.000000e+000, 0.000000e+000, 0.000000e+000
 4.174500e-001, 2.294830e+003,-7.650065e+002,-2.466804e+003, 6.764125e+003, 5.795766e+001,-1.207099e+002, 7.259377e+003, 0.000000e+000, 0.000000e+000, 0.000000e+000
 4.175000e-001, 2.338698e+003,-7.114670e+002,-2.518584e+003, 6.879244e+003, 5.798600e+001,-1.218724e+002, 7.378334e+003, 0.000000e+000, 0.000000e+000, 0.000000e+000
 4.175500e-001, 2.289797e+003,-6.394636e+002,-2.552915e+003, 6.991883e+003, 5.799420e+001,-1.230043e+002, 7.494611e+003, 0.000000e+000, 0.000000e+000, 0.000000e+000
 4.176000e-001, 2.330939e+003,-5.853243e+002,-2.603159e+003, 7.102078e+003, 5.797420e+001,-1.240870e+002, 7.608305e+003, 0.000000e+000, 0.000000e+000, 0.000000e+000
 4.176500e-001, 2.281590e+003,-5.130063e+002,-2.635452e+003, 7.209707e+003, 5.793414e+001,-1.251341e+002, 7.719252e+003, 0.000000e+000, 0.000000e+000, 0.000000e+000
 4.177000e-001, 2.319801e+003,-4.583794e+002,-2.683988e+003, 7.314820e+003, 5.786746e+001,-1.261350e+002, 7.827523e+003, 0.000000e+000, 0.000000e+000, 0.000000e+000
 4.177500e-001, 2.270217e+003,-3.858099e+002,-2.714294e+003, 7.417286e+003, 5.778051e+001,-1.270958e+002, 7.932978e+003, 0.000000e+000, 0.000000e+000, 0.000000e+000
 4.178000e-001, 2.305302e+003,-3.308185e+002,-2.760961e+003, 7.517168e+003, 5.766896e+001,-1.280127e+002, 8.035673e+003, 0.000000e+000, 0.000000e+000, 0.000000e+000
 4.178500e-001, 2.255692e+003,-2.580508e+002,-2.789324e+003, 7.614324e+003, 5.753667e+001,-1.288855e+002, 8.135479e+003, 0.000000e+000, 0.000000e+000, 0.000000e+000
 4.179000e-001, 2.287467e+003,-2.028285e+002,-2.833978e+003, 7.708832e+003, 5.738221e+001,-1.297165e+002, 8.232454e+003, 0.000000e+000, 0.000000e+000, 0.000000e+000
 4.179500e-001, 2.238031e+003,-1.299065e+002,-2.860427e+003, 7.800539e+003, 5.720628e+001,-1.304998e+002, 8.326462e+003, 0.000000e+000, 0.000000e+000, 0.000000e+000
 4.180000e-001, 2.266326e+003,-7.459553e+001,-2.902942e+003, 7.889537e+003, 5.701094e+001,-1.312429e+002, 8.417581e+003, 0.000000e+000, 0.000000e+000, 0.000000e+000
 4.180500e-001, 2.217255e+003,-1.555879e+000,-2.927497e+003, 7.975664e+003, 5.679322e+001,-1.319351e+002, 8.505651e+003, 0.000000e+000, 0.000000e+000, 0.000000e+000
 4.181000e-001, 2.241912e+003, 5.369439e+001,-2.967763e+003, 8.059026e+003, 5.655912e+001,-1.325882e+002, 8.590783e+003, 0.000000e+000, 0.000000e+000, 0.000000e+000
 4.181500e-001, 2.193388e+003, 1.268217e+002,-2.990431e+003, 8.139450e+003, 5.630155e+001,-1.331880e+002, 8.672785e+003, 0.000000e+000, 0.000000e+000, 0.000000e+000
 4.182000e-001, 2.214265e+003, 1.818562e+002,-3.028356e+003, 8.217057e+003, 5.603082e+001,-1.337492e+002, 8.751809e+003, 0.000000e+000, 0.000000e+000, 0.000000e+000
 4.182500e-001, 2.166461e+003, 2.550461e+002,-3.049136e+003, 8.291663e+003, 5.573543e+001,-1.342550e+002, 8.827618e+003, 0.000000e+000, 0.000000e+000, 0.000000e+000
 4.183000e-001, 2.183429e+003, 3.097062e+002,-3.084643e+003, 8.363401e+003, 5.543023e+001,-1.347225e+002, 8.900422e+003, 0.000000e+000, 0.000000e+000, 0.000000e+000
 4.183500e-001, 2.136504e+003, 3.829369e+002,-3.103520e+003, 8.432084e+003, 5.509909e+001,-1.351329e+002, 8.969925e+003, 0.000000e+000, 0.000000e+000, 0.000000e+000
 4.184000e-001, 2.149452e+003, 4.370620e+002,-3.136549e+003, 8.497854e+003, 5.476155e+001,-1.355050e+002, 9.036403e+003, 0.000000e+000, 0.000000e+000, 0.000000e+000
 4.184500e-001, 2.103557e+003, 5.103133e+002,-3.153502e+003, 8.560514e+003, 5.439673e+001,-1.358188e+002, 9.099495e+003, 0.000000e+000, 0.000000e+000, 0.000000e+000
 4.185000e-001, 2.112388e+003, 5.637430e+002,-3.184006e+003, 8.620218e+003, 5.402891e+001,-1.360937e+002, 9.159553e+003, 0.000000e+000, 0.000000e+000, 0.000000e+000
 4.185500e-001, 2.067658e+003, 6.369948e+002,-3.199005e+003, 8.676767e+003, 5.363251e+001,-1.363096e+002, 9.216138e+003, 0.000000e+000, 0.000000e+000, 0.000000e+000
 4.186000e-001, 2.072294e+003, 6.895709e+002,-3.226953e+003, 8.730322e+003, 5.323640e+001,-1.364859e+002, 9.269687e+003, 0.000000e+000, 0.000000e+000, 0.000000e+000
 4.186500e-001, 2.028854e+003, 7.628007e+002,-3.239960e+003, 8.780679e+003, 5.281045e+001,-1.366030e+002, 9.319679e+003, 0.000000e+000, 0.000000e+000, 0.000000e+000
 4.187000e-001, 2.029234e+003, 8.143691e+002,-3.265332e+003, 8.828007e+003, 5.238791e+001,-1.366794e+002, 9.366642e+003, 0.000000e+000, 0.000000e+000, 0.000000e+000
 4.187500e-001, 1.987192e+003, 8.875514e+002,-3.276305e+003, 8.872100e+003, 5.193440e+001,-1.366965e+002, 9.409964e+003, 0.000000e+000, 0.000000e+000, 0.000000e+000
 4.188000e-001, 1.983272e+003, 9.379642e+002,-3.299092e+003, 8.913134e+003, 5.148717e+001,-1.366718e+002, 9.450271e+003, 0.000000e+000, 0.000000e+000, 0.000000e+000
 4.188500e-001, 1.942726e+003, 1.011068e+003,-3.307985e+003, 8.950899e+003, 5.100800e+001,-1.365882e+002, 9.486858e+003, 0.000000e+000, 0.000000e+000, 0.000000e+000
 4.189000e-001, 1.934480e+003, 1.060185e+003,-3.328187e+003, 8.985581e+003, 5.053766e+001,-1.364617e+002, 9.520450e+003, 0.000000e+000, 0.000000e+000, 0.000000e+000
 4.189500e-001, 1.895511e+003, 1.133172e+003,-3.334952e+003, 9.016966e+003, 5.003462e+001,-1.362767e+002, 9.550244e+003, 0.000000e+000, 0.000000e+000, 0.000000e+000
 4.190000e-001, 1.882932e+003, 1.180863e+003,-3.352576e+003, 9.045244e+003, 4.954257e+001,-1.360475e+002, 9.577070e+003, 0.000000e+000, 0.000000e+000, 0.000000e+000
 4.190500e-001, 1.845608e+003, 1.253687e+003,-3.357168e+003, 9.070205e+003, 4.901731e+001,-1.357607e+002, 9.600024e+003, 0.000000e+000, 0.000000e+000, 0.000000e+000
 4.191000e-001, 1.828708e+003, 1.299834e+003,-3.372225e+003, 9.092040e+003, 4.850479e+001,-1.354286e+002, 9.620043e+003, 0.000000e+000, 0.000000e+000, 0.000000e+000
 4.191500e-001, 1.793080e+003, 1.372438e+003,-3.374599e+003, 9.110540e+003, 4.795884e+001,-1.350396e+002, 9.636122e+003, 0.000000e+000, 0.000000e+000, 0.000000e+000
 4.192000e-001, 1.771889e+003, 1.416934e+003,-3.387104e+003, 9.125901e+003, 4.742688e+001,-1.346045e+002, 9.649301e+003, 0.000000e+000, 0.000000e+000, 0.000000e+000
 4.192500e-001, 1.737996e+003, 1.489252e+003,-3.387222e+003, 9.137915e+003, 4.686160e+001,-1.341134e+002, 9.658479e+003, 0.000000e+000, 0.000000e+000, 0.000000e+000
 4.193000e-001, 1.712562e+003, 1.532005e+003,-3.397190e+003, 9.146780e+003, 4.631104e+001,-1.335753e+002, 9.664795e+003, 0.000000e+000, 0.000000e+000, 0.000000e+000
 4.193500e-001, 1.680427e+003, 1.603960e+003,-3.395018e+003, 9.152291e+003, 4.572763e+001,-1.329823e+002, 9.667057e+003, 0.000000e+000, 0.000000e+000, 0.000000e+000
 4.194000e-001, 1.650815e+003, 1.644892e+003,-3.402465e+003, 9.154646e+003, 4.515911e+001,-1.323418e+002, 9.666497e+003, 0.000000e+000, 0.000000e+000, 0.000000e+000
 4.194500e-001, 1.620448e+003, 1.716391e+003,-3.397979e+003, 9.153648e+003, 4.455859e+001,-1.316473e+002, 9.661838e+003, 0.000000e+000, 0.000000e+000, 0.000000e+000
 4.195000e-001, 1.586743e+003, 1.755442e+003,-3.402918e+003, 9.149492e+003, 4.397258e+001,-1.309052e+002, 9.654400e+003, 0.000000e+000, 0.000000e+000, 0.000000e+000
 4.195500e-001, 1.558136e+003, 1.826383e+003,-3.396104e+003, 9.141985e+003, 4.335580e+001,-1.301098e+002, 9.642825e+003, 0.000000e+000, 0.000000e+000, 0.000000e+000
 4.196000e-001, 1.520441e+003, 1.863506e+003,-3.398544e+003, 9.131323e+003, 4.275258e+001,-1.292672e+002, 9.628517e+003, 0.000000e+000, 0.000000e+000, 0.000000e+000
 4.196500e-001, 1.493575e+003, 1.933774e+003,-3.389396e+003, 9.117319e+003, 4.212020e+001,-1.283721e+002, 9.610040e+003, 0.000000e+000, 0.000000e+000, 0.000000e+000
 4.197000e-001, 1.452008e+003, 1.968938e+003,-3.389342e+003, 9.100167e+003, 4.149990e+001,-1.274303e+002, 9.588877e+003, 0.000000e+000, 0.000000e+000, 0.000000e+000
 4.197500e-001, 1.426850e+003, 2.038405e+003,-3.377871e+003, 9.079688e+003, 4.085242e+001,-1.264366e+002, 9.563526e+003, 0.000000e+000, 0.000000e+000, 0.000000e+000
 4.198000e-001, 1.381546e+003, 2.071596e+003,-3.375321e+003, 9.056070e+003, 4.021498e+001,-1.253974e+002, 9.535535e+003, 0.000000e+000, 0.000000e+000, 0.000000e+000
 4.198500e-001, 1.358049e+003, 2.140124e+003,-3.361548e+003, 9.029145e+003, 3.955275e+001,-1.243065e+002, 9.503347e+003, 0.000000e+000, 0.000000e+000, 0.000000e+000
 4.199000e-001, 1.309161e+003, 2.171342e+003,-3.356494e+003, 8.999096e+003, 3.889801e+001,-1.231719e+002, 9.468563e+003, 0.000000e+000, 0.000000e+000, 0.000000e+000
 4.199500e-001, 1.287265e+003, 2.238781e+003,-3.340453e+003, 8.965764e+003, 3.822117e+001,-1.219858e+002, 9.429584e+003, 0.000000e+000, 0.000000e+000, 0.000000e+000
 4.200000e-001, 1.234960e+003, 2.268040e+003,-3.332882e+003, 8.929327e+003, 3.754885e+001,-1.207579e+002, 9.388057e+003, 0.000000e+000, 0.000000e+000, 0.000000e+000
 4.200500e-001, 1.214592e+003, 2.334232e+003,-3.314622e+003, 8.889637e+003, 3.685745e+001,-1.194785e+002, 9.342342e+003, 0.000000e+000, 0.000000e+000, 0.000000e+000
 4.201000e-001, 1.159052e+003, 2.361559e+003,-3.304513e+003, 8.846864e+003, 3.616718e+001,-1.181599e+002, 9.294127e+003, 0.000000e+000, 0.000000e+000, 0.000000e+000
 4.201500e-001, 1.140128e+003, 2.426338e+003,-3.284095e+003, 8.800873e+003, 3.546109e+001,-1.167896e+002, 9.241744e+003, 0.000000e+000, 0.000000e+000, 0.000000e+000
 4.202000e-001, 1.081551e+003, 2.451771e+003,-3.271422e+003, 8.751827e+003, 3.475243e+001,-1.153830e+002, 9.186908e+003, 0.000000e+000, 0.000000e+000, 0.000000e+000
 4.202500e-001, 1.063975e+003, 2.514965e+003,-3.248918e+003, 8.699602e+003, 3.403144e+001,-1.139242e+002, 9.127935e+003, 0.000000e+000, 0.000000e+000, 0.000000e+000
 4.203000e-001, 1.002570e+003, 2.538552e+003,-3.233651e+003, 8.644353e+003, 3.330391e+001,-1.124325e+002, 9.066554e+003, 0.000000e+000, 0.000000e+000, 0.000000e+000
 4.203500e-001, 9.862357e+002, 2.599986e+003,-3.209146e+003, 8.585967e+003, 3.256769e+001,-1.108880e+002, 9.001076e+003, 0.000000e+000, 0.000000e+000, 0.000000e+000
 4.204000e-001, 9.222262e+002, 2.621780e+003,-3.191250e+003, 8.524594e+003, 3.182080e+001,-1.093143e+002, 8.933236e+003, 0.000000e+000, 0.000000e+000, 0.000000e+000
 4.204500e-001, 9.070172e+002, 2.681278e+003,-3.164836e+003, 8.460134e+003, 3.106894e+001,-1.076872e+002, 8.861351e+003, 0.000000e+000, 0.000000e+000, 0.000000e+000
 4.205000e-001, 8.406370e+002, 2.701339e+003,-3.144275e+003, 8.392725e+003, 3.030219e+001,-1.060346e+002, 8.787149e+003, 0.000000e+000, 0.000000e+000, 0.000000e+000
 4.205500e-001, 8.264279e+002, 2.758725e+003,-3.116055e+003, 8.322282e+003, 2.953423e+001,-1.043280e+002, 8.708961e+003, 0.000000e+000, 0.000000e+000, 0.000000e+000
 4.206000e-001, 7.579223e+002, 2.777116e+003,-3.092793e+003, 8.248935e+003, 2.874716e+001,-1.026001e+002, 8.628503e+003, 0.000000e+000, 0.000000e+000, 0.000000e+000
 4.206500e-001, 7.445792e+002, 2.832219e+003,-3.062872e+003, 8.172611e+003, 2.796259e+001,-1.008173e+002, 8.544127e+003, 0.000000e+000, 0.000000e+000, 0.000000e+000
 4.207000e-001, 6.742032e+002, 2.849003e+003,-3.036874e+003, 8.093428e+003, 2.715479e+001,-9.901737e+001, 8.457529e+003, 0.000000e+000, 0.000000e+000, 0.000000e+000
 4.207500e-001, 6.615844e+002, 2.901656e+003,-3.005363e+003, 8.011333e+003, 2.635308e+001,-9.716201e+001, 8.367090e+003, 0.000000e+000, 0.000000e+000, 0.000000e+000
 4.208000e-001, 5.896021e+002, 2.916896e+003,-2.976599e+003, 7.926430e+003, 2.552422e+001,-9.529355e+001, 8.274477e+003, 0.000000e+000, 0.000000e+000, 0.000000e+000
 4.208500e-001, 5.775590e+002, 2.966942e+003,-2.943608e+003, 7.838680e+003, 2.470485e+001,-9.336920e+001, 8.178106e+003, 0.000000e+000, 0.000000e+000, 0.000000e+000
 4.209000e-001, 5.042419e+002, 2.980693e+003,-2.912056e+003, 7.748178e+003, 2.385469e+001,-9.143579e+001, 8.079611e+003, 0.000000e+000, 0.000000e+000, 0.000000e+000
 4.209500e-001, 4.926206e+002, 3.027985e+003,-2.877694e+003, 7.654899e+003, 2.301717e+001,-8.944622e+001, 7.977452e+003, 0.000000e+000, 0.000000e+000, 0.000000e+000
 4.210000e-001, 4.182469e+002, 3.040300e+003,-2.843339e+003, 7.558927e+003, 2.214556e+001,-8.745142e+001, 7.873217e+003, 0.000000e+000, 0.000000e+000, 0.000000e+000
 4.210500e-001, 4.068882e+002, 3.084704e+003,-2.807711e+003, 7.460253e+003, 2.128944e+001,-8.540045e+001, 7.765419e+003, 0.000000e+000, 0.000000e+000, 0.000000e+000
 4.211000e-001, 3.317415e+002, 3.095626e+003,-2.770549e+003, 7.358948e+003, 2.039637e+001,-8.334782e+001, 7.655598e+003, 0.000000e+000, 0.000000e+000, 0.000000e+000
 4.211500e-001, 3.204829e+002, 3.137024e+003,-2.733756e+003, 7.255021e+003, 1.952126e+001,-8.123935e+001, 7.542318e+003, 0.000000e+000, 0.000000e+000, 0.000000e+000
 4.212000e-001, 2.448508e+002, 3.146587e+003,-2.693796e+003, 7.148526e+003, 1.860685e+001,-7.913242e+001, 7.427070e+003, 0.000000e+000, 0.000000e+000, 0.000000e+000
 4.212500e-001, 2.335269e+002, 3.184875e+003,-2.655928e+003, 7.039493e+003, 1.771247e+001,-7.697038e+001, 7.308474e+003, 0.000000e+000, 0.000000e+000, 0.000000e+000
 4.213000e-001, 1.576997e+002, 3.193103e+003,-2.613196e+003, 6.927961e+003, 1.677697e+001,-7.481267e+001, 7.187968e+003, 0.000000e+000, 0.000000e+000, 0.000000e+000
 4.213500e-001, 1.461440e+002, 3.228197e+003,-2.574332e+003, 6.813978e+003, 1.586315e+001,-7.260101e+001, 7.064229e+003, 0.000000e+000, 0.000000e+000, 0.000000e+000
 4.214000e-001, 7.041326e+001, 3.235099e+003,-2.528869e+003, 6.697568e+003, 1.490697e+001,-7.039596e+001, 6.938641e+003, 0.000000e+000, 0.000000e+000, 0.000000e+000
 4.214500e-001, 5.845911e+001, 3.266933e+003,-2.489079e+003, 6.578796e+003, 1.397364e+001,-6.813861e+001, 6.809939e+003, 0.000000e+000, 0.000000e+000, 0.000000e+000
 4.215000e-001,-1.688399e+001, 3.272507e+003,-2.440944e+003, 6.457675e+003, 1.299736e+001,-6.588963e+001, 6.679453e+003, 0.000000e+000, 0.000000e+000, 0.000000e+000
 4.215500e-001,-2.940193e+001, 3.301036e+003,-2.400282e+003, 6.334284e+003, 1.204462e+001,-6.359052e+001, 6.545977e+003, 0.000000e+000, 0.000000e+000, 0.000000e+000
 4.216000e-001,-1.040679e+002, 3.305267e+003,-2.349553e+003, 6.208623e+003, 1.104896e+001,-6.130093e+001, 6.410784e+003, 0.000000e+000, 0.000000e+000, 0.000000e+000
 4.216500e-001,-1.173123e+002, 3.330463e+003,-2.308062e+003, 6.080788e+003, 1.007705e+001,-5.896395e+001, 6.272725e+003, 0.000000e+000, 0.000000e+000, 0.000000e+000
 4.217000e-001,-1.910152e+002, 3.333323e+003,-2.254836e+003, 5.950766e+003, 9.062886e+000,-5.663705e+001, 6.133023e+003, 0.000000e+000, 0.000000e+000, 0.000000e+000
 4.217500e-001,-2.051445e+002, 3.355179e+003,-2.212542e+003, 5.818669e+003, 8.072251e+000,-5.426601e+001, 5.990583e+003, 0.000000e+000, 0.000000e+000, 0.000000e+000
 4.218000e-001,-2.776035e+002, 3.356626e+003,-2.156936e+003, 5.684471e+003, 7.040615e+000,-5.190502e+001, 5.846578e+003, 0.000000e+000, 0.000000e+000, 0.000000e+000
 4.218500e-001,-2.927705e+002, 3.375155e+003,-2.113850e+003, 5.548299e+003, 6.031858e+000,-4.950368e+001, 5.699960e+003, 0.000000e+000, 0.000000e+000, 0.000000e+000
 4.219000e-001,-3.637117e+002, 3.375137e+003,-2.056000e+003, 5.410115e+003, 4.983947e+000,-4.711178e+001, 5.551862e+003, 0.000000e+000, 0.000000e+000, 0.000000e+000
 4.219500e-001,-3.800620e+002, 3.390367e+003,-2.012121e+003, 5.270063e+003, 3.957873e+000,-4.468382e+001, 5.401280e+003, 0.000000e+000, 0.000000e+000, 0.000000e+000
 4.220000e-001,-4.492200e+002, 3.388821e+003,-1.952180e+003, 5.128089e+003, 2.895028e+000,-4.226412e+001, 5.249304e+003, 0.000000e+000, 0.000000e+000, 0.000000e+000
 4.220500e-001,-4.668905e+002, 3.400798e+003,-1.907493e+003, 4.984354e+003, 1.852646e+000,-3.981314e+001, 5.094973e+003, 0.000000e+000, 0.000000e+000, 0.000000e+000
 4.221000e-001,-5.340101e+002, 3.397654e+003,-1.845631e+003, 4.838792e+003, 7.763522e-001,-3.736875e+001, 4.939342e+003, 0.000000e+000, 0.000000e+000, 0.000000e+000
 4.221500e-001,-5.531274e+002, 3.406438e+003,-1.800108e+003, 4.691578e+003,-2.811273e-001,-3.489827e+001, 4.781484e+003, 0.000000e+000, 0.000000e+000, 0.000000e+000
 4.222000e-001,-6.179655e+002, 3.401616e+003,-1.736511e+003, 4.542635e+003,-1.369246e+000,-3.243224e+001, 4.622425e+003, 0.000000e+000, 0.000000e+000, 0.000000e+000
 4.222500e-001,-6.386444e+002, 3.407280e+003,-1.690115e+003, 4.392150e+003,-2.440402e+000,-2.994569e+001, 4.461265e+003, 0.000000e+000, 0.000000e+000, 0.000000e+000
 4.223000e-001,-7.009718e+002, 3.400698e+003,-1.624980e+003, 4.240038e+003,-3.538591e+000,-2.746106e+001, 4.299008e+003, 0.000000e+000, 0.000000e+000, 0.000000e+000
 4.223500e-001,-7.233138e+002, 3.403326e+003,-1.577665e+003, 4.086496e+003,-4.621798e+000,-2.496180e+001, 4.134776e+003, 0.000000e+000, 0.000000e+000, 0.000000e+000
 4.224000e-001,-7.829163e+002, 3.394899e+003,-1.511202e+003, 3.931429e+003,-5.728180e+000,-2.246162e+001, 3.969558e+003, 0.000000e+000, 0.000000e+000, 0.000000e+000
 4.224500e-001,-8.070085e+002, 3.394580e+003,-1.462915e+003, 3.775046e+003,-6.821607e+000,-1.995290e+001, 3.802487e+003, 0.000000e+000, 0.000000e+000, 0.000000e+000
 4.225000e-001,-8.636887e+002, 3.384224e+003,-1.395341e+003, 3.617245e+003,-7.934191e+000,-1.744022e+001, 3.634546e+003, 0.000000e+000, 0.000000e+000, 0.000000e+000
 4.225500e-001,-8.896022e+002, 3.381055e+003,-1.346027e+003, 3.458244e+003,-9.035812e+000,-1.492525e+001, 3.464874e+003, 0.000000e+000, 0.000000e+000, 0.000000e+000
 4.226000e-001,-9.431810e+002, 3.368688e+003,-1.277564e+003, 3.297932e+003,-1.015250e+001,-1.240313e+001, 3.294452e+003, 0.000000e+000, 0.000000e+000, 0.000000e+000
 4.226500e-001,-9.709696e+002, 3.362769e+003,-1.227166e+003, 3.136537e+003,-1.126010e+001,-9.885029e+000, 3.122418e+003, 0.000000e+000, 0.000000e+000, 0.000000e+000
 4.227000e-001,-1.021287e+003, 3.348314e+003,-1.158040e+003, 2.973943e+003,-1.237869e+001,-7.356562e+000, 2.949761e+003, 0.000000e+000, 0.000000e+000, 0.000000e+000
 4.227500e-001,-1.050987e+003, 3.339743e+003,-1.106500e+003, 2.810382e+003,-1.348988e+001,-4.838400e+000, 2.775610e+003, 0.000000e+000, 0.000000e+000, 0.000000e+000
 4.228000e-001,-1.097905e+003, 3.323132e+003,-1.036937e+003, 2.645734e+003,-1.460809e+001,-2.306712e+000, 2.600964e+003, 0.000000e+000, 0.000000e+000, 0.000000e+000
 4.228500e-001,-1.129533e+003, 3.312006e+003,-9.842029e+002, 2.480240e+003,-1.572031e+001, 2.084963e-001, 2.424940e+003, 0.000000e+000, 0.000000e+000, 0.000000e+000
 4.229000e-001,-1.172932e+003, 3.293181e+003,-9.144257e+002, 2.313772e+003,-1.683577e+001, 2.740245e+000, 2.248557e+003, 0.000000e+000, 0.000000e+000, 0.000000e+000
 4.229500e-001,-1.206486e+003, 3.279594e+003,-8.604510e+002, 2.146577e+003,-1.794632e+001, 5.249527e+000, 2.070907e+003, 0.000000e+000, 0.000000e+000, 0.000000e+000
 4.230000e-001,-1.246273e+003, 3.258508e+003,-7.906771e+002, 1.978527e+003,-1.905659e+001, 7.778132e+000, 1.893037e+003, 0.000000e+000, 0.000000e+000, 0.000000e+000
 4.230500e-001,-1.281728e+003, 3.242545e+003,-7.354235e+002, 1.809868e+003,-2.016264e+001, 1.027855e+001, 1.714012e+003, 0.000000e+000, 0.000000e+000, 0.000000e+000
 4.231000e-001,-1.317830e+003, 3.219166e+003,-6.658630e+002, 1.640473e+003,-2.126521e+001, 1.280077e+001, 1.534907e+003, 0.000000e+000, 0.000000e+000, 0.000000e+000
 4.231500e-001,-1.355144e+003, 3.200906e+003,-6.093024e+002, 1.470589e+003,-2.236381e+001, 1.528942e+001, 1.354758e+003, 0.000000e+000, 0.000000e+000, 0.000000e+000
 4.232000e-001,-1.387511e+003, 3.175218e+003,-5.401555e+002, 1.300089e+003,-2.345612e+001, 1.780197e+001, 1.174673e+003, 0.000000e+000, 0.000000e+000, 0.000000e+000
 4.232500e-001,-1.426621e+003, 3.154729e+003,-4.822721e+002, 1.129220e+003,-2.454424e+001, 2.027596e+001, 9.936519e+002, 0.000000e+000, 0.000000e+000, 0.000000e+000
 4.233000e-001,-1.455227e+003, 3.126731e+003,-4.137275e+002, 9.578569e+002,-2.562369e+001, 2.277553e+001, 8.128401e+002, 0.000000e+000, 0.000000e+000, 0.000000e+000
 4.233500e-001,-1.496047e+003, 3.104072e+003,-3.545190e+002, 7.862446e+002,-2.669822e+001, 2.523200e+001, 6.312001e+002, 0.000000e+000, 0.000000e+000, 0.000000e+000
 4.234000e-001,-1.520891e+003, 3.073782e+003,-2.867520e+002, 6.142614e+002,-2.776217e+001, 2.771523e+001, 4.499167e+002, 0.000000e+000, 0.000000e+000, 0.000000e+000
 4.234500e-001,-1.563317e+003, 3.049000e+003,-2.262312e+002, 4.421487e+002,-2.881997e+001, 3.015133e+001, 2.679117e+002, 0.000000e+000, 0.000000e+000, 0.000000e+000
 4.235000e-001,-1.584417e+003, 3.016452e+003,-1.594026e+002, 2.697895e+002,-2.986575e+001, 3.261488e+001, 8.641128e+001, 0.000000e+000, 0.000000e+000, 0.000000e+000
 4.235500e-001,-1.628326e+003, 2.989582e+003,-9.759760e+001, 9.741995e+001,-3.090366e+001, 3.502776e+001,-9.570434e+001, 0.000000e+000, 0.000000e+000, 0.000000e+000
 4.236000e-001,-1.645725e+003, 2.954830e+003,-3.185293e+001,-7.507089e+001,-3.192859e+001, 3.746825e+001,-2.771676e+002, 0.000000e+000, 0.000000e+000, 0.000000e+000
 4.236500e-001,-1.690973e+003, 2.925897e+003, 3.119193e+001,-2.474533e+002,-3.294344e+001, 3.985510e+001,-4.591395e+002, 0.000000e+000, 0.000000e+000, 0.000000e+000
 4.237000e-001,-1.704736e+003, 2.889010e+003, 9.572319e+001,-4.198310e+002,-3.394483e+001, 4.226917e+001,-6.403120e+002, 0.000000e+000, 0.000000e+000, 0.000000e+000
 4.237500e-001,-1.751162e+003, 2.858027e+003, 1.599473e+002,-5.919821e+002,-3.493349e+001, 4.462718e+001,-8.218860e+002, 0.000000e+000, 0.000000e+000, 0.000000e+000
 4.238000e-001,-1.761374e+003, 2.819093e+003, 2.231518e+002,-7.640020e+002,-3.590868e+001, 4.701150e+001,-1.002515e+003, 0.000000e+000, 0.000000e+000, 0.000000e+000
 4.238500e-001,-1.808802e+003, 2.786064e+003, 2.884784e+002,-9.356781e+002,-3.686808e+001, 4.933788e+001,-1.183437e+003, 0.000000e+000, 0.000000e+000, 0.000000e+000
 4.239000e-001,-1.815566e+003, 2.745183e+003, 3.502589e+002,-1.107096e+003,-3.781441e+001, 5.168913e+001,-1.363271e+003, 0.000000e+000, 0.000000e+000, 0.000000e+000
 4.239500e-001,-1.863802e+003, 2.710103e+003, 4.165959e+002,-1.278054e+003,-3.874157e+001, 5.398111e+001,-1.543289e+003, 0.000000e+000, 0.000000e+000, 0.000000e+000
 4.240000e-001,-1.867243e+003, 2.667391e+003, 4.768708e+002,-1.448626e+003,-3.965643e+001, 5.629603e+001,-1.722078e+003, 0.000000e+000, 0.000000e+000, 0.000000e+000
 4.240500e-001,-1.916081e+003, 2.630249e+003, 5.441111e+002,-1.618624e+003,-4.054844e+001, 5.855088e+001,-1.900940e+003, 0.000000e+000, 0.000000e+000, 0.000000e+000
 4.241000e-001,-1.916337e+003, 2.585833e+003, 6.028139e+002,-1.788109e+003,-4.142928e+001, 6.082628e+001,-2.078435e+003, 0.000000e+000, 0.000000e+000, 0.000000e+000
 4.241500e-001,-1.965557e+003, 2.546611e+003, 6.708367e+002,-1.956904e+003,-4.228340e+001, 6.304130e+001,-2.255890e+003, 0.000000e+000, 0.000000e+000, 0.000000e+000
 4.242000e-001,-1.962785e+003, 2.500627e+003, 7.279151e+002,-2.125061e+003,-4.312775e+001, 6.527404e+001,-2.431845e+003, 0.000000e+000, 0.000000e+000, 0.000000e+000
 4.242500e-001,-2.012156e+003, 2.459305e+003, 7.965870e+002,-2.292416e+003,-4.394138e+001, 6.744656e+001,-2.607645e+003, 0.000000e+000, 0.000000e+000, 0.000000e+000
 4.243000e-001,-2.006526e+003, 2.411898e+003, 8.520020e+002,-2.459006e+003,-4.474684e+001, 6.963360e+001,-2.781817e+003, 0.000000e+000, 0.000000e+000, 0.000000e+000
 4.243500e-001,-2.055808e+003, 2.368455e+003, 9.211781e+002,-2.624682e+003,-4.551754e+001, 7.176100e+001,-2.955715e+003, 0.000000e+000, 0.000000e+000, 0.000000e+000
 4.244000e-001,-2.047502e+003, 2.319775e+003, 9.749029e+002,-2.789468e+003,-4.628185e+001, 7.389938e+001,-3.127861e+003, 0.000000e+000, 0.000000e+000, 0.000000e+000
 4.244500e-001,-2.096448e+003, 2.274189e+003, 1.044429e+003,-2.953230e+003,-4.700741e+001, 7.597909e+001,-3.299612e+003, 0.000000e+000, 0.000000e+000, 0.000000e+000
 4.245000e-001,-2.085659e+003, 2.224389e+003, 1.096447e+003,-3.115978e+003,-4.772842e+001, 7.806595e+001,-3.469494e+003, 0.000000e+000, 0.000000e+000, 0.000000e+000
 4.245500e-001,-2.134016e+003, 2.176643e+003, 1.166160e+003,-3.277594e+003,-4.840681e+001, 8.009544e+001,-3.638857e+003, 0.000000e+000, 0.000000e+000, 0.000000e+000
 4.246000e-001,-2.120946e+003, 2.125875e+003, 1.216465e+003,-3.438073e+003,-4.908254e+001, 8.212803e+001,-3.806239e+003, 0.000000e+000, 0.000000e+000, 0.000000e+000
 4.246500e-001,-2.168457e+003, 2.075957e+003, 1.286195e+003,-3.597313e+003,-4.971200e+001, 8.410484e+001,-3.972975e+003, 0.000000e+000, 0.000000e+000, 0.000000e+000
 4.247000e-001,-2.153314e+003, 2.024375e+003, 1.334790e+003,-3.755294e+003,-5.034062e+001, 8.608049e+001,-4.137624e+003, 0.000000e+000, 0.000000e+000, 0.000000e+000
 4.247500e-001,-2.199721e+003, 1.972277e+003, 1.404363e+003,-3.911932e+003,-5.091961e+001, 8.800220e+001,-4.301497e+003, 0.000000e+000, 0.000000e+000, 0.000000e+000
 4.248000e-001,-2.182721e+003, 1.920029e+003, 1.451254e+003,-4.067191e+003,-5.149952e+001, 8.991837e+001,-4.463185e+003, 0.000000e+000, 0.000000e+000, 0.000000e+000
 4.248500e-001,-2.227763e+003, 1.865756e+003, 1.520491e+003,-4.221004e+003,-5.202677e+001, 9.178262e+001,-4.623964e+003, 0.000000e+000, 0.000000e+000, 0.000000e+000
 4.249000e-001,-2.209125e+003, 1.812985e+003, 1.565694e+003,-4.373321e+003,-5.255653e+001, 9.363684e+001,-4.782465e+003, 0.000000e+000, 0.000000e+000, 0.000000e+000
 4.249500e-001,-2.252543e+003, 1.756550e+003, 1.634416e+003,-4.524090e+003,-5.303106e+001, 9.544131e+001,-4.939921e+003, 0.000000e+000, 0.000000e+000, 0.000000e+000
 4.250000e-001,-2.232489e+003, 1.703391e+003, 1.677949e+003,-4.673247e+003,-5.350949e+001, 9.723124e+001,-5.095016e+003, 0.000000e+000, 0.000000e+000, 0.000000e+000
 4.250500e-001,-2.274027e+003, 1.644819e+003, 1.745974e+003,-4.820757e+003,-5.393057e+001, 9.897367e+001,-5.248925e+003, 0.000000e+000, 0.000000e+000, 0.000000e+000
 4.251000e-001,-2.252780e+003, 1.591400e+003, 1.787860e+003,-4.966542e+003,-5.435673e+001, 1.006970e+002,-5.400395e+003, 0.000000e+000, 0.000000e+000, 0.000000e+000
 4.251500e-001,-2.292186e+003, 1.530729e+003, 1.855007e+003,-5.110584e+003,-5.472393e+001, 1.023752e+002,-5.550539e+003, 0.000000e+000, 0.000000e+000, 0.000000e+000
 4.252000e-001,-2.269969e+003, 1.477168e+003, 1.895269e+003,-5.252790e+003,-5.509713e+001, 1.040297e+002,-5.698173e+003, 0.000000e+000, 0.000000e+000, 0.000000e+000
 4.252500e-001,-2.306996e+003, 1.414449e+003, 1.961361e+003,-5.393159e+003,-5.541030e+001, 1.056415e+002,-5.844337e+003, 0.000000e+000, 0.000000e+000, 0.000000e+000
 4.253000e-001,-2.284029e+003, 1.360852e+003, 2.000025e+003,-5.531582e+003,-5.573011e+001, 1.072251e+002,-5.987928e+003, 0.000000e+000, 0.000000e+000, 0.000000e+000
 4.253500e-001,-2.318439e+003, 1.296151e+003, 2.064885e+003,-5.668077e+003,-5.598938e+001, 1.087683e+002,-6.129904e+003, 0.000000e+000, 0.000000e+000, 0.000000e+000
 4.254000e-001,-2.294940e+003, 1.242615e+003, 2.101978e+003,-5.802521e+003,-5.625565e+001, 1.102789e+002,-6.269249e+003, 0.000000e+000, 0.000000e+000, 0.000000e+000
 4.254500e-001,-2.326501e+003, 1.176010e+003, 2.165436e+003,-5.934948e+003,-5.646143e+001, 1.117513e+002,-6.406833e+003, 0.000000e+000, 0.000000e+000, 0.000000e+000
 4.255000e-001,-2.302682e+003, 1.122619e+003, 2.200982e+003,-6.065222e+003,-5.667427e+001, 1.131870e+002,-6.541735e+003, 0.000000e+000, 0.000000e+000, 0.000000e+000
 4.255500e-001,-2.331174e+003, 1.054204e+003, 2.262871e+003,-6.193392e+003,-5.682722e+001, 1.145865e+002,-6.674731e+003, 0.000000e+000, 0.000000e+000, 0.000000e+000
 4.256000e-001,-2.307244e+003, 1.001032e+003, 2.296895e+003,-6.319309e+003,-5.698703e+001, 1.159452e+002,-6.805000e+003, 0.000000e+000, 0.000000e+000, 0.000000e+000
 4.256500e-001,-2.332455e+003, 9.309126e+002, 2.357055e+003,-6.443039e+003,-5.708810e+001, 1.172699e+002,-6.933217e+003, 0.000000e+000, 0.000000e+000, 0.000000e+000
 4.257000e-001,-2.308614e+003, 8.780214e+002, 2.389579e+003,-6.564420e+003,-5.719552e+001, 1.185496e+002,-7.058667e+003, 0.000000e+000, 0.000000e+000, 0.000000e+000
 4.257500e-001,-2.330346e+003, 8.063177e+002, 2.447857e+003,-6.683533e+003,-5.724586e+001, 1.197972e+002,-7.181920e+003, 0.000000e+000, 0.000000e+000, 0.000000e+000
 4.258000e-001,-2.306788e+003, 7.537598e+002, 2.478901e+003,-6.800205e+003,-5.730181e+001, 1.209962e+002,-7.302373e+003, 0.000000e+000, 0.000000e+000, 0.000000e+000
 4.258500e-001,-2.324855e+003, 6.806021e+002, 2.535151e+003,-6.914531e+003,-5.730280e+001, 1.221647e+002,-7.420485e+003, 0.000000e+000, 0.000000e+000, 0.000000e+000
 4.259000e-001,-2.301764e+003, 6.284199e+002, 2.564733e+003,-7.026328e+003,-5.730844e+001, 1.232809e+002,-7.535767e+003, 0.000000e+000, 0.000000e+000, 0.000000e+000
 4.259500e-001,-2.315993e+003, 5.539493e+002, 2.618815e+003,-7.135704e+003,-5.726165e+001, 1.243682e+002,-7.648569e+003, 0.000000e+000, 0.000000e+000, 0.000000e+000
 4.260000e-001,-2.293546e+003, 5.021773e+002, 2.646951e+003,-7.242466e+003,-5.721836e+001, 1.253998e+002,-7.758515e+003, 0.000000e+000, 0.000000e+000, 0.000000e+000
 4.260500e-001,-2.303779e+003, 4.265439e+002, 2.698736e+003,-7.346735e+003,-5.712555e+001, 1.264040e+002,-7.865844e+003, 0.000000e+000, 0.000000e+000, 0.000000e+000
 4.261000e-001,-2.282139e+003, 3.752090e+002, 2.725435e+003,-7.448310e+003,-5.703491e+001, 1.273492e+002,-7.970294e+003, 0.000000e+000, 0.000000e+000, 0.000000e+000
 4.261500e-001,-2.288233e+003, 2.985703e+002, 2.774802e+003,-7.547323e+003,-5.689797e+001, 1.282681e+002,-8.071996e+003, 0.000000e+000, 0.000000e+000, 0.000000e+000
 4.262000e-001,-2.267556e+003, 2.476936e+002, 2.800072e+003,-7.643565e+003,-5.676175e+001, 1.291250e+002,-8.170800e+003, 0.000000e+000, 0.000000e+000, 0.000000e+000
 4.262500e-001,-2.269385e+003, 1.702130e+002, 2.846910e+003,-7.737181e+003,-5.658268e+001, 1.299566e+002,-8.266728e+003, 0.000000e+000, 0.000000e+000, 0.000000e+000
 4.263000e-001,-2.249812e+003, 1.198111e+002, 2.870754e+003,-7.827954e+003,-5.640280e+001, 1.307236e+002,-8.359740e+003, 0.000000e+000, 0.000000e+000, 0.000000e+000
 4.263500e-001,-2.247266e+003, 4.165627e+001, 2.914960e+003,-7.916038e+003,-5.618370e+001, 1.314659e+002,-8.449755e+003, 0.000000e+000, 0.000000e+000, 0.000000e+000
 4.264000e-001,-2.228926e+003,-8.257565e+000, 2.937377e+003,-8.001211e+003,-5.596219e+001, 1.321412e+002,-8.536840e+003, 0.000000e+000, 0.000000e+000, 0.000000e+000
 4.264500e-001,-2.221912e+003,-8.691652e+001, 2.978859e+003,-8.083638e+003,-5.570521e+001, 1.327924e+002,-8.620813e+003, 0.000000e+000, 0.000000e+000, 0.000000e+000
 4.265000e-001,-2.204921e+003,-1.363306e+002, 2.999845e+003,-8.163090e+003,-5.544421e+001, 1.333742e+002,-8.701842e+003, 0.000000e+000, 0.000000e+000, 0.000000e+000
 4.265500e-001,-2.193366e+003,-2.153228e+002, 3.038521e+003,-8.239741e+003,-5.515152e+001, 1.339323e+002,-8.779652e+003, 0.000000e+000, 0.000000e+000, 0.000000e+000
 4.266000e-001,-2.177827e+003,-2.642259e+002, 3.058066e+003,-8.313359e+003,-5.485322e+001, 1.344192e+002,-8.854504e+003, 0.000000e+000, 0.000000e+000, 0.000000e+000
 4.266500e-001,-2.161674e+003,-3.433810e+002, 3.093863e+003,-8.384124e+003,-5.452698e+001, 1.348825e+002,-8.926039e+003, 0.000000e+000, 0.000000e+000, 0.000000e+000
 4.267000e-001,-2.147676e+003,-3.917608e+002, 3.111955e+003,-8.451803e+003,-5.419360e+001, 1.352729e+002,-8.994602e+003, 0.000000e+000, 0.000000e+000, 0.000000e+000
 4.267500e-001,-2.126885e+003,-4.709111e+002, 3.144810e+003,-8.516581e+003,-5.383594e+001, 1.356397e+002,-9.059759e+003, 0.000000e+000, 0.000000e+000, 0.000000e+000
 4.268000e-001,-2.114502e+003,-5.187532e+002, 3.161433e+003,-8.578224e+003,-5.346969e+001, 1.359322e+002,-9.121929e+003, 0.000000e+000, 0.000000e+000, 0.000000e+000
 4.268500e-001,-2.089057e+003,-5.977345e+002, 3.191293e+003,-8.636922e+003,-5.308268e+001, 1.362010e+002,-9.180614e+003, 0.000000e+000, 0.000000e+000, 0.000000e+000
 4.269000e-001,-2.078346e+003,-6.450212e+002, 3.206426e+003,-8.692440e+003,-5.268573e+001, 1.363944e+002,-9.236297e+003, 0.000000e+000, 0.000000e+000, 0.000000e+000
 4.269500e-001,-2.048249e+003,-7.236741e+002, 3.233248e+003,-8.744975e+003,-5.227135e+001, 1.365637e+002,-9.288427e+003, 0.000000e+000, 0.000000e+000, 0.000000e+000
 4.270000e-001,-2.039253e+003,-7.703837e+002, 3.246868e+003,-8.794290e+003,-5.184580e+001, 1.366568e+002,-9.337536e+003, 0.000000e+000, 0.000000e+000, 0.000000e+000
 4.270500e-001,-2.004524e+003,-8.485551e+002, 3.270617e+003,-8.840584e+003,-5.140590e+001, 1.367255e+002,-9.383034e+003, 0.000000e+000, 0.000000e+000, 0.000000e+000
 4.271000e-001,-1.997271e+003,-8.946605e+002, 3.282699e+003,-8.883627e+003,-5.095375e+001, 1.367174e+002,-9.425494e+003, 0.000000e+000, 0.000000e+000, 0.000000e+000
 4.271500e-001,-1.957950e+003,-9.722041e+002, 3.303350e+003,-8.923615e+003,-5.049007e+001, 1.366843e+002,-9.464297e+003, 0.000000e+000, 0.000000e+000, 0.000000e+000
 4.272000e-001,-1.952452e+003,-1.017673e+003, 3.313867e+003,-8.960323e+003,-5.001320e+001, 1.365742e+002,-9.500040e+003, 0.000000e+000, 0.000000e+000, 0.000000e+000
 4.272500e-001,-1.908600e+003,-1.094450e+003, 3.331400e+003,-8.993948e+003,-4.952731e+001, 1.364387e+002,-9.532091e+003, 0.000000e+000, 0.000000e+000, 0.000000e+000
 4.273000e-001,-1.904853e+003,-1.139245e+003, 3.340323e+003,-9.024270e+003,-4.902746e+001, 1.362260e+002,-9.561059e+003, 0.000000e+000, 0.000000e+000, 0.000000e+000
 4.273500e-001,-1.856550e+003,-1.215125e+003, 3.354730e+003,-9.051483e+003,-4.852077e+001, 1.359874e+002,-9.586313e+003, 0.000000e+000, 0.000000e+000, 0.000000e+000
 4.274000e-001,-1.854532e+003,-1.259200e+003, 3.362030e+003,-9.075375e+003,-4.799951e+001, 1.356718e+002,-9.608458e+003, 0.000000e+000, 0.000000e+000, 0.000000e+000
 4.274500e-001,-1.801879e+003,-1.334062e+003, 3.373306e+003,-9.096139e+003,-4.747325e+001, 1.353297e+002,-9.626879e+003, 0.000000e+000, 0.000000e+000, 0.000000e+000
 4.275000e-001,-1.801555e+003,-1.377367e+003, 3.378954e+003,-9.113566e+003,-4.693197e+001, 1.349112e+002,-9.642163e+003, 0.000000e+000, 0.000000e+000, 0.000000e+000
 4.275500e-001,-1.744672e+003,-1.451097e+003, 3.387102e+003,-9.127851e+003,-4.638720e+001, 1.344656e+002,-9.653725e+003, 0.000000e+000, 0.000000e+000, 0.000000e+000
 4.276000e-001,-1.745989e+003,-1.493576e+003, 3.391069e+003,-9.138791e+003,-4.582711e+001, 1.339442e+002,-9.662119e+003, 0.000000e+000, 0.000000e+000, 0.000000e+000
 4.276500e-001,-1.685015e+003,-1.566069e+003, 3.396098e+003,-9.146575e+003,-4.526468e+001, 1.333953e+002,-9.666807e+003, 0.000000e+000, 0.000000e+000, 0.000000e+000
 4.277000e-001,-1.687905e+003,-1.607659e+003, 3.398357e+003,-9.151012e+003,-4.468678e+001, 1.327716e+002,-9.668294e+003, 0.000000e+000, 0.000000e+000, 0.000000e+000
 4.277500e-001,-1.622999e+003,-1.678820e+003, 3.400281e+003,-9.152285e+003,-4.410738e+001, 1.321198e+002,-9.666101e+003, 0.000000e+000, 0.000000e+000, 0.000000e+000
 4.278000e-001,-1.627379e+003,-1.719454e+003, 3.400807e+003,-9.150214e+003,-4.351249e+001, 1.313944e+002,-9.660672e+003, 0.000000e+000, 0.000000e+000, 0.000000e+000
 4.278500e-001,-1.558718e+003,-1.789194e+003, 3.399642e+003,-9.144974e+003,-4.291662e+001, 1.306406e+002,-9.651602e+003, 0.000000e+000, 0.000000e+000, 0.000000e+000
 4.279000e-001,-1.564490e+003,-1.828799e+003, 3.398415e+003,-9.136397e+003,-4.230533e+001, 1.298144e+002,-9.639259e+003, 0.000000e+000, 0.000000e+000, 0.000000e+000
 4.279500e-001,-1.492268e+003,-1.897038e+003, 3.394183e+003,-9.124652e+003,-4.169332e+001, 1.289598e+002,-9.623325e+003, 0.000000e+000, 0.000000e+000, 0.000000e+000
 4.280000e-001,-1.499320e+003,-1.935538e+003, 3.391182e+003,-9.109584e+003,-4.106607e+001, 1.280340e+002,-9.604083e+003, 0.000000e+000, 0.000000e+000, 0.000000e+000
 4.280500e-001,-1.423750e+003,-2.002203e+003, 3.383908e+003,-9.091351e+003,-4.043807e+001, 1.270799e+002,-9.581310e+003, 0.000000e+000, 0.000000e+000, 0.000000e+000
 4.281000e-001,-1.431955e+003,-2.039519e+003, 3.379121e+003,-9.069813e+003,-3.979509e+001, 1.260561e+002,-9.555189e+003, 0.000000e+000, 0.000000e+000, 0.000000e+000
 4.281500e-001,-1.353265e+003,-2.104544e+003, 3.368830e+003,-9.045118e+003,-3.915113e+001, 1.250042e+002,-9.525610e+003, 0.000000e+000, 0.000000e+000, 0.000000e+000
 4.282000e-001,-1.362484e+003,-2.140593e+003, 3.362246e+003,-9.017143e+003,-3.849251e+001, 1.238841e+002,-9.492646e+003, 0.000000e+000, 0.000000e+000, 0.000000e+000
 4.282500e-001,-1.280919e+003,-2.203917e+003, 3.348970e+003,-8.986022e+003,-3.783246e+001, 1.227363e+002,-9.456305e+003, 0.000000e+000, 0.000000e+000, 0.000000e+000
 4.283000e-001,-1.291002e+003,-2.238617e+003, 3.340583e+003,-8.951648e+003,-3.715810e+001, 1.215220e+002,-9.416538e+003, 0.000000e+000, 0.000000e+000, 0.000000e+000
 4.283500e-001,-1.206819e+003,-2.300183e+003, 3.324352e+003,-8.914147e+003,-3.648174e+001, 1.202806e+002,-9.373489e+003, 0.000000e+000, 0.000000e+000, 0.000000e+000
 4.284000e-001,-1.217603e+003,-2.333452e+003, 3.314162e+003,-8.873426e+003,-3.579142e+001, 1.189744e+002,-9.326977e+003, 0.000000e+000, 0.000000e+000, 0.000000e+000
 4.284500e-001,-1.131075e+003,-2.393207e+003, 3.295011e+003,-8.829598e+003,-3.509842e+001, 1.176418e+002,-9.277280e+003, 0.000000e+000, 0.000000e+000, 0.000000e+000
 4.285000e-001,-1.142387e+003,-2.424962e+003, 3.283021e+003,-8.782588e+003,-3.439182e+001, 1.162463e+002,-9.224086e+003, 0.000000e+000, 0.000000e+000, 0.000000e+000
 4.285500e-001,-1.053799e+003,-2.482859e+003, 3.260987e+003,-8.732496e+003,-3.368177e+001, 1.148252e+002,-9.167816e+003, 0.000000e+000, 0.000000e+000, 0.000000e+000
 4.286000e-001,-1.065457e+003,-2.513020e+003, 3.247204e+003,-8.679266e+003,-3.295847e+001, 1.133431e+002,-9.108015e+003, 0.000000e+000, 0.000000e+000, 0.000000e+000
 4.286500e-001,-9.751047e+002,-2.569011e+003, 3.222326e+003,-8.622981e+003,-3.223092e+001, 1.118364e+002,-9.045254e+003, 0.000000e+000, 0.000000e+000, 0.000000e+000
 4.287000e-001,-9.869170e+002,-2.597500e+003, 3.206763e+003,-8.563606e+003,-3.149039e+001, 1.102707e+002,-8.978930e+003, 0.000000e+000, 0.000000e+000, 0.000000e+000
 4.287500e-001,-8.951066e+002,-2.651542e+003, 3.179082e+003,-8.501212e+003,-3.074486e+001, 1.086815e+002,-8.909768e+003, 0.000000e+000, 0.000000e+000, 0.000000e+000
 4.288000e-001,-9.068766e+002,-2.678284e+003, 3.161754e+003,-8.435778e+003,-2.998658e+001, 1.070353e+002,-8.837018e+003, 0.000000e+000, 0.000000e+000, 0.000000e+000
 4.288500e-001,-8.139221e+002,-2.730332e+003, 3.131316e+003,-8.367363e+003,-2.922257e+001, 1.053668e+002,-8.761556e+003, 0.000000e+000, 0.000000e+000, 0.000000e+000
 4.289000e-001,-8.254465e+002,-2.755259e+003, 3.112243e+003,-8.295965e+003,-2.844597e+001, 1.036435e+002,-8.682482e+003, 0.000000e+000, 0.000000e+000, 0.000000e+000
 4.289500e-001,-7.316689e+002,-2.805269e+003, 3.079096e+003,-8.221626e+003,-2.766298e+001, 1.018990e+002,-8.600830e+003, 0.000000e+000, 0.000000e+000, 0.000000e+000
 4.290000e-001,-7.427402e+002,-2.828315e+003, 3.058298e+003,-8.144365e+003,-2.686749e+001, 1.001021e+002,-8.515551e+003, 0.000000e+000, 0.000000e+000, 0.000000e+000
 4.290500e-001,-6.484662e+002,-2.876245e+003, 3.022497e+003,-8.064209e+003,-2.606508e+001, 9.828518e+001,-8.427826e+003, 0.000000e+000, 0.000000e+000, 0.000000e+000
 4.291000e-001,-6.588740e+002,-2.897352e+003, 2.999996e+003,-7.981198e+003,-2.525015e+001, 9.641814e+001,-8.336465e+003, 0.000000e+000, 0.000000e+000, 0.000000e+000
 4.291500e-001,-5.644341e+002,-2.943157e+003, 2.961599e+003,-7.895340e+003,-2.442791e+001, 9.453233e+001,-8.242794e+003, 0.000000e+000, 0.000000e+000, 0.000000e+000
 4.292000e-001,-5.739664e+002,-2.962272e+003, 2.937419e+003,-7.806695e+003,-2.359306e+001, 9.259887e+001,-8.145485e+003, 0.000000e+000, 0.000000e+000, 0.000000e+000
 4.292500e-001,-4.796931e+002,-3.005909e+003, 2.896490e+003,-7.715258e+003,-2.275065e+001, 9.064778e+001,-8.046003e+003, 0.000000e+000, 0.000000e+000, 0.000000e+000
 4.293000e-001,-4.881378e+002,-3.022986e+003, 2.870655e+003,-7.621108e+003,-2.189546e+001, 8.865163e+001,-7.942890e+003, 0.000000e+000, 0.000000e+000, 0.000000e+000
 4.293500e-001,-3.943643e+002,-3.064409e+003, 2.827264e+003,-7.524223e+003,-2.103262e+001, 8.663892e+001,-7.837742e+003, 0.000000e+000, 0.000000e+000, 0.000000e+000
 4.294000e-001,-4.015112e+002,-3.079407e+003, 2.799799e+003,-7.424701e+003,-2.015675e+001, 8.458385e+001,-7.728976e+003, 0.000000e+000, 0.000000e+000, 0.000000e+000
 4.294500e-001,-3.085690e+002,-3.118570e+003, 2.754022e+003,-7.322505e+003,-1.927333e+001, 8.251318e+001,-7.618313e+003, 0.000000e+000, 0.000000e+000, 0.000000e+000
 4.295000e-001,-3.142110e+002,-3.131458e+003, 2.724949e+003,-7.217755e+003,-1.837657e+001, 8.040300e+001,-7.504055e+003, 0.000000e+000, 0.000000e+000, 0.000000e+000
 4.295500e-001,-2.224289e+002,-3.168314e+003, 2.676870e+003,-7.110394e+003,-1.747254e+001, 7.827803e+001,-7.388036e+003, 0.000000e+000, 0.000000e+000, 0.000000e+000
 4.296000e-001,-2.263635e+002,-3.179064e+003, 2.646212e+003,-7.000564e+003,-1.655478e+001, 7.611654e+001,-7.268456e+003, 0.000000e+000, 0.000000e+000, 0.000000e+000
 4.296500e-001,-1.360651e+002,-3.213568e+003, 2.595920e+003,-6.888192e+003,-1.563023e+001, 7.394093e+001,-7.147247e+003, 0.000000e+000, 0.000000e+000, 0.000000e+000
 4.297000e-001,-1.380965e+002,-3.222161e+003, 2.563698e+003,-6.773438e+003,-1.469153e+001, 7.173190e+001,-7.022521e+003, 0.000000e+000, 0.000000e+000, 0.000000e+000
 4.297500e-001,-4.959863e+001,-3.254264e+003, 2.511290e+003,-6.656215e+003,-1.374668e+001, 6.950925e+001,-6.896299e+003, 0.000000e+000, 0.000000e+000, 0.000000e+000
 4.298000e-001,-4.953886e+001,-3.260686e+003, 2.477522e+003,-6.536701e+003,-1.278724e+001, 6.725642e+001,-6.766611e+003, 0.000000e+000, 0.000000e+000, 0.000000e+000
 4.298500e-001, 3.684997e+001,-3.290343e+003, 2.423102e+003,-6.414794e+003,-1.182246e+001, 6.499032e+001,-6.635556e+003, 0.000000e+000, 0.000000e+000, 0.000000e+000
 4.299000e-001, 3.917906e+001,-3.294586e+003, 2.387806e+003,-6.290690e+003,-1.084265e+001, 6.269739e+001,-6.501099e+003, 0.000000e+000, 0.000000e+000, 0.000000e+000
 4.299500e-001, 1.231609e+002,-3.321751e+003, 2.331486e+003,-6.164272e+003,-9.858465e+000, 6.039135e+001,-6.365398e+003, 0.000000e+000, 0.000000e+000, 0.000000e+000
 4.300000e-001, 1.279262e+002,-3.323813e+003, 2.294678e+003,-6.035754e+003,-8.858843e+000, 5.806194e+001,-6.226370e+003, 0.000000e+000, 0.000000e+000, 0.000000e+000
 4.300500e-001, 2.092152e+002,-3.348441e+003, 2.236573e+003,-5.905006e+003,-7.855935e+000, 5.571944e+001,-6.086219e+003, 0.000000e+000, 0.000000e+000, 0.000000e+000
 4.301000e-001, 2.165708e+002,-3.348324e+003, 2.198268e+003,-5.772256e+003,-6.837227e+000, 5.335711e+001,-5.942825e+003, 0.000000e+000, 0.000000e+000, 0.000000e+000
 4.301500e-001, 2.948950e+002,-3.370375e+003, 2.138501e+003,-5.637363e+003,-5.816443e+000, 5.098157e+001,-5.798424e+003, 0.000000e+000, 0.000000e+000, 0.000000e+000
 4.302000e-001, 3.049806e+002,-3.368084e+003, 2.098713e+003,-5.500570e+003,-4.779566e+000, 4.858978e+001,-5.650875e+003, 0.000000e+000, 0.000000e+000, 0.000000e+000
 4.302500e-001, 3.800833e+002,-3.387518e+003, 2.037411e+003,-5.361723e+003,-3.741918e+000, 4.618456e+001,-5.502431e+003, 0.000000e+000, 0.000000e+000, 0.000000e+000
 4.303000e-001, 3.930231e+002,-3.383064e+003, 1.996154e+003,-5.221081e+003,-2.687980e+000, 4.376672e+001,-5.350942e+003, 0.000000e+000, 0.000000e+000, 0.000000e+000
 4.303500e-001, 4.646649e+002,-3.399847e+003, 1.933448e+003,-5.078479e+003,-1.634643e+000, 4.133513e+001,-5.198668e+003, 0.000000e+000, 0.000000e+000, 0.000000e+000
 4.304000e-001, 4.805658e+002,-3.393240e+003, 1.890737e+003,-4.934187e+003,-5.649415e-001, 3.889455e+001,-5.043462e+003, 0.000000e+000, 0.000000e+000, 0.000000e+000
 4.304500e-001, 5.485257e+002,-3.407343e+003, 1.826763e+003,-4.788031e+003, 5.027412e-001, 3.643983e+001,-4.887575e+003, 0.000000e+000, 0.000000e+000, 0.000000e+000
 4.305000e-001, 5.674763e+002,-3.398598e+003, 1.782613e+003,-4.640293e+003, 1.586722e+000, 3.397976e+001,-4.728878e+003, 0.000000e+000, 0.000000e+000, 0.000000e+000
 4.305500e-001, 6.315533e+002,-3.409995e+003, 1.717505e+003,-4.490792e+003, 2.667243e+000, 3.150513e+001,-4.569600e+003, 0.000000e+000, 0.000000e+000, 0.000000e+000
 4.306000e-001, 6.536230e+002,-3.399127e+003, 1.671936e+003,-4.339818e+003, 3.763838e+000, 2.902872e+001,-4.407644e+003, 0.000000e+000, 0.000000e+000, 0.000000e+000
 4.306500e-001, 7.136368e+002,-3.407799e+003, 1.605832e+003,-4.187182e+003, 4.855527e+000, 2.653737e+001,-4.245200e+003, 0.000000e+000, 0.000000e+000, 0.000000e+000
 4.307000e-001, 7.388747e+002,-3.394823e+003, 1.558864e+003,-4.033186e+003, 5.962893e+000, 2.404772e+001,-4.080219e+003, 0.000000e+000, 0.000000e+000, 0.000000e+000
 4.307500e-001, 7.946674e+002,-3.400758e+003, 1.491901e+003,-3.877633e+003, 7.063925e+000, 2.154279e+001,-3.914843e+003, 0.000000e+000, 0.000000e+000, 0.000000e+000
 4.308000e-001, 8.231014e+002,-3.385692e+003, 1.443560e+003,-3.720832e+003, 8.180050e+000, 1.904294e+001,-3.747075e+003, 0.000000e+000, 0.000000e+000, 0.000000e+000
 4.308500e-001, 8.745381e+002,-3.388882e+003, 1.375873e+003,-3.562583e+003, 9.288445e+000, 1.652756e+001,-3.579000e+003, 0.000000e+000, 0.000000e+000, 0.000000e+000
 4.309000e-001, 9.061744e+002,-3.371743e+003, 1.326189e+003,-3.403198e+003, 1.041116e+001, 1.402051e+001,-3.408687e+003, 0.000000e+000, 0.000000e+000, 0.000000e+000
 4.309500e-001, 9.531436e+002,-3.372190e+003, 1.257912e+003,-3.242477e+003, 1.152479e+001, 1.149779e+001,-3.238153e+003, 0.000000e+000, 0.000000e+000, 0.000000e+000
 4.310000e-001, 9.879662e+002,-3.352994e+003, 1.206920e+003,-3.080735e+003, 1.265178e+001, 8.986498e+000,-3.065538e+003, 0.000000e+000, 0.000000e+000, 0.000000e+000
 4.310500e-001, 1.030381e+003,-3.350704e+003, 1.138184e+003,-2.917769e+003, 1.376838e+001, 6.459543e+000,-2.892786e+003, 0.000000e+000, 0.000000e+000, 0.000000e+000
 4.311000e-001, 1.068351e+003,-3.329469e+003, 1.085926e+003,-2.753898e+003, 1.489719e+001, 3.946943e+000,-2.718116e+003, 0.000000e+000, 0.000000e+000, 0.000000e+000
 4.311500e-001, 1.106149e+003,-3.324458e+003, 1.016855e+003,-2.588920e+003, 1.601438e+001, 1.418863e+000,-2.543391e+003, 0.000000e+000, 0.000000e+000, 0.000000e+000
 4.312000e-001, 1.147207e+003,-3.301198e+003, 9.633800e+002,-2.423152e+003, 1.714244e+001,-1.092134e+000,-2.366914e+003, 0.000000e+000, 0.000000e+000, 0.000000e+000
 4.312500e-001, 1.180350e+003,-3.293487e+003, 8.940973e+002,-2.256394e+003, 1.825769e+001,-3.618227e+000,-2.190464e+003, 0.000000e+000, 0.000000e+000, 0.000000e+000
 4.313000e-001, 1.224411e+003,-3.268220e+003, 8.394598e+002,-2.088964e+003, 1.938233e+001,-6.124713e+000,-2.012430e+003, 0.000000e+000, 0.000000e+000, 0.000000e+000
 4.313500e-001, 1.252886e+003,-3.257837e+003, 7.700810e+002,-1.920663e+003, 2.049301e+001,-8.645698e+000,-1.834504e+003, 0.000000e+000, 0.000000e+000, 0.000000e+000
 4.314000e-001, 1.299845e+003,-3.230580e+003, 7.143440e+002,-1.751807e+003, 2.161146e+001,-1.114476e+001,-1.655164e+003, 0.000000e+000, 0.000000e+000, 0.000000e+000
 4.314500e-001, 1.323664e+003,-3.217559e+003, 6.449797e+002,-1.582202e+003, 2.271486e+001,-1.365751e+001,-1.476013e+003, 0.000000e+000, 0.000000e+000, 0.000000e+000
 4.315000e-001, 1.373394e+003,-3.188330e+003, 5.882131e+002,-1.412159e+003, 2.382428e+001,-1.614624e+001,-1.295619e+003, 0.000000e+000, 0.000000e+000, 0.000000e+000
 4.315500e-001, 1.392591e+003,-3.172709e+003, 5.189683e+002,-1.241490e+003, 2.491758e+001,-1.864761e+001,-1.115497e+003, 0.000000e+000, 0.000000e+000, 0.000000e+000
 4.316000e-001, 1.444944e+003,-3.141528e+003, 4.612490e+002,-1.070500e+003, 2.601509e+001,-2.112308e+001,-9.343021e+002, 0.000000e+000, 0.000000e+000, 0.000000e+000
 4.316500e-001, 1.459578e+003,-3.123352e+003, 3.922227e+002,-8.990103e+002, 2.709542e+001,-2.360992e+001,-7.534628e+002, 0.000000e+000, 0.000000e+000, 0.000000e+000
 4.317000e-001, 1.514386e+003,-3.090241e+003, 3.336346e+002,-7.273158e+002, 2.817808e+001,-2.606919e+001,-5.717198e+002, 0.000000e+000, 0.000000e+000, 0.000000e+000
 4.317500e-001, 1.524538e+003,-3.069558e+003, 2.649202e+002,-5.552474e+002, 2.924250e+001,-2.853835e+001,-3.904185e+002, 0.000000e+000, 0.000000e+000, 0.000000e+000
 4.318000e-001, 1.581614e+003,-3.034541e+003, 2.055535e+002,-3.830914e+002, 3.030737e+001,-3.097845e+001,-2.083805e+002, 0.000000e+000, 0.000000e+000, 0.000000e+000
 4.318500e-001, 1.587386e+003,-3.011400e+003, 1.372390e+002,-2.106885e+002, 3.135291e+001,-3.342678e+001,-2.687303e+001, 0.000000e+000, 0.000000e+000, 0.000000e+000
 4.319000e-001, 1.646526e+003,-2.974508e+003, 7.719005e+001,-3.831467e+001, 3.239705e+001,-3.584475e+001, 1.552072e+002, 0.000000e+000, 0.000000e+000, 0.000000e+000
 4.319500e-001, 1.648041e+003,-2.948962e+003, 9.358134e+000, 1.341781e+002, 3.342070e+001,-3.826911e+001, 3.366649e+002, 0.000000e+000, 0.000000e+000, 0.000000e+000
 4.320000e-001, 1.709023e+003,-2.910229e+003,-5.127168e+001, 3.065257e+002, 3.444120e+001,-4.066197e+001, 5.185350e+002, 0.000000e+000, 0.000000e+000, 0.000000e+000
 4.320500e-001, 1.706422e+003,-2.882330e+003,-1.185427e+002, 4.788636e+002, 3.543996e+001,-4.305922e+001, 6.996872e+002, 0.000000e+000, 0.000000e+000, 0.000000e+000
 4.321000e-001, 1.769011e+003,-2.841796e+003,-1.796475e+002, 6.509407e+002, 3.643393e+001,-4.542398e+001, 8.810955e+002, 0.000000e+000, 0.000000e+000, 0.000000e+000
 4.321500e-001, 1.762453e+003,-2.811597e+003,-2.462837e+002, 8.228793e+002, 3.740484e+001,-4.779103e+001, 1.061687e+003, 0.000000e+000, 0.000000e+000, 0.000000e+000
 4.322000e-001, 1.826400e+003,-2.769308e+003,-3.077538e+002, 9.944423e+002, 3.836945e+001,-5.012472e+001, 1.242383e+003, 0.000000e+000, 0.000000e+000, 0.000000e+000
 4.322500e-001, 1.816060e+003,-2.736862e+003,-3.736845e+002, 1.165737e+003, 3.930956e+001,-5.245847e+001, 1.422158e+003, 0.000000e+000, 0.000000e+000, 0.000000e+000
 4.323000e-001, 1.881103e+003,-2.692872e+003,-4.354077e+002, 1.336543e+003, 4.024208e+001,-5.475813e+001, 1.601892e+003, 0.000000e+000, 0.000000e+000, 0.000000e+000
 4.323500e-001, 1.867171e+003,-2.658227e+003,-5.005653e+002, 1.506952e+003, 4.114851e+001,-5.705555e+001, 1.780599e+003, 0.000000e+000, 0.000000e+000, 0.000000e+000
 4.324000e-001, 1.933040e+003,-2.612599e+003,-5.624269e+002, 1.676758e+003, 4.204629e+001,-5.931823e+001, 1.959123e+003, 0.000000e+000, 0.000000e+000, 0.000000e+000
 4.324500e-001, 1.915719e+003,-2.575802e+003,-6.267464e+002, 1.846038e+003, 4.291625e+001,-6.157635e+001, 2.136509e+003, 0.000000e+000, 0.000000e+000, 0.000000e+000
 4.325000e-001, 1.982134e+003,-2.528608e+003,-6.886306e+002, 2.014603e+003, 4.377676e+001,-6.379913e+001, 2.313577e+003, 0.000000e+000, 0.000000e+000, 0.000000e+000
 4.325500e-001, 1.961637e+003,-2.489700e+003,-7.520488e+002, 2.182515e+003, 4.460758e+001,-6.601500e+001, 2.489391e+003, 0.000000e+000, 0.000000e+000, 0.000000e+000
 4.326000e-001, 2.028313e+003,-2.441021e+003,-8.138395e+002, 2.349601e+003, 4.542842e+001,-6.819501e+001, 2.664759e+003, 0.000000e+000, 0.000000e+000, 0.000000e+000
 4.326500e-001, 2.004864e+003,-2.400043e+003,-8.762946e+002, 2.515905e+003, 4.621754e+001,-7.036577e+001, 2.838753e+003, 0.000000e+000, 0.000000e+000, 0.000000e+000
 4.327000e-001, 2.071510e+003,-2.349968e+003,-9.378757e+002, 2.681273e+003, 4.699649e+001,-7.250018e+001, 3.012179e+003, 0.000000e+000, 0.000000e+000, 0.000000e+000
 4.327500e-001, 2.045340e+003,-2.306953e+003,-9.993069e+002, 2.845734e+003, 4.774152e+001,-7.462302e+001, 3.184108e+003, 0.000000e+000, 0.000000e+000, 0.000000e+000
 4.328000e-001, 2.111663e+003,-2.255582e+003,-1.060563e+003, 3.009151e+003, 4.847649e+001,-7.670907e+001, 3.355351e+003, 0.000000e+000, 0.000000e+000, 0.000000e+000
 4.328500e-001, 2.083009e+003,-2.210561e+003,-1.120911e+003, 3.171535e+003, 4.917522e+001,-7.878127e+001, 3.524972e+003, 0.000000e+000, 0.000000e+000, 0.000000e+000
 4.329000e-001, 2.148715e+003,-2.158002e+003,-1.181728e+003, 3.332768e+003, 4.986435e+001,-8.081623e+001, 3.693796e+003, 0.000000e+000, 0.000000e+000, 0.000000e+000
 4.329500e-001, 2.117818e+003,-2.111000e+003,-1.240933e+003, 3.492843e+003, 5.051476e+001,-8.283513e+001, 3.860869e+003, 0.000000e+000, 0.000000e+000, 0.000000e+000
 4.330000e-001, 2.182615e+003,-2.057371e+003,-1.301199e+003, 3.651663e+003, 5.115635e+001,-8.481638e+001, 4.027039e+003, 0.000000e+000, 0.000000e+000, 0.000000e+000
 4.330500e-001, 2.149718e+003,-2.008410e+003,-1.359202e+003, 3.809203e+003, 5.175668e+001,-8.677938e+001, 4.191329e+003, 0.000000e+000, 0.000000e+000, 0.000000e+000
 4.331000e-001, 2.213313e+003,-1.953838e+003,-1.418807e+003, 3.965384e+003, 5.234927e+001,-8.870433e+001, 4.354614e+003, 0.000000e+000, 0.000000e+000, 0.000000e+000
 4.331500e-001, 2.178663e+003,-1.902934e+003,-1.475549e+003, 4.120165e+003, 5.289796e+001,-9.060894e+001, 4.515887e+003, 0.000000e+000, 0.000000e+000, 0.000000e+000
 4.332000e-001, 2.240771e+003,-1.847553e+003,-1.534385e+003, 4.273484e+003, 5.344033e+001,-9.247508e+001, 4.676060e+003, 0.000000e+000, 0.000000e+000, 0.000000e+000
 4.332500e-001, 2.204611e+003,-1.794722e+003,-1.589809e+003, 4.425285e+003, 5.393611e+001,-9.431885e+001, 4.834088e+003, 0.000000e+000, 0.000000e+000, 0.000000e+000
 4.333000e-001, 2.264949e+003,-1.738672e+003,-1.647769e+003, 4.575525e+003, 5.442723e+001,-9.612376e+001, 4.990925e+003, 0.000000e+000, 0.000000e+000, 0.000000e+000
 4.333500e-001, 2.227524e+003,-1.683925e+003,-1.701818e+003, 4.724130e+003, 5.486910e+001,-9.790430e+001, 5.145485e+003, 0.000000e+000, 0.000000e+000, 0.000000e+000
 4.334000e-001, 2.285818e+003,-1.627352e+003,-1.758800e+003, 4.871077e+003, 5.530822e+001,-9.964561e+001, 5.298765e+003, 0.000000e+000, 0.000000e+000, 0.000000e+000
 4.334500e-001, 2.247367e+003,-1.570701e+003,-1.811418e+003, 5.016275e+003, 5.569548e+001,-1.013606e+002, 5.449638e+003, 0.000000e+000, 0.000000e+000, 0.000000e+000
 4.335000e-001, 2.303351e+003,-1.513754e+003,-1.867320e+003, 5.159719e+003, 5.608209e+001,-1.030360e+002, 5.599146e+003, 0.000000e+000, 0.000000e+000, 0.000000e+000
 4.335500e-001, 2.264109e+003,-1.455212e+003,-1.918453e+003, 5.301303e+003, 5.641432e+001,-1.046832e+002, 5.746118e+003, 0.000000e+000, 0.000000e+000, 0.000000e+000
 4.336000e-001, 2.317526e+003,-1.398044e+003,-1.973176e+003, 5.441040e+003, 5.674817e+001,-1.062904e+002, 5.891642e+003, 0.000000e+000, 0.000000e+000, 0.000000e+000
 4.336500e-001, 2.277724e+003,-1.337621e+003,-2.022771e+003, 5.578809e+003, 5.702525e+001,-1.078676e+002, 6.034505e+003, 0.000000e+000, 0.000000e+000, 0.000000e+000
 4.337000e-001, 2.328329e+003,-1.280385e+003,-2.076217e+003, 5.714640e+003, 5.730632e+001,-1.094045e+002, 6.175839e+003, 0.000000e+000, 0.000000e+000, 0.000000e+000
 4.337500e-001, 2.288188e+003,-1.218099e+003,-2.124223e+003, 5.848396e+003, 5.752846e+001,-1.109094e+002, 6.314390e+003, 0.000000e+000, 0.000000e+000, 0.000000e+000
 4.338000e-001, 2.335747e+003,-1.160947e+003,-2.176298e+003, 5.980127e+003, 5.775700e+001,-1.123738e+002, 6.451334e+003, 0.000000e+000, 0.000000e+000, 0.000000e+000
 4.338500e-001, 2.295482e+003,-1.096818e+003,-2.222666e+003, 6.109682e+003, 5.792469e+001,-1.138044e+002, 6.585375e+003, 0.000000e+000, 0.000000e+000, 0.000000e+000
 4.339000e-001, 2.339776e+003,-1.039899e+003,-2.273277e+003, 6.237124e+003, 5.810118e+001,-1.151941e+002, 6.717733e+003, 0.000000e+000, 0.000000e+000, 0.000000e+000
 4.339500e-001, 2.299593e+003,-9.739529e+002,-2.317961e+003, 6.362292e+003, 5.821520e+001,-1.165483e+002, 6.847075e+003, 0.000000e+000, 0.000000e+000, 0.000000e+000
 4.340000e-001, 2.340414e+003,-9.174125e+002,-2.367016e+003, 6.485264e+003, 5.834036e+001,-1.178613e+002, 6.974657e+003, 0.000000e+000, 0.000000e+000, 0.000000e+000
 4.340500e-001, 2.300510e+003,-8.496823e+002,-2.409974e+003, 6.605867e+003, 5.840177e+001,-1.191369e+002, 7.099116e+003, 0.000000e+000, 0.000000e+000, 0.000000e+000
 4.341000e-001, 2.337666e+003,-7.936597e+002,-2.457383e+003, 6.724193e+003, 5.847654e+001,-1.203712e+002, 7.221738e+003, 0.000000e+000, 0.000000e+000, 0.000000e+000
 4.341500e-001, 2.298227e+003,-7.241873e+002,-2.498574e+003, 6.840059e+003, 5.848667e+001,-1.215662e+002, 7.341137e+003, 0.000000e+000, 0.000000e+000, 0.000000e+000
 4.342000e-001, 2.331542e+003,-6.688142e+002,-2.544249e+003, 6.953570e+003, 5.851219e+001,-1.227197e+002, 7.458622e+003, 0.000000e+000, 0.000000e+000, 0.000000e+000
 4.342500e-001, 2.292740e+003,-5.976513e+002,-2.583637e+003, 7.064533e+003, 5.847261e+001,-1.238320e+002, 7.572792e+003, 0.000000e+000, 0.000000e+000, 0.000000e+000
 4.343000e-001, 2.322057e+003,-5.430503e+002,-2.627492e+003, 7.173066e+003, 5.845020e+001,-1.249027e+002, 7.684968e+003, 0.000000e+000, 0.000000e+000, 0.000000e+000
 4.343500e-001, 2.284054e+003,-4.702594e+002,-2.665042e+003, 7.278969e+003, 5.836269e+001,-1.259305e+002, 7.793746e+003, 0.000000e+000, 0.000000e+000, 0.000000e+000
 4.344000e-001, 2.309228e+003,-4.165427e+002,-2.706993e+003, 7.382370e+003, 5.829387e+001,-1.269164e+002, 7.900452e+003, 0.000000e+000, 0.000000e+000, 0.000000e+000
 4.344500e-001, 2.272175e+003,-3.421984e+002,-2.742676e+003, 7.483060e+003, 5.816040e+001,-1.278575e+002, 8.003681e+003, 0.000000e+000, 0.000000e+000, 0.000000e+000
 4.345000e-001, 2.293081e+003,-2.894669e+002,-2.782640e+003, 7.581181e+003, 5.804679e+001,-1.287568e+002, 8.104760e+003, 0.000000e+000, 0.000000e+000, 0.000000e+000
 4.345500e-001, 2.257113e+003,-2.136562e+002,-2.816428e+003, 7.676515e+003, 5.786949e+001,-1.296093e+002, 8.202295e+003, 0.000000e+000, 0.000000e+000, 0.000000e+000
 4.346000e-001, 2.273645e+003,-1.619983e+002,-2.854326e+003, 7.769215e+003, 5.771287e+001,-1.304199e+002, 8.297599e+003, 0.000000e+000, 0.000000e+000, 0.000000e+000
 4.346500e-001, 2.238884e+003,-8.482133e+001,-2.886195e+003, 7.859058e+003, 5.749400e+001,-1.311820e+002, 8.389299e+003, 0.000000e+000, 0.000000e+000, 0.000000e+000
 4.347000e-001, 2.250953e+003,-3.431277e+001,-2.921950e+003, 7.946204e+003, 5.729622e+001,-1.319022e+002, 8.478687e+003, 0.000000e+000, 0.000000e+000, 0.000000e+000
 4.347500e-001, 2.217507e+003, 4.411705e+001,-2.951876e+003, 8.030426e+003, 5.703811e+001,-1.325720e+002, 8.564421e+003, 0.000000e+000, 0.000000e+000, 0.000000e+000
 4.348000e-001, 2.225044e+003, 9.341409e+001,-2.985416e+003, 8.111894e+003, 5.680109e+001,-1.331999e+002, 8.647761e+003, 0.000000e+000, 0.000000e+000, 0.000000e+000
 4.348500e-001, 2.193005e+003, 1.729700e+002,-3.013381e+003, 8.190376e+003, 5.650614e+001,-1.337757e+002, 8.727406e+003, 0.000000e+000, 0.000000e+000, 0.000000e+000
 4.349000e-001, 2.195961e+003, 2.210067e+002,-3.044635e+003, 8.266048e+003, 5.623185e+001,-1.343096e+002, 8.804575e+003, 0.000000e+000, 0.000000e+000, 0.000000e+000
 4.349500e-001, 2.165408e+003, 3.015489e+002,-3.070620e+003, 8.338678e+003, 5.590248e+001,-1.347898e+002, 8.878017e+003, 0.000000e+000, 0.000000e+000, 0.000000e+000
 4.350000e-001, 2.163751e+003, 3.482897e+002,-3.099524e+003, 8.408446e+003, 5.559288e+001,-1.352280e+002, 8.948899e+003, 0.000000e+000, 0.000000e+000, 0.000000e+000
 4.350500e-001, 2.134747e+003, 4.296660e+002,-3.123511e+003, 8.475120e+003, 5.523148e+001,-1.356110e+002, 9.016031e+003, 0.000000e+000, 0.000000e+000, 0.000000e+000
 4.351000e-001, 2.128466e+003, 4.750883e+002,-3.150007e+003, 8.538885e+003, 5.488855e+001,-1.359520e+002, 9.080521e+003, 0.000000e+000, 0.000000e+000, 0.000000e+000
 4.351500e-001, 2.101059e+003, 5.571346e+002,-3.171979e+003, 8.599507e+003, 5.449745e+001,-1.362364e+002, 9.141246e+003, 0.000000e+000, 0.000000e+000, 0.000000e+000
 4.352000e-001, 2.090163e+003, 6.012279e+002,-3.196011e+003, 8.657176e+003, 5.412311e+001,-1.364788e+002, 9.199248e+003, 0.000000e+000, 0.000000e+000, 0.000000e+000
 4.352500e-001, 2.064384e+003, 6.837698e+002,-3.215953e+003, 8.711661e+003, 5.370457e+001,-1.366634e+002, 9.253476e+003, 0.000000e+000, 0.000000e+000, 0.000000e+000
 4.353000e-001, 2.048901e+003, 7.265349e+002,-3.237475e+003, 8.763151e+003, 5.330066e+001,-1.368058e+002, 9.304902e+003, 0.000000e+000, 0.000000e+000, 0.000000e+000
 4.353500e-001, 2.024767e+003, 8.093884e+002,-3.255369e+003, 8.811421e+003, 5.285681e+001,-1.368894e+002, 9.352555e+003, 0.000000e+000, 0.000000e+000, 0.000000e+000
 4.354000e-001, 2.004746e+003, 8.508360e+002,-3.274339e+003, 8.856660e+003, 5.242512e+001,-1.369308e+002, 9.397328e+003, 0.000000e+000, 0.000000e+000, 0.000000e+000
 4.354500e-001, 1.982257e+003, 9.338094e+002,-3.290169e+003, 8.898646e+003, 5.195795e+001,-1.369127e+002, 9.438334e+003, 0.000000e+000, 0.000000e+000, 0.000000e+000
 4.355000e-001, 1.957766e+003, 9.739594e+002,-3.306554e+003, 8.937568e+003, 5.150013e+001,-1.368521e+002, 9.476387e+003, 0.000000e+000, 0.000000e+000, 0.000000e+000
 4.355500e-001, 1.936908e+003, 1.056855e+003,-3.320301e+003, 8.973210e+003, 5.101146e+001,-1.367315e+002, 9.510684e+003, 0.000000e+000, 0.000000e+000, 0.000000e+000
 4.356000e-001, 1.908034e+003, 1.095734e+003,-3.334075e+003, 9.005760e+003, 5.052906e+001,-1.365681e+002, 9.541959e+003, 0.000000e+000, 0.000000e+000, 0.000000e+000
 4.356500e-001, 1.888776e+003, 1.178348e+003,-3.345719e+003, 9.035007e+003, 5.002052e+001,-1.363446e+002, 9.569495e+003, 0.000000e+000, 0.000000e+000, 0.000000e+000
 4.357000e-001, 1.855625e+003, 1.215990e+003,-3.356865e+003, 9.061138e+003, 4.951494e+001,-1.360780e+002, 9.593944e+003, 0.000000e+000, 0.000000e+000, 0.000000e+000
 4.357500e-001, 1.837924e+003, 1.298118e+003,-3.366383e+003, 9.083949e+003, 4.898795e+001,-1.357514e+002, 9.614678e+003, 0.000000e+000, 0.000000e+000, 0.000000e+000
 4.358000e-001, 1.800621e+003, 1.334558e+003,-3.374893e+003, 9.103624e+003, 4.846045e+001,-1.353813e+002, 9.632264e+003, 0.000000e+000, 0.000000e+000, 0.000000e+000
 4.358500e-001, 1.784415e+003, 1.415995e+003,-3.382262e+003, 9.119967e+003, 4.791623e+001,-1.349516e+002, 9.646160e+003, 0.000000e+000, 0.000000e+000, 0.000000e+000
 4.359000e-001, 1.743104e+003, 1.451273e+003,-3.388135e+003, 9.133157e+003, 4.736791e+001,-1.344781e+002, 9.656855e+003, 0.000000e+000, 0.000000e+000, 0.000000e+000
 4.359500e-001, 1.728319e+003, 1.531813e+003,-3.393328e+003, 9.143010e+003, 4.680745e+001,-1.339455e+002, 9.663892e+003, 0.000000e+000, 0.000000e+000, 0.000000e+000
 4.360000e-001, 1.683161e+003, 1.565968e+003,-3.396575e+003, 9.149696e+003, 4.623925e+001,-1.333688e+002, 9.667681e+003, 0.000000e+000, 0.000000e+000, 0.000000e+000
 4.360500e-001, 1.669709e+003, 1.645411e+003,-3.399564e+003, 9.153045e+003, 4.566331e+001,-1.327340e+002, 9.667840e+003, 0.000000e+000, 0.000000e+000, 0.000000e+000
 4.361000e-001, 1.620882e+003, 1.678482e+003,-3.400202e+003, 9.153219e+003, 4.507600e+001,-1.320546e+002, 9.664717e+003, 0.000000e+000, 0.000000e+000, 0.000000e+000
 4.361500e-001, 1.608663e+003, 1.756630e+003,-3.400955e+003, 9.150059e+003, 4.448515e+001,-1.313186e+002, 9.657997e+003, 0.000000e+000, 0.000000e+000, 0.000000e+000
 4.362000e-001, 1.556361e+003, 1.788654e+003,-3.399012e+003, 9.143720e+003, 4.387933e+001,-1.305372e+002, 9.647964e+003, 0.000000e+000, 0.000000e+000, 0.000000e+000
 4.362500e-001, 1.545260e+003, 1.865317e+003,-3.397497e+003, 9.134056e+003, 4.327390e+001,-1.297010e+002, 9.634369e+003, 0.000000e+000, 0.000000e+000, 0.000000e+000
 4.363000e-001, 1.489693e+003, 1.896325e+003,-3.393010e+003, 9.121215e+003, 4.265005e+001,-1.288189e+002, 9.617443e+003, 0.000000e+000, 0.000000e+000, 0.000000e+000
 4.363500e-001, 1.479586e+003, 1.971322e+003,-3.389190e+003, 9.105062e+003, 4.203017e+001,-1.278840e+002, 9.596987e+003, 0.000000e+000, 0.000000e+000, 0.000000e+000
 4.364000e-001, 1.420978e+003, 2.001340e+003,-3.382204e+003, 9.085735e+003, 4.138860e+001,-1.269025e+002, 9.573192e+003, 0.000000e+000, 0.000000e+000, 0.000000e+000
 4.364500e-001, 1.411727e+003, 2.074500e+003,-3.376044e+003, 9.063116e+003, 4.075423e+001,-1.258705e+002, 9.545901e+003, 0.000000e+000, 0.000000e+000, 0.000000e+000
 4.365000e-001, 1.350317e+003, 2.103548e+003,-3.366612e+003, 9.037334e+003, 4.009510e+001,-1.247913e+002, 9.515272e+003, 0.000000e+000, 0.000000e+000, 0.000000e+000
 4.365500e-001, 1.341776e+003, 2.174709e+003,-3.358073e+003, 9.008283e+003, 3.944604e+001,-1.236642e+002, 9.481181e+003, 0.000000e+000, 0.000000e+000, 0.000000e+000
 4.366000e-001, 1.277814e+003, 2.202800e+003,-3.346257e+003, 8.976082e+003, 3.876941e+001,-1.224893e+002, 9.443765e+003, 0.000000e+000, 0.000000e+000, 0.000000e+000
 4.366500e-001, 1.269828e+003, 2.271814e+003,-3.335300e+003, 8.940641e+003, 3.810527e+001,-1.212693e+002, 9.402916e+003, 0.000000e+000, 0.000000e+000, 0.000000e+000
 4.367000e-001, 1.203575e+003, 2.298951e+003,-3.321168e+003, 8.902066e+003, 3.741107e+001,-1.200008e+002, 9.358768e+003, 0.000000e+000, 0.000000e+000, 0.000000e+000
 4.367500e-001, 1.195981e+003, 2.365682e+003,-3.307756e+003, 8.860287e+003, 3.673140e+001,-1.186904e+002, 9.311217e+003, 0.000000e+000, 0.000000e+000, 0.000000e+000
 4.368000e-001, 1.127708e+003, 2.391859e+003,-3.291382e+003, 8.815396e+003, 3.601947e+001,-1.173309e+002, 9.260403e+003, 0.000000e+000, 0.000000e+000, 0.000000e+000
 4.368500e-001, 1.120337e+003, 2.456185e+003,-3.275476e+003, 8.767338e+003, 3.532366e+001,-1.159327e+002, 9.206215e+003, 0.000000e+000, 0.000000e+000, 0.000000e+000
 4.369000e-001, 1.050324e+003, 2.481390e+003,-3.256943e+003, 8.716194e+003, 3.459378e+001,-1.144848e+002, 9.148812e+003, 0.000000e+000, 0.000000e+000, 0.000000e+000
 4.369500e-001, 1.043001e+003, 2.543202e+003,-3.238506e+003, 8.661928e+003, 3.388119e+001,-1.130017e+002, 9.088058e+003, 0.000000e+000, 0.000000e+000, 0.000000e+000
 4.370000e-001, 9.715336e+002, 2.567410e+003,-3.217898e+003, 8.604605e+003, 3.313305e+001,-1.114683e+002, 9.024150e+003, 0.000000e+000, 0.000000e+000, 0.000000e+000
 4.370500e-001, 9.640809e+002, 2.626614e+003,-3.196897e+003, 8.544207e+003, 3.240297e+001,-1.099033e+002, 8.956918e+003, 0.000000e+000, 0.000000e+000, 0.000000e+000
 4.371000e-001, 8.914512e+002, 2.649793e+003,-3.174304e+003, 8.480788e+003, 3.163625e+001,-1.082876e+002, 8.886602e+003, 0.000000e+000, 0.000000e+000, 0.000000e+000
 4.371500e-001, 8.836877e+002, 2.706308e+003,-3.150707e+003, 8.414347e+003, 3.088797e+001,-1.066440e+002, 8.812981e+003, 0.000000e+000, 0.000000e+000, 0.000000e+000
 4.372000e-001, 8.101912e+002, 2.728417e+003,-3.126223e+003, 8.344922e+003, 3.010230e+001,-1.049491e+002, 8.736362e+003, 0.000000e+000, 0.000000e+000, 0.000000e+000
 4.372500e-001, 8.019351e+002, 2.782175e+003,-3.100002e+003, 8.272531e+003, 2.933511e+001,-1.032301e+002, 8.656459e+003, 0.000000e+000, 0.000000e+000, 0.000000e+000
 4.373000e-001, 7.278696e+002, 2.803167e+003,-3.073721e+003, 8.197201e+003, 2.853013e+001,-1.014596e+002, 8.573650e+003, 0.000000e+000, 0.000000e+000, 0.000000e+000
 4.373500e-001, 7.189395e+002, 2.854113e+003,-3.044855e+003, 8.118966e+003, 2.774335e+001,-9.966869e+001, 8.487577e+003, 0.000000e+000, 0.000000e+000, 0.000000e+000
 4.374000e-001, 6.446033e+002, 2.873931e+003,-3.016873e+003, 8.037837e+003, 2.691872e+001,-9.782612e+001, 8.398702e+003, 0.000000e+000, 0.000000e+000, 0.000000e+000
 4.374500e-001, 6.348198e+002, 2.922022e+003,-2.985346e+003, 7.953870e+003, 2.611173e+001,-9.596671e+001, 8.306579e+003, 0.000000e+000, 0.000000e+000, 0.000000e+000
 4.375000e-001, 5.605099e+002, 2.940606e+003,-2.955757e+003, 7.867059e+003, 2.526715e+001,-9.405573e+001, 8.211770e+003, 0.000000e+000, 0.000000e+000, 0.000000e+000
 4.375500e-001, 5.496973e+002, 2.985809e+003,-2.921562e+003, 7.777479e+003, 2.443941e+001,-9.213141e+001, 8.113730e+003, 0.000000e+000, 0.000000e+000, 0.000000e+000
 4.376000e-001, 4.757078e+002, 3.003093e+003,-2.890459e+003, 7.685111e+003, 2.357461e+001,-9.015572e+001, 8.013127e+003, 0.000000e+000, 0.000000e+000, 0.000000e+000
 4.376500e-001, 4.636955e+002, 3.045387e+003,-2.853594e+003, 7.590045e+003, 2.272569e+001,-8.817007e+001, 7.909311e+003, 0.000000e+000, 0.000000e+000, 0.000000e+000
 4.377000e-001, 3.903156e+002, 3.061301e+003,-2.821070e+003, 7.492252e+003, 2.184049e+001,-8.613350e+001, 7.803062e+003, 0.000000e+000, 0.000000e+000, 0.000000e+000
 4.377500e-001, 3.769397e+002, 3.100672e+003,-2.781545e+003, 7.391838e+003, 2.097005e+001,-8.409011e+001, 7.693619e+003, 0.000000e+000, 0.000000e+000, 0.000000e+000
 4.378000e-001, 3.044525e+002, 3.115144e+003,-2.747685e+003, 7.288759e+003, 2.006437e+001,-8.199646e+001, 7.581880e+003, 0.000000e+000, 0.000000e+000, 0.000000e+000
 4.378500e-001, 2.895571e+002, 3.151586e+003,-2.705518e+003, 7.183139e+003, 1.917224e+001,-7.989890e+001, 7.466969e+003, 0.000000e+000, 0.000000e+000, 0.000000e+000
 4.379000e-001, 2.182375e+002, 3.164543e+003,-2.670406e+003, 7.074921e+003, 1.824606e+001,-7.775201e+001, 7.349905e+003, 0.000000e+000, 0.000000e+000, 0.000000e+000
 4.379500e-001, 2.016764e+002, 3.198057e+003,-2.625628e+003, 6.964246e+003, 1.733222e+001,-7.560383e+001, 7.229690e+003, 0.000000e+000, 0.000000e+000, 0.000000e+000
 4.380000e-001, 1.317897e+002, 3.209429e+003,-2.589341e+003, 6.851044e+003, 1.638565e+001,-7.340754e+001, 7.107474e+003, 0.000000e+000, 0.000000e+000, 0.000000e+000
 4.380500e-001, 1.134277e+002, 3.240019e+003,-2.541991e+003, 6.735470e+003, 1.545024e+001,-7.121224e+001, 6.982131e+003, 0.000000e+000, 0.000000e+000, 0.000000e+000
 4.381000e-001, 4.522805e+001, 3.249735e+003,-2.504600e+003, 6.617446e+003, 1.448354e+001,-6.897034e+001, 6.854938e+003, 0.000000e+000, 0.000000e+000, 0.000000e+000
 4.381500e-001, 2.494227e+001, 3.277411e+003,-2.454733e+003, 6.497139e+003, 1.352686e+001,-6.673139e+001, 6.724650e+003, 0.000000e+000, 0.000000e+000, 0.000000e+000
 4.382000e-001,-4.132900e+001, 3.285404e+003,-2.416301e+003, 6.374460e+003, 1.254039e+001,-6.444765e+001, 6.592668e+003, 0.000000e+000, 0.000000e+000, 0.000000e+000
 4.382500e-001,-6.364782e+001, 3.310177e+003,-2.363982e+003, 6.249590e+003, 1.156295e+001,-6.216843e+001, 6.457624e+003, 0.000000e+000, 0.000000e+000, 0.000000e+000
 4.383000e-001,-1.277634e+002, 3.316386e+003,-2.324565e+003, 6.122431e+003, 1.055725e+001,-5.984655e+001, 6.321043e+003, 0.000000e+000, 0.000000e+000, 0.000000e+000
 4.383500e-001,-1.522098e+002, 3.338269e+003,-2.269874e+003, 5.993176e+003, 9.559718e+000,-5.753040e+001, 6.181439e+003, 0.000000e+000, 0.000000e+000, 0.000000e+000
 4.384000e-001,-2.139579e+002, 3.342637e+003,-2.229519e+003, 5.861718e+003, 8.535473e+000,-5.517403e+001, 6.040458e+003, 0.000000e+000, 0.000000e+000, 0.000000e+000
 4.384500e-001,-2.406105e+002, 3.361644e+003,-2.172547e+003, 5.728262e+003, 7.518721e+000,-5.282420e+001, 5.896499e+003, 0.000000e+000, 0.000000e+000, 0.000000e+000
 4.385000e-001,-2.997957e+002, 3.364121e+003,-2.131293e+003, 5.592691e+003, 6.476773e+000,-5.043692e+001, 5.751320e+003, 0.000000e+000, 0.000000e+000, 0.000000e+000
 4.385500e-001,-3.287166e+002, 3.380265e+003,-2.072146e+003, 5.455222e+003, 5.441864e+000,-4.805660e+001, 5.603216e+003, 0.000000e+000, 0.000000e+000, 0.000000e+000
 4.386000e-001,-3.851613e+002, 3.380808e+003,-2.030025e+003, 5.315733e+003, 4.383224e+000,-4.564192e+001, 5.454048e+003, 0.000000e+000, 0.000000e+000, 0.000000e+000
 4.386500e-001,-4.163950e+002, 3.394102e+003,-1.968818e+003, 5.174446e+003, 3.331409e+000,-4.323423e+001, 5.302014e+003, 0.000000e+000, 0.000000e+000, 0.000000e+000
 4.387000e-001,-4.699398e+002, 3.392677e+003,-1.925852e+003, 5.031235e+003, 2.257260e+000,-4.079559e+001, 5.149071e+003, 0.000000e+000, 0.000000e+000, 0.000000e+000
 4.387500e-001,-5.035128e+002, 3.403132e+003,-1.862716e+003, 4.886331e+003, 1.189972e+000,-3.836360e+001, 4.993331e+003, 0.000000e+000, 0.000000e+000, 0.000000e+000
 4.388000e-001,-5.540177e+002, 3.399712e+003,-1.818921e+003, 4.739603e+003, 1.016689e-001,-3.590434e+001, 4.836831e+003, 0.000000e+000, 0.000000e+000, 0.000000e+000
 4.388500e-001,-5.899377e+002, 3.407337e+003,-1.753996e+003, 4.591286e+003,-9.794777e-001,-3.345107e+001, 4.677609e+003, 0.000000e+000, 0.000000e+000, 0.000000e+000
 4.389000e-001,-6.372827e+002, 3.401905e+003,-1.709380e+003, 4.441248e+003,-2.080408e+000,-3.097447e+001, 4.517777e+003, 0.000000e+000, 0.000000e+000, 0.000000e+000
 4.389500e-001,-6.755388e+002, 3.406708e+003,-1.642815e+003, 4.289729e+003,-3.173627e+000,-2.850290e+001, 4.355306e+003, 0.000000e+000, 0.000000e+000, 0.000000e+000
 4.390000e-001,-7.196235e+002, 3.399254e+003,-1.597381e+003, 4.136595e+003,-4.285485e+000,-2.601217e+001, 4.192367e+003, 0.000000e+000, 0.000000e+000, 0.000000e+000
 4.390500e-001,-7.601856e+002, 3.401242e+003,-1.529337e+003, 3.982088e+003,-5.388828e+000,-2.352525e+001, 4.026883e+003, 0.000000e+000, 0.000000e+000, 0.000000e+000
 4.391000e-001,-8.009307e+002, 3.391765e+003,-1.483081e+003, 3.826074e+003,-6.509749e+000,-2.102354e+001, 3.861068e+003, 0.000000e+000, 0.000000e+000, 0.000000e+000
 4.391500e-001,-8.437496e+002, 3.390942e+003,-1.413725e+003, 3.668798e+003,-7.621111e+000,-1.852421e+001, 3.692811e+003, 0.000000e+000, 0.000000e+000, 0.000000e+000
 4.392000e-001,-8.810961e+002, 3.379450e+003,-1.366641e+003, 3.510126e+003,-8.749068e+000,-1.601460e+001, 3.524355e+003, 0.000000e+000, 0.000000e+000, 0.000000e+000
 4.392500e-001,-9.261039e+002, 3.375821e+003,-1.296146e+003, 3.350303e+003,-9.866203e+000,-1.350579e+001, 3.353568e+003, 0.000000e+000, 0.000000e+000, 0.000000e+000
 4.393000e-001,-9.600132e+002, 3.362328e+003,-1.248225e+003, 3.189198e+003,-1.099901e+001,-1.099133e+001, 3.182708e+003, 0.000000e+000, 0.000000e+000, 0.000000e+000
 4.393500e-001,-1.007123e+003, 3.355896e+003,-1.176768e+003, 3.027055e+003,-1.211954e+001,-8.475973e+000, 3.009638e+003, 0.000000e+000, 0.000000e+000, 0.000000e+000
 4.394000e-001,-1.037577e+003, 3.340424e+003,-1.127999e+003, 2.863746e+003,-1.325487e+001,-5.959666e+000, 2.836615e+003, 0.000000e+000, 0.000000e+000, 0.000000e+000
 4.394500e-001,-1.086685e+003, 3.331193e+003,-1.055762e+003, 2.699511e+003,-1.437631e+001,-3.440714e+000, 2.661510e+003, 0.000000e+000, 0.000000e+000, 0.000000e+000
 4.395000e-001,-1.113685e+003, 3.313770e+003,-1.006136e+003, 2.534229e+003,-1.551168e+001,-9.255227e-001, 2.486566e+003, 0.000000e+000, 0.000000e+000, 0.000000e+000
 4.395500e-001,-1.164668e+003, 3.301744e+003,-9.333005e+002, 2.368135e+003,-1.663142e+001, 1.594040e+000, 2.309679e+003, 0.000000e+000, 0.000000e+000, 0.000000e+000
 4.396000e-001,-1.188235e+003, 3.282404e+003,-8.828078e+002, 2.201114e+003,-1.776425e+001, 4.105172e+000, 2.133059e+003, 0.000000e+000, 0.000000e+000, 0.000000e+000
 4.396500e-001,-1.240956e+003, 3.267591e+003,-8.095552e+002, 2.033396e+003,-1.887961e+001, 6.622329e+000, 1.954642e+003, 0.000000e+000, 0.000000e+000, 0.000000e+000
 4.397000e-001,-1.261129e+003, 3.246371e+003,-7.581918e+002, 1.864872e+003,-2.000718e+001, 9.126478e+000, 1.776594e+003, 0.000000e+000, 0.000000e+000, 0.000000e+000
 4.397500e-001,-1.315432e+003, 3.228780e+003,-6.847007e+002, 1.695769e+003,-2.111540e+001, 1.163817e+001, 1.596902e+003, 0.000000e+000, 0.000000e+000, 0.000000e+000
 4.398000e-001,-1.332269e+003, 3.205721e+003,-6.324666e+002, 1.525982e+003,-2.223491e+001, 1.413243e+001, 1.417674e+003, 0.000000e+000, 0.000000e+000, 0.000000e+000
 4.398500e-001,-1.387986e+003, 3.185366e+003,-5.589119e+002, 1.355730e+003,-2.333315e+001, 1.663556e+001, 1.236963e+003, 0.000000e+000, 0.000000e+000, 0.000000e+000
 4.399000e-001,-1.401561e+003, 3.160511e+003,-5.058134e+002, 1.184921e+003,-2.444171e+001, 1.911701e+001, 1.056805e+003, 0.000000e+000, 0.000000e+000, 0.000000e+000
 4.399500e-001,-1.458508e+003, 3.137411e+003,-4.323643e+002, 1.013763e+003,-2.552713e+001, 2.160846e+001, 8.753309e+002, 0.000000e+000, 0.000000e+000, 0.000000e+000
 4.400000e-001,-1.468910e+003, 3.110804e+003,-3.784151e+002, 8.421729e+002,-2.662177e+001, 2.407419e+001, 6.944944e+002, 0.000000e+000, 0.000000e+000, 0.000000e+000
 4.400500e-001,-1.526893e+003, 3.084982e+003,-3.052342e+002, 6.703510e+002,-2.769147e+001, 2.655077e+001, 5.125146e+002, 0.000000e+000, 0.000000e+000, 0.000000e+000
 4.401000e-001,-1.534228e+003, 3.056670e+003,-2.504561e+002, 4.982237e+002,-2.876918e+001, 2.899788e+001, 3.312517e+002, 0.000000e+000, 0.000000e+000, 0.000000e+000
 4.401500e-001,-1.593040e+003, 3.028157e+003,-1.776979e+002, 3.259810e+002,-2.982026e+001, 3.145639e+001, 1.490227e+002, 0.000000e+000, 0.000000e+000, 0.000000e+000
 4.402000e-001,-1.597426e+003, 2.998183e+003,-1.221220e+002, 1.535605e+002,-3.087803e+001, 3.388197e+001,-3.241409e+001, 0.000000e+000, 0.000000e+000, 0.000000e+000
 4.402500e-001,-1.656850e+003, 2.967016e+003,-4.993212e+001,-1.885902e+001,-3.190759e+001, 3.631918e+001,-2.146358e+002, 0.000000e+000, 0.000000e+000, 0.000000e+000
 4.403000e-001,-1.658418e+003, 2.935424e+003, 6.400640e+000,-1.913282e+002,-3.294237e+001, 3.872031e+001,-3.959935e+002, 0.000000e+000, 0.000000e+000, 0.000000e+000
 4.403500e-001,-1.718231e+003, 2.901649e+003, 7.788623e+001,-3.636804e+002,-3.394754e+001, 4.113297e+001,-5.779521e+002, 0.000000e+000, 0.000000e+000, 0.000000e+000
 4.404000e-001,-1.717122e+003, 2.868482e+003, 1.349251e+002,-5.359537e+002,-3.495630e+001, 4.350674e+001,-7.589779e+002, 0.000000e+000, 0.000000e+000, 0.000000e+000
 4.404500e-001,-1.777091e+003, 2.832151e+003, 2.055803e+002,-7.079942e+002,-3.593425e+001, 4.589160e+001,-9.404186e+002, 0.000000e+000, 0.000000e+000, 0.000000e+000
 4.405000e-001,-1.773457e+003, 2.797447e+003, 2.632644e+002,-8.798273e+002,-3.691401e+001, 4.823512e+001,-1.120860e+003, 0.000000e+000, 0.000000e+000, 0.000000e+000
 4.405500e-001,-1.833345e+003, 2.758622e+003, 3.329733e+002,-1.051312e+003,-3.786197e+001, 5.058894e+001,-1.301529e+003, 0.000000e+000, 0.000000e+000, 0.000000e+000
 4.406000e-001,-1.827347e+003, 2.722420e+003, 3.912321e+002,-1.222461e+003,-3.880980e+001, 5.289929e+001,-1.481134e+003, 0.000000e+000, 0.000000e+000, 0.000000e+000
 4.406500e-001,-1.886911e+003, 2.681171e+003, 4.598886e+002,-1.393148e+003,-3.972507e+001, 5.521886e+001,-1.660780e+003, 0.000000e+000, 0.000000e+000, 0.000000e+000
 4.407000e-001,-1.878717e+003, 2.643504e+003, 5.186424e+002,-1.563370e+003,-4.063812e+001, 5.749316e+001,-1.839297e+003, 0.000000e+000, 0.000000e+000, 0.000000e+000
 4.407500e-001,-1.937714e+003, 2.599910e+003, 5.861501e+002,-1.733015e+003,-4.151810e+001, 5.977530e+001,-2.017669e+003, 0.000000e+000, 0.000000e+000, 0.000000e+000
 4.408000e-001,-1.927495e+003, 2.560810e+003, 6.453104e+002,-1.902069e+003,-4.239364e+001, 6.201067e+001,-2.194848e+003, 0.000000e+000, 0.000000e+000, 0.000000e+000
 4.408500e-001,-1.985678e+003, 2.514957e+003, 7.115820e+002,-2.070432e+003,-4.323584e+001, 6.425224e+001,-2.371698e+003, 0.000000e+000, 0.000000e+000, 0.000000e+000
 4.409000e-001,-1.973615e+003, 2.474453e+003, 7.710532e+002,-2.238077e+003,-4.407127e+001, 6.644585e+001,-2.547292e+003, 0.000000e+000, 0.000000e+000, 0.000000e+000
 4.409500e-001,-2.030738e+003, 2.426437e+003, 8.360092e+002,-2.404921e+003,-4.487333e+001, 6.864379e+001,-2.722375e+003, 0.000000e+000, 0.000000e+000, 0.000000e+000
 4.410000e-001,-2.017010e+003, 2.384555e+003, 8.956890e+002,-2.570919e+003,-4.566620e+001, 7.079281e+001,-2.896135e+003, 0.000000e+000, 0.000000e+000, 0.000000e+000
 4.410500e-001,-2.072829e+003, 2.334477e+003, 9.592575e+002,-2.736005e+003,-4.642589e+001, 7.294412e+001,-3.069208e+003, 0.000000e+000, 0.000000e+000, 0.000000e+000
 4.411000e-001,-2.057620e+003, 2.291242e+003, 1.019039e+003,-2.900121e+003,-4.717395e+001, 7.504577e+001,-3.240890e+003, 0.000000e+000, 0.000000e+000, 0.000000e+000
 4.411500e-001,-2.111892e+003, 2.239210e+003, 1.081154e+003,-3.063214e+003,-4.788923e+001, 7.714754e+001,-3.411713e+003, 0.000000e+000, 0.000000e+000, 0.000000e+000
 4.412000e-001,-2.095387e+003, 2.194647e+003, 1.140926e+003,-3.225215e+003,-4.859039e+001, 7.919907e+001,-3.581076e+003, 0.000000e+000, 0.000000e+000, 0.000000e+000
 4.412500e-001,-2.147874e+003, 2.140775e+003, 1.201525e+003,-3.386085e+003,-4.925938e+001, 8.124848e+001,-3.749411e+003, 0.000000e+000, 0.000000e+000, 0.000000e+000
 4.413000e-001,-2.130257e+003, 2.094906e+003, 1.261176e+003,-3.545740e+003,-4.991180e+001, 8.324720e+001,-3.916215e+003, 0.000000e+000, 0.000000e+000, 0.000000e+000
 4.413500e-001,-2.180725e+003, 2.039313e+003, 1.320202e+003,-3.704156e+003,-5.053284e+001, 8.524151e+001,-4.081830e+003, 0.000000e+000, 0.000000e+000, 0.000000e+000
 4.414000e-001,-2.162178e+003, 1.992163e+003, 1.379619e+003,-3.861239e+003,-5.113490e+001, 8.718476e+001,-4.245837e+003, 0.000000e+000, 0.000000e+000, 0.000000e+000
 4.414500e-001,-2.210400e+003, 1.934970e+003, 1.437016e+003,-4.016977e+003,-5.170653e+001, 8.912133e+001,-4.408502e+003, 0.000000e+000, 0.000000e+000, 0.000000e+000
 4.415000e-001,-2.191106e+003, 1.886563e+003, 1.496086e+003,-4.171264e+003,-5.225686e+001, 9.100651e+001,-4.569481e+003, 0.000000e+000, 0.000000e+000, 0.000000e+000
 4.415500e-001,-2.236861e+003, 1.827896e+003, 1.551799e+003,-4.324103e+003,-5.277784e+001, 9.288280e+001,-4.728970e+003, 0.000000e+000, 0.000000e+000, 0.000000e+000
 4.416000e-001,-2.216996e+003, 1.778259e+003, 1.610413e+003,-4.475374e+003,-5.327536e+001, 9.470735e+001,-4.886690e+003, 0.000000e+000, 0.000000e+000, 0.000000e+000
 4.416500e-001,-2.260072e+003, 1.718243e+003, 1.664388e+003,-4.625095e+003,-5.374469e+001, 9.652091e+001,-5.042782e+003, 0.000000e+000, 0.000000e+000, 0.000000e+000
 4.417000e-001,-2.239809e+003, 1.667407e+003, 1.722439e+003,-4.773135e+003,-5.418857e+001, 9.828234e+001,-5.197020e+003, 0.000000e+000, 0.000000e+000, 0.000000e+000
 4.417500e-001,-2.280005e+003, 1.606168e+003, 1.774620e+003,-4.919527e+003,-5.460550e+001, 1.000308e+002,-5.349496e+003, 0.000000e+000, 0.000000e+000, 0.000000e+000
 4.418000e-001,-2.259511e+003, 1.554167e+003, 1.832008e+003,-5.064125e+003,-5.499522e+001, 1.017267e+002,-5.500031e+003, 0.000000e+000, 0.000000e+000, 0.000000e+000
 4.418500e-001,-2.296633e+003, 1.491829e+003, 1.882337e+003,-5.206978e+003,-5.535923e+001, 1.034077e+002,-5.648680e+003, 0.000000e+000, 0.000000e+000, 0.000000e+000
 4.419000e-001,-2.276072e+003, 1.438703e+003, 1.938967e+003,-5.347929e+003,-5.569455e+001, 1.050356e+002,-5.795296e+003, 0.000000e+000, 0.000000e+000, 0.000000e+000
 4.419500e-001,-2.309939e+003, 1.375388e+003, 1.987383e+003,-5.487039e+003,-5.600539e+001, 1.066471e+002,-5.939911e+003, 0.000000e+000, 0.000000e+000, 0.000000e+000
 4.420000e-001,-2.289464e+003, 1.321184e+003, 2.043166e+003,-5.624142e+003,-5.628636e+001, 1.082047e+002,-6.082396e+003, 0.000000e+000, 0.000000e+000, 0.000000e+000
 4.420500e-001,-2.319906e+003, 1.257011e+003, 2.089608e+003,-5.759311e+003,-5.654404e+001, 1.097443e+002,-6.222775e+003, 0.000000e+000, 0.000000e+000, 0.000000e+000
 4.421000e-001,-2.299665e+003, 1.201781e+003, 2.144460e+003,-5.892371e+003,-5.677099e+001, 1.112293e+002,-6.360926e+003, 0.000000e+000, 0.000000e+000, 0.000000e+000
 4.421500e-001,-2.326525e+003, 1.136862e+003, 2.188862e+003,-6.023406e+003,-5.697578e+001, 1.126951e+002,-6.496871e+003, 0.000000e+000, 0.000000e+000, 0.000000e+000
 4.422000e-001,-2.306656e+003, 1.080667e+003, 2.242710e+003,-6.152233e+003,-5.714931e+001, 1.141053e+002,-6.630488e+003, 0.000000e+000, 0.000000e+000, 0.000000e+000
 4.422500e-001,-2.329792e+003, 1.015112e+003, 2.285003e+003,-6.278947e+003,-5.730173e+001, 1.154951e+002,-6.761809e+003, 0.000000e+000, 0.000000e+000, 0.000000e+000
 4.423000e-001,-2.310424e+003, 9.580202e+002, 2.337778e+003,-6.403357e+003,-5.742273e+001, 1.168282e+002,-6.890700e+003, 0.000000e+000, 0.000000e+000, 0.000000e+000
 4.423500e-001,-2.329706e+003, 8.919309e+002, 2.377892e+003,-6.525569e+003,-5.752352e+001, 1.181401e+002,-7.017211e+003, 0.000000e+000, 0.000000e+000, 0.000000e+000
 4.424000e-001,-2.310959e+003, 8.340193e+002, 2.429532e+003,-6.645386e+003,-5.759312e+001, 1.193940e+002,-7.141188e+003, 0.000000e+000, 0.000000e+000, 0.000000e+000
 4.424500e-001,-2.326273e+003, 7.674913e+002, 2.467396e+003,-6.762922e+003,-5.764327e+001, 1.206260e+002,-7.262712e+003, 0.000000e+000, 0.000000e+000, 0.000000e+000
 4.425000e-001,-2.308256e+003, 7.088455e+002, 2.517845e+003,-6.877974e+003,-5.766283e+001, 1.217985e+002,-7.381597e+003, 0.000000e+000, 0.000000e+000, 0.000000e+000
 4.425500e-001,-2.319503e+003, 6.419673e+002, 2.553385e+003,-6.990665e+003,-5.766354e+001, 1.229485e+002,-7.497960e+003, 0.000000e+000, 0.000000e+000, 0.000000e+000
 4.426000e-001,-2.302314e+003, 5.826815e+002, 2.602593e+003,-7.100788e+003,-5.763463e+001, 1.240378e+002,-7.611580e+003, 0.000000e+000, 0.000000e+000, 0.000000e+000
 4.426500e-001,-2.309411e+003, 5.155345e+002, 2.635738e+003,-7.208474e+003,-5.758731e+001, 1.251039e+002,-7.722618e+003, 0.000000e+000, 0.000000e+000, 0.000000e+000
 4.427000e-001,-2.293135e+003, 4.557112e+002, 2.683657e+003,-7.313511e+003,-5.751168e+001, 1.261078e+002,-7.830807e+003, 0.000000e+000, 0.000000e+000, 0.000000e+000
 4.427500e-001,-2.296016e+003, 3.883696e+002, 2.714336e+003,-7.416037e+003,-5.741791e+001, 1.270880e+002,-7.936362e+003, 0.000000e+000, 0.000000e+000, 0.000000e+000
 4.428000e-001,-2.280729e+003, 3.281195e+002, 2.760924e+003,-7.515838e+003,-5.729747e+001, 1.280047e+002,-8.038964e+003, 0.000000e+000, 0.000000e+000, 0.000000e+000
 4.428500e-001,-2.279344e+003, 2.606502e+002, 2.789070e+003,-7.613057e+003,-5.715897e+001, 1.288971e+002,-8.138884e+003, 0.000000e+000, 0.000000e+000, 0.000000e+000
 4.429000e-001,-2.265106e+003, 2.000915e+002, 2.834282e+003,-7.707480e+003,-5.699577e+001, 1.297247e+002,-8.235748e+003, 0.000000e+000, 0.000000e+000, 0.000000e+000
 4.429500e-001,-2.259422e+003, 1.325549e+002, 2.859833e+003,-7.799254e+003,-5.681440e+001, 1.305274e+002,-8.329891e+003, 0.000000e+000, 0.000000e+000, 0.000000e+000
 4.430000e-001,-2.246284e+003, 7.181278e+001, 2.903630e+003,-7.888164e+003,-5.661056e+001, 1.312642e+002,-8.420877e+003, 0.000000e+000, 0.000000e+000, 0.000000e+000
 4.430500e-001,-2.236286e+003, 4.263149e+000, 2.926527e+003,-7.974360e+003,-5.638830e+001, 1.319753e+002,-8.509105e+003, 0.000000e+000, 0.000000e+000, 0.000000e+000
 4.431000e-001,-2.224283e+003,-5.653160e+001, 2.968865e+003,-8.057629e+003,-5.614599e+001, 1.326195e+002,-8.594080e+003, 0.000000e+000, 0.000000e+000, 0.000000e+000
 4.431500e-001,-2.209973e+003,-1.240455e+002, 2.989060e+003,-8.138126e+003,-5.588488e+001, 1.332373e+002,-8.676267e+003, 0.000000e+000, 0.000000e+000, 0.000000e+000
 4.432000e-001,-2.199128e+003,-1.847570e+002, 3.029894e+003,-8.215637e+003,-5.560633e+001, 1.337873e+002,-8.755106e+003, 0.000000e+000, 0.000000e+000, 0.000000e+000
 4.432500e-001,-2.180528e+003,-2.521910e+002, 3.047345e+003,-8.290316e+003,-5.530844e+001, 1.343101e+002,-8.831131e+003, 0.000000e+000, 0.000000e+000, 0.000000e+000
 4.433000e-001,-2.170849e+003,-3.126797e+002, 3.086628e+003,-8.361957e+003,-5.499587e+001, 1.347645e+002,-8.903722e+003, 0.000000e+000, 0.000000e+000, 0.000000e+000
 4.433500e-001,-2.147996e+003,-3.799932e+002, 3.101304e+003,-8.430715e+003,-5.466330e+001, 1.351904e+002,-8.973473e+003, 0.000000e+000, 0.000000e+000, 0.000000e+000
 4.434000e-001,-2.139480e+003,-4.401170e+002, 3.138981e+003,-8.496384e+003,-5.431886e+001, 1.355478e+002,-9.039706e+003, 0.000000e+000, 0.000000e+000, 0.000000e+000
 4.434500e-001,-2.112430e+003,-5.072722e+002, 3.150863e+003,-8.559120e+003,-5.395371e+001, 1.358755e+002,-9.103081e+003, 0.000000e+000, 0.000000e+000, 0.000000e+000
 4.435000e-001,-2.105059e+003,-5.668879e+002, 3.186878e+003,-8.618723e+003,-5.357951e+001, 1.361347e+002,-9.162862e+003, 0.000000e+000, 0.000000e+000, 0.000000e+000
 4.435500e-001,-2.073885e+003,-6.338484e+002, 3.195956e+003,-8.675348e+003,-5.318381e+001, 1.363626e+002,-9.219767e+003, 0.000000e+000, 0.000000e+000, 0.000000e+000
 4.436000e-001,-2.067628e+003,-6.928129e+002, 3.230244e+003,-8.728800e+003,-5.278185e+001, 1.365226e+002,-9.273007e+003, 0.000000e+000, 0.000000e+000, 0.000000e+000
 4.436500e-001,-2.032423e+003,-7.595430e+002, 3.236523e+003,-8.779231e+003,-5.235757e+001, 1.366494e+002,-9.323355e+003, 0.000000e+000, 0.000000e+000, 0.000000e+000
 4.437000e-001,-2.027235e+003,-8.177145e+002, 3.269014e+003,-8.826457e+003,-5.192976e+001, 1.367093e+002,-9.369977e+003, 0.000000e+000, 0.000000e+000, 0.000000e+000
 4.437500e-001,-1.988105e+003,-8.841776e+002, 3.272511e+003,-8.870624e+003,-5.147878e+001, 1.367339e+002,-9.413694e+003, 0.000000e+000, 0.000000e+000, 0.000000e+000
 4.438000e-001,-1.983931e+003,-9.414173e+002, 3.303127e+003,-8.911555e+003,-5.102684e+001, 1.366930e+002,-9.453628e+003, 0.000000e+000, 0.000000e+000, 0.000000e+000
 4.438500e-001,-1.941001e+003,-1.007575e+003, 3.303873e+003,-8.949395e+003,-5.055094e+001, 1.366145e+002,-9.490646e+003, 0.000000e+000, 0.000000e+000, 0.000000e+000
 4.439000e-001,-1.937770e+003,-1.063748e+003, 3.332530e+003,-8.983973e+003,-5.007644e+001, 1.364724e+002,-9.523834e+003, 0.000000e+000, 0.000000e+000, 0.000000e+000
 4.439500e-001,-1.891182e+003,-1.129560e+003, 3.330569e+003,-9.015430e+003,-4.957725e+001, 1.362901e+002,-9.554098e+003, 0.000000e+000, 0.000000e+000, 0.000000e+000
 4.440000e-001,-1.888812e+003,-1.184537e+003, 3.357176e+003,-9.043605e+003,-4.908159e+001, 1.360464e+002,-9.580489e+003, 0.000000e+000, 0.000000e+000, 0.000000e+000
 4.440500e-001,-1.838723e+003,-1.249959e+003, 3.352565e+003,-9.068636e+003,-4.856059e+001, 1.357598e+002,-9.603950e+003, 0.000000e+000, 0.000000e+000, 0.000000e+000
 4.441000e-001,-1.837122e+003,-1.303616e+003, 3.377024e+003,-9.090370e+003,-4.804500e+001, 1.354145e+002,-9.623507e+003, 0.000000e+000, 0.000000e+000, 0.000000e+000
 4.441500e-001,-1.783702e+003,-1.368598e+003, 3.369833e+003,-9.108938e+003,-4.750350e+001, 1.350234e+002,-9.640126e+003, 0.000000e+000, 0.000000e+000, 0.000000e+000
 4.442000e-001,-1.782767e+003,-1.420821e+003, 3.392042e+003,-9.124200e+003,-4.696898e+001, 1.345766e+002,-9.652818e+003, 0.000000e+000, 0.000000e+000, 0.000000e+000
 4.442500e-001,-1.726202e+003,-1.485309e+003, 3.382351e+003,-9.136277e+003,-4.640813e+001, 1.340810e+002,-9.662569e+003, 0.000000e+000, 0.000000e+000, 0.000000e+000
 4.443000e-001,-1.725819e+003,-1.535988e+003, 3.402205e+003,-9.145046e+003,-4.585552e+001, 1.335333e+002,-9.668377e+003, 0.000000e+000, 0.000000e+000, 0.000000e+000
 4.443500e-001,-1.666308e+003,-1.599924e+003, 3.390104e+003,-9.150617e+003,-4.527628e+001, 1.329336e+002,-9.671240e+003, 0.000000e+000, 0.000000e+000, 0.000000e+000
 4.444000e-001,-1.666355e+003,-1.648960e+003, 3.407492e+003,-9.152880e+003,-4.470619e+001, 1.322856e+002,-9.670155e+003, 0.000000e+000, 0.000000e+000, 0.000000e+000
 4.444500e-001,-1.604107e+003,-1.712278e+003, 3.393083e+003,-9.151938e+003,-4.410935e+001, 1.315824e+002,-9.666124e+003, 0.000000e+000, 0.000000e+000, 0.000000e+000
 4.445000e-001,-1.604454e+003,-1.759581e+003, 3.407894e+003,-9.147691e+003,-4.352222e+001, 1.308350e+002,-9.658146e+003, 0.000000e+000, 0.000000e+000, 0.000000e+000
 4.445500e-001,-1.539691e+003,-1.822210e+003, 3.391286e+003,-9.140236e+003,-4.290838e+001, 1.300291e+002,-9.647221e+003, 0.000000e+000, 0.000000e+000, 0.000000e+000
 4.446000e-001,-1.540200e+003,-1.867699e+003, 3.403407e+003,-9.129488e+003,-4.230449e+001, 1.291836e+002,-9.632359e+003, 0.000000e+000, 0.000000e+000, 0.000000e+000
 4.446500e-001,-1.473153e+003,-1.929561e+003, 3.384714e+003,-9.115532e+003,-4.167407e+001, 1.282764e+002,-9.614554e+003, 0.000000e+000, 0.000000e+000, 0.000000e+000
 4.447000e-001,-1.473681e+003,-1.973164e+003, 3.394035e+003,-9.098298e+003,-4.105349e+001, 1.273340e+002,-9.592831e+003, 0.000000e+000, 0.000000e+000, 0.000000e+000
 4.447500e-001,-1.404591e+003,-2.034177e+003, 3.373377e+003,-9.077860e+003,-4.040676e+001, 1.263270e+002,-9.568167e+003, 0.000000e+000, 0.000000e+000, 0.000000e+000
 4.448000e-001,-1.404989e+003,-2.075832e+003, 3.379791e+003,-9.054166e+003,-3.976944e+001, 1.252896e+002,-9.539611e+003, 0.000000e+000, 0.000000e+000, 0.000000e+000
 4.448500e-001,-1.334103e+003,-2.135908e+003, 3.357291e+003,-9.027276e+003,-3.910651e+001, 1.241845e+002,-9.508122e+003, 0.000000e+000, 0.000000e+000, 0.000000e+000
 4.449000e-001,-1.334219e+003,-2.175560e+003, 3.360693e+003,-8.997155e+003,-3.845226e+001, 1.230539e+002,-9.472775e+003, 0.000000e+000, 0.000000e+000, 0.000000e+000
 4.449500e-001,-1.261789e+003,-2.234607e+003, 3.336477e+003,-8.963854e+003,-3.777309e+001, 1.218530e+002,-9.434503e+003, 0.000000e+000, 0.000000e+000, 0.000000e+000
 4.450000e-001,-1.261470e+003,-2.272211e+003, 3.336770e+003,-8.927351e+003,-3.710160e+001, 1.206313e+002,-9.392414e+003, 0.000000e+000, 0.000000e+000, 0.000000e+000
 4.450500e-001,-1.187755e+003,-2.330132e+003, 3.310961e+003,-8.887685e+003,-3.640602e+001, 1.193369e+002,-9.347412e+003, 0.000000e+000, 0.000000e+000, 0.000000e+000
 4.451000e-001,-1.186844e+003,-2.365651e+003, 3.308056e+003,-8.844851e+003,-3.571691e+001, 1.180265e+002,-9.298642e+003, 0.000000e+000, 0.000000e+000, 0.000000e+000
 4.451500e-001,-1.112104e+003,-2.422347e+003, 3.280776e+003,-8.798878e+003,-3.500465e+001, 1.166413e+002,-9.246974e+003, 0.000000e+000, 0.000000e+000, 0.000000e+000
 4.452000e-001,-1.110446e+003,-2.455750e+003, 3.274595e+003,-8.749776e+003,-3.429745e+001, 1.152447e+002,-9.191590e+003, 0.000000e+000, 0.000000e+000, 0.000000e+000
 4.452500e-001,-1.034944e+003,-2.511120e+003, 3.245963e+003,-8.697562e+003,-3.356815e+001, 1.137714e+002,-9.133329e+003, 0.000000e+000, 0.000000e+000, 0.000000e+000
 4.453000e-001,-1.032385e+003,-2.542381e+003, 3.236436e+003,-8.642263e+003,-3.284235e+001, 1.122913e+002,-9.071413e+003, 0.000000e+000, 0.000000e+000, 0.000000e+000
 4.453500e-001,-9.563838e+002,-2.596323e+003, 3.206567e+003,-8.583883e+003,-3.209558e+001, 1.107332e+002,-9.006643e+003, 0.000000e+000, 0.000000e+000, 0.000000e+000
 4.454000e-001,-9.527733e+002,-2.625423e+003, 3.193638e+003,-8.522466e+003,-3.135066e+001, 1.091725e+002,-8.938281e+003, 0.000000e+000, 0.000000e+000, 0.000000e+000
 4.454500e-001,-8.765343e+002,-2.677835e+003, 3.162638e+003,-8.458005e+003,-3.058594e+001, 1.075328e+002,-8.867096e+003, 0.000000e+000, 0.000000e+000, 0.000000e+000
 4.455000e-001,-8.717247e+002,-2.704759e+003, 3.146266e+003,-8.390558e+003,-2.982137e+001, 1.058945e+002,-8.792388e+003, 0.000000e+000, 0.000000e+000, 0.000000e+000
 4.455500e-001,-7.955071e+002,-2.755541e+003, 3.114234e+003,-8.320107e+003,-2.903820e+001, 1.041767e+002,-8.714890e+003, 0.000000e+000, 0.000000e+000, 0.000000e+000
 4.456000e-001,-7.893566e+002,-2.780276e+003, 3.094391e+003,-8.246728e+003,-2.825347e+001, 1.024640e+002,-8.633941e+003, 0.000000e+000, 0.000000e+000, 0.000000e+000
 4.456500e-001,-7.134153e+002,-2.829330e+003, 3.061418e+003,-8.170388e+003,-2.745136e+001, 1.006716e+002,-8.550243e+003, 0.000000e+000, 0.000000e+000, 0.000000e+000
 4.457000e-001,-7.057888e+002,-2.851867e+003, 3.038094e+003,-8.091181e+003,-2.664600e+001, 9.888760e+001,-8.463172e+003, 0.000000e+000, 0.000000e+000, 0.000000e+000
 4.457500e-001,-6.303730e+002,-2.899098e+003, 3.004261e+003,-8.009063e+003,-2.582447e+001, 9.702447e+001,-8.373396e+003, 0.000000e+000, 0.000000e+000, 0.000000e+000
 4.458000e-001,-6.211432e+002,-2.919428e+003, 2.977459e+003,-7.924141e+003,-2.499809e+001, 9.517247e+001,-8.280326e+003, 0.000000e+000, 0.000000e+000, 0.000000e+000
 4.458500e-001,-5.464956e+002,-2.964748e+003, 2.942837e+003,-7.836362e+003,-2.415670e+001, 9.324233e+001,-8.184604e+003, 0.000000e+000, 0.000000e+000, 0.000000e+000
 4.459000e-001,-5.355441e+002,-2.982861e+003, 2.912580e+003,-7.745847e+003,-2.330899e+001, 9.132574e+001,-8.085669e+003, 0.000000e+000, 0.000000e+000, 0.000000e+000
 4.459500e-001,-4.618988e+002,-3.026186e+003, 2.877228e+003,-7.652533e+003,-2.244735e+001, 8.933245e+001,-7.984142e+003, 0.000000e+000, 0.000000e+000, 0.000000e+000
 4.460000e-001,-4.491175e+002,-3.042076e+003, 2.843555e+003,-7.556553e+003,-2.157809e+001, 8.735464e+001,-7.879484e+003, 0.000000e+000, 0.000000e+000, 0.000000e+000
 4.460500e-001,-3.766993e+002,-3.083327e+003, 2.807521e+003,-7.457837e+003,-2.069592e+001, 8.530210e+001,-7.772300e+003, 0.000000e+000, 0.000000e+000, 0.000000e+000
 4.461000e-001,-3.619911e+002,-3.096983e+003, 2.770489e+003,-7.356530e+003,-1.980502e+001, 8.326650e+001,-7.662071e+003, 0.000000e+000, 0.000000e+000, 0.000000e+000
 4.461500e-001,-2.910143e+002,-3.136092e+003, 2.733809e+003,-7.252554e+003,-1.890213e+001, 8.115861e+001,-7.549388e+003, 0.000000e+000, 0.000000e+000, 0.000000e+000
 4.462000e-001,-2.742939e+002,-3.147504e+003, 2.693493e+003,-7.146064e+003,-1.798959e+001, 7.906863e+001,-7.433746e+003, 0.000000e+000, 0.000000e+000, 0.000000e+000
 4.462500e-001,-2.049613e+002,-3.184407e+003, 2.656193e+003,-7.036975e+003,-1.706592e+001, 7.690926e+001,-7.315730e+003, 0.000000e+000, 0.000000e+000, 0.000000e+000
 4.463000e-001,-1.861566e+002,-3.193562e+003, 2.612683e+003,-6.925455e+003,-1.613191e+001, 7.476830e+001,-7.194840e+003, 0.000000e+000, 0.000000e+000, 0.000000e+000
 4.463500e-001,-1.186580e+002,-3.228205e+003, 2.574777e+003,-6.811409e+003,-1.518752e+001, 7.256131e+001,-7.071665e+003, 0.000000e+000, 0.000000e+000, 0.000000e+000
 4.464000e-001,-9.771032e+001,-3.235089e+003, 2.528180e+003,-6.695016e+003,-1.423236e+001, 7.037276e+001,-6.945702e+003, 0.000000e+000, 0.000000e+000, 0.000000e+000
 4.464500e-001,-3.222235e+001,-3.267426e+003, 2.489671e+003,-6.576176e+003,-1.326746e+001, 6.812195e+001,-6.817548e+003, 0.000000e+000, 0.000000e+000, 0.000000e+000
 4.465000e-001,-9.087311e+000,-3.272023e+003, 2.440110e+003,-6.455076e+003,-1.229159e+001, 6.588916e+001,-6.686693e+003, 0.000000e+000, 0.000000e+000, 0.000000e+000
 4.465500e-001, 5.422786e+001,-3.302014e+003, 2.400993e+003,-6.331612e+003,-1.130658e+001, 6.359826e+001,-6.553750e+003, 0.000000e+000, 0.000000e+000, 0.000000e+000
 4.466000e-001, 7.957985e+001,-3.304308e+003, 2.348606e+003,-6.205977e+003,-1.031063e+001, 6.132454e+001,-6.418191e+003, 0.000000e+000, 0.000000e+000, 0.000000e+000
 4.466500e-001, 1.405749e+002,-3.331923e+003, 2.308865e+003,-6.078063e+003,-9.306045e+000, 5.899720e+001,-6.280654e+003, 0.000000e+000, 0.000000e+000, 0.000000e+000
 4.467000e-001, 1.681583e+002,-3.331895e+003, 2.253802e+003,-5.948072e+003,-8.290790e+000, 5.668582e+001,-6.140585e+003, 0.000000e+000, 0.000000e+000, 0.000000e+000
 4.467500e-001, 2.267014e+002,-3.357110e+003, 2.213414e+003,-5.815891e+003,-7.267373e+000, 5.432561e+001,-5.998655e+003, 0.000000e+000, 0.000000e+000, 0.000000e+000
 4.468000e-001, 2.565153e+002,-3.354741e+003, 2.155837e+003,-5.681728e+003,-6.233757e+000, 5.197978e+001,-5.854278e+003, 0.000000e+000, 0.000000e+000, 0.000000e+000
 4.468500e-001, 3.124903e+002,-3.377540e+003, 2.114773e+003,-5.545468e+003,-5.192427e+000, 4.959018e+001,-5.708164e+003, 0.000000e+000, 0.000000e+000, 0.000000e+000
 4.469000e-001, 3.445181e+002,-3.372812e+003, 2.054856e+003,-5.407323e+003,-4.141556e+000, 4.721307e+001,-5.559685e+003, 0.000000e+000, 0.000000e+000, 0.000000e+000
 4.469500e-001, 3.978252e+002,-3.393185e+003, 2.013080e+003,-5.267178e+003,-3.083425e+000, 4.479747e+001,-5.409600e+003, 0.000000e+000, 0.000000e+000, 0.000000e+000
 4.470000e-001, 4.320348e+002,-3.386080e+003, 1.951005e+003,-5.125248e+003,-2.016567e+000, 4.239222e+001,-5.257232e+003, 0.000000e+000, 0.000000e+000, 0.000000e+000
 4.470500e-001, 4.825903e+002,-3.404021e+003, 1.908478e+003,-4.981416e+003,-9.429402e-001, 3.995390e+001,-5.103394e+003, 0.000000e+000, 0.000000e+000, 0.000000e+000
 4.471000e-001, 5.189341e+002,-3.394525e+003, 1.844434e+003,-4.835901e+003, 1.384759e-001, 3.752359e+001,-4.947357e+003, 0.000000e+000, 0.000000e+000, 0.000000e+000
 4.471500e-001, 5.666705e+002,-3.410033e+003, 1.801115e+003,-4.688587e+003, 1.226104e+000, 3.506575e+001,-4.789990e+003, 0.000000e+000, 0.000000e+000, 0.000000e+000
 4.472000e-001, 6.050858e+002,-3.398133e+003, 1.735297e+003,-4.539693e+003, 2.320493e+000, 3.261346e+001,-4.630506e+003, 0.000000e+000, 0.000000e+000, 0.000000e+000
 4.472500e-001, 6.499518e+002,-3.411210e+003, 1.691143e+003,-4.389106e+003, 3.420437e+000, 3.013919e+001,-4.469838e+003, 0.000000e+000, 0.000000e+000, 0.000000e+000
 4.473000e-001, 6.903607e+002,-3.396899e+003, 1.623749e+003,-4.237045e+003, 4.526064e+000, 2.766796e+001,-4.307136e+003, 0.000000e+000, 0.000000e+000, 0.000000e+000
 4.473500e-001, 7.323211e+002,-3.407549e+003, 1.578719e+003,-4.083398e+003, 5.636454e+000, 2.518032e+001,-4.143399e+003, 0.000000e+000, 0.000000e+000, 0.000000e+000
 4.474000e-001, 7.746314e+002,-3.390824e+003, 1.509949e+003,-3.928385e+003, 6.751438e+000, 2.269317e+001,-3.977710e+003, 0.000000e+000, 0.000000e+000, 0.000000e+000
 4.474500e-001, 8.136666e+002,-3.399053e+003, 1.464004e+003,-3.771897e+003, 7.870229e+000, 2.019511e+001,-3.811141e+003, 0.000000e+000, 0.000000e+000, 0.000000e+000
 4.475000e-001, 8.577722e+002,-3.379917e+003, 1.394059e+003,-3.614150e+003, 8.992551e+000, 1.769507e+001,-3.642701e+003, 0.000000e+000, 0.000000e+000, 0.000000e+000
 4.475500e-001, 8.938774e+002,-3.385731e+003, 1.347164e+003,-3.455042e+003, 1.011753e+001, 1.518951e+001,-3.473539e+003, 0.000000e+000, 0.000000e+000, 0.000000e+000
 4.476000e-001, 9.396591e+002,-3.364195e+003, 1.276241e+003,-3.294786e+003, 1.124504e+001, 1.267959e+001,-3.302589e+003, 0.000000e+000, 0.000000e+000, 0.000000e+000
 4.476500e-001, 9.728446e+002,-3.367598e+003, 1.228366e+003,-3.133284e+003, 1.237383e+001, 1.016941e+001,-3.131075e+003, 0.000000e+000, 0.000000e+000, 0.000000e+000
 4.477000e-001, 1.020171e+003,-3.343683e+003, 1.156659e+003,-2.970745e+003, 1.350426e+001, 7.652659e+000,-2.957859e+003, 0.000000e+000, 0.000000e+000, 0.000000e+000
 4.477500e-001, 1.050460e+003,-3.344678e+003, 1.107782e+003,-2.807078e+003, 1.463435e+001, 5.140675e+000,-2.784238e+003, 0.000000e+000, 0.000000e+000, 0.000000e+000
 4.478000e-001, 1.099187e+003,-3.318409e+003, 1.035482e+003,-2.642486e+003, 1.576531e+001, 2.620157e+000,-2.609001e+003, 0.000000e+000, 0.000000e+000, 0.000000e+000
 4.478500e-001, 1.126619e+003,-3.316998e+003, 9.855883e+002,-2.476885e+003, 1.689406e+001, 1.091911e-001,-2.433521e+003, 0.000000e+000, 0.000000e+000, 0.000000e+000
 4.479000e-001, 1.176592e+003,-3.288415e+003, 9.128772e+002,-2.310473e+003, 1.802307e+001,-2.412011e+000,-2.256512e+003, 0.000000e+000, 0.000000e+000, 0.000000e+000
 4.479500e-001, 1.201216e+003,-3.284594e+003, 8.619611e+002,-2.143174e+003, 1.914772e+001,-4.919150e+000,-2.079421e+003, 0.000000e+000, 0.000000e+000, 0.000000e+000
 4.480000e-001, 1.252272e+003,-3.253743e+003, 7.890143e+002,-1.975177e+003, 2.027219e+001,-7.437917e+000,-1.900891e+003, 0.000000e+000, 0.000000e+000, 0.000000e+000
 4.480500e-001, 1.274148e+003,-3.247507e+003, 7.370807e+002,-1.806417e+003, 2.138989e+001,-9.938419e+000,-1.722439e+003, 0.000000e+000, 0.000000e+000, 0.000000e+000
 4.481000e-001, 1.326115e+003,-3.214447e+003, 6.640646e+002,-1.637074e+003, 2.250717e+001,-1.245160e+001,-1.542642e+003, 0.000000e+000, 0.000000e+000, 0.000000e+000
 4.481500e-001, 1.345317e+003,-3.205787e+003, 6.111293e+002,-1.467090e+003, 2.361498e+001,-1.494264e+001,-1.363080e+003, 0.000000e+000, 0.000000e+000, 0.000000e+000
 4.482000e-001, 1.398013e+003,-3.170585e+003, 5.382005e+002,-1.296641e+003, 2.472234e+001,-1.744705e+001,-1.182269e+003, 0.000000e+000, 0.000000e+000, 0.000000e+000
 4.482500e-001, 1.414624e+003,-3.159488e+003, 4.842906e+002,-1.125676e+003, 2.581728e+001,-1.992579e+001,-1.001850e+003, 0.000000e+000, 0.000000e+000, 0.000000e+000
 4.483000e-001, 1.467862e+003,-3.122224e+003, 4.115956e+002,-9.543602e+002, 2.691195e+001,-2.241820e+001,-8.202813e+002, 0.000000e+000, 0.000000e+000, 0.000000e+000
 4.483500e-001, 1.481972e+003,-3.108672e+003, 3.567495e+002,-7.826557e+002, 2.799099e+001,-2.488179e+001,-6.392579e+002, 0.000000e+000, 0.000000e+000, 0.000000e+000
 4.484000e-001, 1.535561e+003,-3.069433e+003, 2.844243e+002,-6.107174e+002, 2.907013e+001,-2.735895e+001,-4.571877e+002, 0.000000e+000, 0.000000e+000, 0.000000e+000
 4.484500e-001, 1.547270e+003,-3.053408e+003, 2.286921e+002,-4.385168e+002, 3.013023e+001,-2.980449e+001,-2.758128e+002, 0.000000e+000, 0.000000e+000, 0.000000e+000
 4.485000e-001, 1.601011e+003,-3.012292e+003, 1.568620e+002,-2.661992e+002, 3.119100e+001,-3.226313e+001,-9.349823e+001, 0.000000e+000, 0.000000e+000, 0.000000e+000
 4.485500e-001, 1.610425e+003,-2.993771e+003, 1.003049e+002,-9.374655e+001, 3.222913e+001,-3.468770e+001, 8.797534e+001, 0.000000e+000, 0.000000e+000, 0.000000e+000
 4.486000e-001, 1.664118e+003,-2.950884e+003, 2.908466e+001, 7.870625e+001, 3.326867e+001,-3.712454e+001, 2.702772e+002, 0.000000e+000, 0.000000e+000, 0.000000e+000
 4.486500e-001, 1.671350e+003,-2.929844e+003,-2.822537e+001, 2.511665e+002, 3.428181e+001,-3.952520e+001, 4.515968e+002, 0.000000e+000, 0.000000e+000, 0.000000e+000
 4.487000e-001, 1.724792e+003,-2.885299e+003,-9.873089e+001, 4.235100e+002, 3.529728e+001,-4.193695e+001, 6.336289e+002, 0.000000e+000, 0.000000e+000, 0.000000e+000
 4.487500e-001, 1.729960e+003,-2.861714e+003,-1.567119e+002, 5.957334e+002, 3.628247e+001,-4.431071e+001, 8.145426e+002, 0.000000e+000, 0.000000e+000, 0.000000e+000
 4.488000e-001, 1.782946e+003,-2.815632e+003,-2.264075e+002, 7.677234e+002, 3.727103e+001,-4.669408e+001, 9.960486e+002, 0.000000e+000, 0.000000e+000, 0.000000e+000
 4.488500e-001, 1.786173e+003,-2.789477e+003,-2.849687e+002, 9.394656e+002, 3.822540e+001,-4.903798e+001, 1.176305e+003, 0.000000e+000, 0.000000e+000, 0.000000e+000
 4.489000e-001, 1.838498e+003,-2.741983e+003,-3.537676e+002, 1.110858e+003, 3.918426e+001,-5.138971e+001, 1.357030e+003, 0.000000e+000, 0.000000e+000, 0.000000e+000
 4.489500e-001, 1.839908e+003,-2.713235e+003,-4.128102e+002, 1.281875e+003, 4.010501e+001,-5.370074e+001, 1.536379e+003, 0.000000e+000, 0.000000e+000, 0.000000e+000
 4.490000e-001, 1.891370e+003,-2.664458e+003,-4.806336e+002, 1.452427e+003, 4.103144e+001,-5.601758e+001, 1.716067e+003, 0.000000e+000, 0.000000e+000, 0.000000e+000
 4.490500e-001, 1.891091e+003,-2.633097e+003,-5.400522e+002, 1.622477e+003, 4.191590e+001,-5.829273e+001, 1.894261e+003, 0.000000e+000, 0.000000e+000, 0.000000e+000
 4.491000e-001, 1.941486e+003,-2.583168e+003,-6.068278e+002, 1.791947e+003, 4.280726e+001,-6.057151e+001, 2.072660e+003, 0.000000e+000, 0.000000e+000, 0.000000e+000
 4.491500e-001, 1.939649e+003,-2.549176e+003,-6.665120e+002, 1.960788e+003, 4.365288e+001,-6.280778e+001, 2.249452e+003, 0.000000e+000, 0.000000e+000, 0.000000e+000
 4.492000e-001, 1.988778e+003,-2.498229e+003,-7.321727e+002, 2.128934e+003, 4.450662e+001,-6.504534e+001, 2.426310e+003, 0.000000e+000, 0.000000e+000, 0.000000e+000
 4.492500e-001, 1.985512e+003,-2.461594e+003,-7.920085e+002, 2.296327e+003, 4.531103e+001,-6.723975e+001, 2.601454e+003, 0.000000e+000, 0.000000e+000, 0.000000e+000
 4.493000e-001, 2.033179e+003,-2.409759e+003,-8.564916e+002, 2.462911e+003, 4.612471e+001,-6.943304e+001, 2.776524e+003, 0.000000e+000, 0.000000e+000, 0.000000e+000
 4.493500e-001, 2.028615e+003,-2.370477e+003,-9.163628e+002, 2.628618e+003, 4.688569e+001,-7.158262e+001, 2.949777e+003, 0.000000e+000, 0.000000e+000, 0.000000e+000
 4.494000e-001, 2.074629e+003,-2.317885e+003,-9.796083e+002, 2.793403e+003, 4.765704e+001,-7.372864e+001, 3.122811e+003, 0.000000e+000, 0.000000e+000, 0.000000e+000
 4.494500e-001, 2.068895e+003,-2.275958e+003,-1.039398e+003, 2.957189e+003, 4.837258e+001,-7.583046e+001, 3.293933e+003, 0.000000e+000, 0.000000e+000, 0.000000e+000
 4.495000e-001, 2.113070e+003,-2.222734e+003,-1.101348e+003, 3.119941e+003, 4.909945e+001,-7.792628e+001, 3.464688e+003, 0.000000e+000, 0.000000e+000, 0.000000e+000
 4.495500e-001, 2.106294e+003,-2.178175e+003,-1.160940e+003, 3.281573e+003, 4.976776e+001,-7.997746e+001, 3.633441e+003, 0.000000e+000, 0.000000e+000, 0.000000e+000
 4.496000e-001, 2.148450e+003,-2.124441e+003,-1.221536e+003, 3.442061e+003, 5.044819e+001,-8.202028e+001, 3.801676e+003, 0.000000e+000, 0.000000e+000, 0.000000e+000
 4.496500e-001, 2.140758e+003,-2.077271e+003,-1.280817e+003, 3.601309e+003, 5.106768e+001,-8.401797e+001, 3.967825e+003, 0.000000e+000, 0.000000e+000, 0.000000e+000
 4.497000e-001, 2.180721e+003,-2.023142e+003,-1.340000e+003, 3.759305e+003, 5.169993e+001,-8.600504e+001, 4.133303e+003, 0.000000e+000, 0.000000e+000, 0.000000e+000
 4.497500e-001, 2.172235e+003,-1.973394e+003,-1.398860e+003, 3.915943e+003, 5.226927e+001,-8.794646e+001, 4.296616e+003, 0.000000e+000, 0.000000e+000, 0.000000e+000
 4.498000e-001, 2.209842e+003,-1.918978e+003,-1.456571e+003, 4.071221e+003, 5.285178e+001,-8.987514e+001, 4.459104e+003, 0.000000e+000, 0.000000e+000, 0.000000e+000
 4.498500e-001, 2.200680e+003,-1.866698e+003,-1.514904e+003, 4.225026e+003, 5.336988e+001,-9.175758e+001, 4.619354e+003, 0.000000e+000, 0.000000e+000, 0.000000e+000
 4.499000e-001, 2.235772e+003,-1.812095e+003,-1.571081e+003, 4.377366e+003, 5.390134e+001,-9.362531e+001, 4.778623e+003, 0.000000e+000, 0.000000e+000, 0.000000e+000
 4.499500e-001, 2.226049e+003,-1.757340e+003,-1.628787e+003, 4.528120e+003, 5.436737e+001,-9.544612e+001, 4.935583e+003, 0.000000e+000, 0.000000e+000, 0.000000e+000
 4.500000e-001, 2.258480e+003,-1.702640e+003,-1.683364e+003, 4.677305e+003, 5.484671e+001,-9.725045e+001, 5.091409e+003, 0.000000e+000, 0.000000e+000, 0.000000e+000
 4.500500e-001, 2.248304e+003,-1.645482e+003,-1.740348e+003, 4.824792e+003, 5.526009e+001,-9.900704e+001, 5.244860e+003, 0.000000e+000, 0.000000e+000, 0.000000e+000
 4.501000e-001, 2.277936e+003,-1.590767e+003,-1.793259e+003, 4.970609e+003, 5.568649e+001,-1.007456e+002, 5.397022e+003, 0.000000e+000, 0.000000e+000, 0.000000e+000
 4.501500e-001, 2.267412e+003,-1.531287e+003,-1.849433e+003, 5.114621e+003, 5.604692e+001,-1.024355e+002, 5.546748e+003, 0.000000e+000, 0.000000e+000, 0.000000e+000
 4.502000e-001, 2.294117e+003,-1.476631e+003,-1.900606e+003, 5.256863e+003, 5.641982e+001,-1.041059e+002, 5.695031e+003, 0.000000e+000, 0.000000e+000, 0.000000e+000
 4.502500e-001, 2.283341e+003,-1.414926e+003,-1.955888e+003, 5.397193e+003, 5.672725e+001,-1.057266e+002, 5.840820e+003, 0.000000e+000, 0.000000e+000, 0.000000e+000
 4.503000e-001, 2.307003e+003,-1.360391e+003,-2.005252e+003, 5.535657e+003, 5.704637e+001,-1.073267e+002, 5.985016e+003, 0.000000e+000, 0.000000e+000, 0.000000e+000
 4.503500e-001, 2.296065e+003,-1.296570e+003,-2.059566e+003, 5.672106e+003, 5.730101e+001,-1.088760e+002, 6.126660e+003, 0.000000e+000, 0.000000e+000, 0.000000e+000
 4.504000e-001, 2.316580e+003,-1.242208e+003,-2.107044e+003, 5.806594e+003, 5.756634e+001,-1.104035e+002, 6.266564e+003, 0.000000e+000, 0.000000e+000, 0.000000e+000
 4.504500e-001, 2.305564e+003,-1.176392e+003,-2.160322e+003, 5.938969e+003, 5.776868e+001,-1.118790e+002, 6.403863e+003, 0.000000e+000, 0.000000e+000, 0.000000e+000
 4.505000e-001, 2.322839e+003,-1.122247e+003,-2.205837e+003, 6.069289e+003, 5.798046e+001,-1.133319e+002, 6.539279e+003, 0.000000e+000, 0.000000e+000, 0.000000e+000
 4.505500e-001, 2.311821e+003,-1.054568e+003,-2.258013e+003, 6.197399e+003, 5.813120e+001,-1.147314e+002, 6.672035e+003, 0.000000e+000, 0.000000e+000, 0.000000e+000
 4.506000e-001, 2.325776e+003,-1.000677e+003,-2.301490e+003, 6.323366e+003, 5.828996e+001,-1.161075e+002, 6.802770e+003, 0.000000e+000, 0.000000e+000, 0.000000e+000
 4.506500e-001, 2.314823e+003,-9.312784e+002,-2.352505e+003, 6.447030e+003, 5.839005e+001,-1.174288e+002, 6.930794e+003, 0.000000e+000, 0.000000e+000, 0.000000e+000
 4.507000e-001, 2.325390e+003,-8.776680e+002,-2.393866e+003, 6.568464e+003, 5.849655e+001,-1.187261e+002, 7.056664e+003, 0.000000e+000, 0.000000e+000, 0.000000e+000
 4.507500e-001, 2.314560e+003,-8.067010e+002,-2.443662e+003, 6.687505e+003, 5.854715e+001,-1.199673e+002, 7.179771e+003, 0.000000e+000, 0.000000e+000, 0.000000e+000
 4.508000e-001, 2.321688e+003,-7.533923e+002,-2.482833e+003, 6.804231e+003, 5.860242e+001,-1.211837e+002, 7.300598e+003, 0.000000e+000, 0.000000e+000, 0.000000e+000
 4.508500e-001, 2.311031e+003,-6.810176e+002,-2.531356e+003, 6.918479e+003, 5.860489e+001,-1.223427e+002, 7.418610e+003, 0.000000e+000, 0.000000e+000, 0.000000e+000
 4.509000e-001, 2.314678e+003,-6.280251e+002,-2.568267e+003, 7.030333e+003, 5.861017e+001,-1.234762e+002, 7.534223e+003, 0.000000e+000, 0.000000e+000, 0.000000e+000
 4.509500e-001, 2.304234e+003,-5.544096e+002,-2.615462e+003, 7.139625e+003, 5.856604e+001,-1.245512e+002, 7.646969e+003, 0.000000e+000, 0.000000e+000, 0.000000e+000
 4.510000e-001, 2.304376e+003,-5.017437e+002,-2.650048e+003, 7.246444e+003, 5.852279e+001,-1.255998e+002, 7.757204e+003, 0.000000e+000, 0.000000e+000, 0.000000e+000
 4.510500e-001, 2.294177e+003,-4.270596e+002,-2.695860e+003, 7.350625e+003, 5.843374e+001,-1.265888e+002, 7.864521e+003, 0.000000e+000, 0.000000e+000, 0.000000e+000
 4.511000e-001, 2.290801e+003,-3.747266e+002,-2.728061e+003, 7.452258e+003, 5.834358e+001,-1.275505e+002, 7.969220e+003, 0.000000e+000, 0.000000e+000, 0.000000e+000
 4.511500e-001, 2.280867e+003,-2.991501e+002,-2.772434e+003, 7.551179e+003, 5.821143e+001,-1.284518e+002, 8.070950e+003, 0.000000e+000, 0.000000e+000, 0.000000e+000
 4.512000e-001, 2.273977e+003,-2.471543e+002,-2.802199e+003, 7.647480e+003, 5.807617e+001,-1.293248e+002, 8.169967e+003, 0.000000e+000, 0.000000e+000, 0.000000e+000
 4.512500e-001, 2.264320e+003,-1.708637e+002,-2.845073e+003, 7.741000e+003, 5.790282e+001,-1.301366e+002, 8.265961e+003, 0.000000e+000, 0.000000e+000, 0.000000e+000
 4.513000e-001, 2.253932e+003,-1.192084e+002,-2.872360e+003, 7.831831e+003, 5.772438e+001,-1.309189e+002, 8.359155e+003, 0.000000e+000, 0.000000e+000, 0.000000e+000
 4.513500e-001, 2.244554e+003,-4.238260e+001,-2.913669e+003, 7.919814e+003, 5.751182e+001,-1.316397e+002, 8.449271e+003, 0.000000e+000, 0.000000e+000, 0.000000e+000
 4.514000e-001, 2.230700e+003, 8.928676e+000,-2.938450e+003, 8.005046e+003, 5.729224e+001,-1.323294e+002, 8.536509e+003, 0.000000e+000, 0.000000e+000, 0.000000e+000
 4.514500e-001, 2.221592e+003, 8.611145e+001,-2.978123e+003, 8.087370e+003, 5.704248e+001,-1.329577e+002, 8.620613e+003, 0.000000e+000, 0.000000e+000, 0.000000e+000
 4.515000e-001, 2.204319e+003, 1.370736e+002,-3.000378e+003, 8.166879e+003, 5.678387e+001,-1.335530e+002, 8.701772e+003, 0.000000e+000, 0.000000e+000, 0.000000e+000
 4.515500e-001, 2.195462e+003, 2.144375e+002,-3.038338e+003, 8.243424e+003, 5.649894e+001,-1.340874e+002, 8.779740e+003, 0.000000e+000, 0.000000e+000, 0.000000e+000
 4.516000e-001, 2.174829e+003, 2.650427e+002,-3.058063e+003, 8.317099e+003, 5.620343e+001,-1.345865e+002, 8.854704e+003, 0.000000e+000, 0.000000e+000, 0.000000e+000
 4.516500e-001, 2.166197e+003, 3.424157e+002,-3.094223e+003, 8.387756e+003, 5.588536e+001,-1.350256e+002, 8.926419e+003, 0.000000e+000, 0.000000e+000, 0.000000e+000
 4.517000e-001, 2.142277e+003, 3.926524e+002,-3.111427e+003, 8.455488e+003, 5.555511e+001,-1.354270e+002, 8.995081e+003, 0.000000e+000, 0.000000e+000, 0.000000e+000
 4.517500e-001, 2.133832e+003, 4.698671e+002,-3.145695e+003, 8.520157e+003, 5.520588e+001,-1.357697e+002, 9.060436e+003, 0.000000e+000, 0.000000e+000, 0.000000e+000
 4.518000e-001, 2.106714e+003, 5.197193e+002,-3.160402e+003, 8.581852e+003, 5.484303e+001,-1.360718e+002, 9.122697e+003, 0.000000e+000, 0.000000e+000, 0.000000e+000
 4.518500e-001, 2.098410e+003, 5.966144e+002,-3.192673e+003, 8.640439e+003, 5.446452e+001,-1.363169e+002, 9.181592e+003, 0.000000e+000, 0.000000e+000, 0.000000e+000
 4.519000e-001, 2.068193e+003, 6.460605e+002,-3.204921e+003, 8.696008e+003, 5.407114e+001,-1.365185e+002, 9.237364e+003, 0.000000e+000, 0.000000e+000, 0.000000e+000
 4.519500e-001, 2.059976e+003, 7.224818e+002,-3.235087e+003, 8.748431e+003, 5.366520e+001,-1.366651e+002, 9.289710e+003, 0.000000e+000, 0.000000e+000, 0.000000e+000
 4.520000e-001, 2.026772e+003, 7.714940e+002,-3.244929e+003, 8.797793e+003, 5.324330e+001,-1.367648e+002, 9.338914e+003, 0.000000e+000, 0.000000e+000, 0.000000e+000
 4.520500e-001, 2.018579e+003, 8.472947e+002,-3.272869e+003, 8.843977e+003, 5.281161e+001,-1.368122e+002, 9.384631e+003, 0.000000e+000, 0.000000e+000, 0.000000e+000
 4.521000e-001, 1.982514e+003, 8.958390e+002,-3.280373e+003, 8.887062e+003, 5.236308e+001,-1.368090e+002, 9.427193e+003, 0.000000e+000, 0.000000e+000, 0.000000e+000
 4.521500e-001, 1.974276e+003, 9.708811e+002,-3.305961e+003, 8.926939e+003, 5.190723e+001,-1.367566e+002, 9.466211e+003, 0.000000e+000, 0.000000e+000, 0.000000e+000
 4.522000e-001, 1.935484e+003, 1.018916e+003,-3.311207e+003, 8.963686e+003, 5.143383e+001,-1.366496e+002, 9.502072e+003, 0.000000e+000, 0.000000e+000, 0.000000e+000
 4.522500e-001, 1.927124e+003, 1.093070e+003,-3.334311e+003, 8.997202e+003, 5.095524e+001,-1.364971e+002, 9.534329e+003, 0.000000e+000, 0.000000e+000, 0.000000e+000
 4.523000e-001, 1.885751e+003, 1.140549e+003,-3.337392e+003, 9.027558e+003, 5.045859e+001,-1.362858e+002, 9.563436e+003, 0.000000e+000, 0.000000e+000, 0.000000e+000
 4.523500e-001, 1.877187e+003, 1.213694e+003,-3.357872e+003, 9.054664e+003, 4.995854e+001,-1.360328e+002, 9.588882e+003, 0.000000e+000, 0.000000e+000, 0.000000e+000
 4.524000e-001, 1.833389e+003, 1.260561e+003,-3.358894e+003, 9.078585e+003, 4.944009e+001,-1.357168e+002, 9.611190e+003, 0.000000e+000, 0.000000e+000, 0.000000e+000
 4.524500e-001, 1.824532e+003, 1.332585e+003,-3.376608e+003, 9.099243e+003, 4.891968e+001,-1.353634e+002, 9.629785e+003, 0.000000e+000, 0.000000e+000, 0.000000e+000
 4.525000e-001, 1.778473e+003, 1.378781e+003,-3.375686e+003, 9.116696e+003, 4.838071e+001,-1.349426e+002, 9.645263e+003, 0.000000e+000, 0.000000e+000, 0.000000e+000
 4.525500e-001, 1.769230e+003, 1.449581e+003,-3.390488e+003, 9.130877e+003, 4.784088e+001,-1.344890e+002, 9.656975e+003, 0.000000e+000, 0.000000e+000, 0.000000e+000
 4.526000e-001, 1.721082e+003, 1.495037e+003,-3.387743e+003, 9.141836e+003, 4.728248e+001,-1.339636e+002, 9.665598e+003, 0.000000e+000, 0.000000e+000, 0.000000e+000
 4.526500e-001, 1.711359e+003, 1.564520e+003,-3.399490e+003, 9.149520e+003, 4.672398e+001,-1.334102e+002, 9.670407e+003, 0.000000e+000, 0.000000e+000, 0.000000e+000
 4.527000e-001, 1.661300e+003, 1.609165e+003,-3.395052e+003, 9.153970e+003, 4.614705e+001,-1.327807e+002, 9.672160e+003, 0.000000e+000, 0.000000e+000, 0.000000e+000
 4.527500e-001, 1.650997e+003, 1.677243e+003,-3.403598e+003, 9.155146e+003, 4.557048e+001,-1.321282e+002, 9.670058e+003, 0.000000e+000, 0.000000e+000, 0.000000e+000
 4.528000e-001, 1.599212e+003, 1.720999e+003,-3.397599e+003, 9.153081e+003, 4.497572e+001,-1.313954e+002, 9.664937e+003, 0.000000e+000, 0.000000e+000, 0.000000e+000
 4.528500e-001, 1.588229e+003, 1.787594e+003,-3.402806e+003, 9.147747e+003, 4.438152e+001,-1.306446e+002, 9.655921e+003, 0.000000e+000, 0.000000e+000, 0.000000e+000
 4.529000e-001, 1.534906e+003, 1.830380e+003,-3.395381e+003, 9.139172e+003, 4.376944e+001,-1.298096e+002, 9.643931e+003, 0.000000e+000, 0.000000e+000, 0.000000e+000
 4.529500e-001, 1.523142e+003, 1.895420e+003,-3.397116e+003, 9.127337e+003, 4.315788e+001,-1.289617e+002, 9.628013e+003, 0.000000e+000, 0.000000e+000, 0.000000e+000
 4.530000e-001, 1.468473e+003, 1.937153e+003,-3.388399e+003, 9.112263e+003, 4.252884e+001,-1.280258e+002, 9.609168e+003, 0.000000e+000, 0.000000e+000, 0.000000e+000
 4.530500e-001, 1.455827e+003, 2.000571e+003,-3.386537e+003, 9.093943e+003, 4.190005e+001,-1.270821e+002, 9.586369e+003, 0.000000e+000, 0.000000e+000, 0.000000e+000
 4.531000e-001, 1.400008e+003, 2.041165e+003,-3.376657e+003, 9.072393e+003, 4.125420e+001,-1.260472e+002, 9.560694e+003, 0.000000e+000, 0.000000e+000, 0.000000e+000
 4.531500e-001, 1.386381e+003, 2.102899e+003,-3.371085e+003, 9.047616e+003, 4.060817e+001,-1.250093e+002, 9.531047e+003, 0.000000e+000, 0.000000e+000, 0.000000e+000
 4.532000e-001, 1.329606e+003, 2.142268e+003,-3.360170e+003, 9.019621e+003, 3.994554e+001,-1.238772e+002, 9.498576e+003, 0.000000e+000, 0.000000e+000, 0.000000e+000
 4.532500e-001, 1.314901e+003, 2.202262e+003,-3.350786e+003, 8.988423e+003, 3.928217e+001,-1.227469e+002, 9.462120e+003, 0.000000e+000, 0.000000e+000, 0.000000e+000
 4.533000e-001, 1.257366e+003, 2.240320e+003,-3.338954e+003, 8.954022e+003, 3.860261e+001,-1.215200e+002, 9.422897e+003, 0.000000e+000, 0.000000e+000, 0.000000e+000
 4.533500e-001, 1.241490e+003, 2.298519e+003,-3.325673e+003, 8.916449e+003, 3.792168e+001,-1.202992e+002, 9.379686e+003, 0.000000e+000, 0.000000e+000, 0.000000e+000
 4.534000e-001, 1.183390e+003, 2.335182e+003,-3.313033e+003, 8.875693e+003, 3.722495e+001,-1.189801e+002, 9.333765e+003, 0.000000e+000, 0.000000e+000, 0.000000e+000
 4.534500e-001, 1.166252e+003, 2.391534e+003,-3.295788e+003, 8.831798e+003, 3.652616e+001,-1.176711e+002, 9.283858e+003, 0.000000e+000, 0.000000e+000, 0.000000e+000
 4.535000e-001, 1.107780e+003, 2.426720e+003,-3.282438e+003, 8.784746e+003, 3.581192e+001,-1.162625e+002, 9.231303e+003, 0.000000e+000, 0.000000e+000, 0.000000e+000
 4.535500e-001, 1.089297e+003, 2.481176e+003,-3.261178e+003, 8.734592e+003, 3.509491e+001,-1.148677e+002, 9.174775e+003, 0.000000e+000, 0.000000e+000, 0.000000e+000
 4.536000e-001, 1.030642e+003, 2.514807e+003,-3.247203e+003, 8.681313e+003, 3.436272e+001,-1.133728e+002, 9.115658e+003, 0.000000e+000, 0.000000e+000, 0.000000e+000
 4.536500e-001, 1.010736e+003, 2.567316e+003,-3.221901e+003, 8.624971e+003, 3.362711e+001,-1.118947e+002, 9.052591e+003, 0.000000e+000, 0.000000e+000, 0.000000e+000
 4.537000e-001, 9.520831e+002, 2.599318e+003,-3.207370e+003, 8.565539e+003, 3.287648e+001,-1.103166e+002, 8.986995e+003, 0.000000e+000, 0.000000e+000, 0.000000e+000
 4.537500e-001, 9.306829e+002, 2.649832e+003,-3.178020e+003, 8.503093e+003, 3.212185e+001,-1.087579e+002, 8.917479e+003, 0.000000e+000, 0.000000e+000, 0.000000e+000
 4.538000e-001, 8.722115e+002, 2.680135e+003,-3.162988e+003, 8.437595e+003, 3.135227e+001,-1.071001e+002, 8.845497e+003, 0.000000e+000, 0.000000e+000, 0.000000e+000
 4.538500e-001, 8.492541e+002, 2.728603e+003,-3.129604e+003, 8.369132e+003, 3.057821e+001,-1.054636e+002, 8.769636e+003, 0.000000e+000, 0.000000e+000, 0.000000e+000
 4.539000e-001, 7.911381e+002, 2.757145e+003,-3.114110e+003, 8.297662e+003, 2.978913e+001,-1.037297e+002, 8.691368e+003, 0.000000e+000, 0.000000e+000, 0.000000e+000
 4.539500e-001, 7.665687e+002, 2.803517e+003,-3.076733e+003, 8.223281e+003, 2.899524e+001,-1.020185e+002, 8.609271e+003, 0.000000e+000, 0.000000e+000, 0.000000e+000
 4.540000e-001, 7.089749e+002, 2.830241e+003,-3.060798e+003, 8.145942e+003, 2.818618e+001,-1.002122e+002, 8.524830e+003, 0.000000e+000, 0.000000e+000, 0.000000e+000
 4.540500e-001, 6.827481e+002, 2.874466e+003,-3.019490e+003, 8.065750e+003, 2.737209e+001,-9.842932e+001, 8.436619e+003, 0.000000e+000, 0.000000e+000, 0.000000e+000
 4.541000e-001, 6.258353e+002, 2.899322e+003,-3.003116e+003, 7.982652e+003, 2.654256e+001,-9.655444e+001, 8.346123e+003, 0.000000e+000, 0.000000e+000, 0.000000e+000
 4.541500e-001, 5.979154e+002, 2.941345e+003,-2.957965e+003, 7.896763e+003, 2.570798e+001,-9.470297e+001, 8.251928e+003, 0.000000e+000, 0.000000e+000, 0.000000e+000
 4.542000e-001, 5.418337e+002, 2.964291e+003,-2.941141e+003, 7.808026e+003, 2.485757e+001,-9.276336e+001, 8.155507e+003, 0.000000e+000, 0.000000e+000, 0.000000e+000
 4.542500e-001, 5.121955e+002, 3.004057e+003,-2.892255e+003, 7.716562e+003, 2.400226e+001,-9.084656e+001, 8.055464e+003, 0.000000e+000, 0.000000e+000, 0.000000e+000
 4.543000e-001, 4.570862e+002, 3.025056e+003,-2.874949e+003, 7.622313e+003, 2.313065e+001,-8.884613e+001, 7.953257e+003, 0.000000e+000, 0.000000e+000, 0.000000e+000
 4.543500e-001, 4.257149e+002, 3.062512e+003,-2.822463e+003, 7.525405e+003, 2.225445e+001,-8.686727e+001, 7.847514e+003, 0.000000e+000, 0.000000e+000, 0.000000e+000
 4.544000e-001, 3.717092e+002, 3.081535e+003,-2.804629e+003, 7.425778e+003, 2.136141e+001,-8.480993e+001, 7.739667e+003, 0.000000e+000, 0.000000e+000, 0.000000e+000
 4.544500e-001, 3.386013e+002, 3.116622e+003,-2.748696e+003, 7.323565e+003, 2.046428e+001,-8.277232e+001, 7.628378e+003, 0.000000e+000, 0.000000e+000, 0.000000e+000
 4.545000e-001, 2.858205e+002, 3.133646e+003,-2.730273e+003, 7.218703e+003, 1.954971e+001,-8.066197e+001, 7.515047e+003, 0.000000e+000, 0.000000e+000, 0.000000e+000
 4.545500e-001, 2.509836e+002, 3.166310e+003,-2.671066e+003, 7.111330e+003, 1.863172e+001,-7.856893e+001, 7.398375e+003, 0.000000e+000, 0.000000e+000, 0.000000e+000
 4.546000e-001, 1.995382e+002, 3.181318e+003,-2.651980e+003, 7.001382e+003, 1.769565e+001,-7.640942e+001, 7.279724e+003, 0.000000e+000, 0.000000e+000, 0.000000e+000
 4.546500e-001, 1.629914e+002, 3.211502e+003,-2.589692e+003, 6.889002e+003, 1.675696e+001,-7.426429e+001, 7.157840e+003, 0.000000e+000, 0.000000e+000, 0.000000e+000
 4.547000e-001, 1.129811e+002, 3.224482e+003,-2.569856e+003, 6.774125e+003, 1.579959e+001,-7.205943e+001, 7.034039e+003, 0.000000e+000, 0.000000e+000, 0.000000e+000
 4.547500e-001, 7.475500e+001, 3.252132e+003,-2.504697e+003, 6.656899e+003, 1.484053e+001,-6.986553e+001, 6.907121e+003, 0.000000e+000, 0.000000e+000, 0.000000e+000
 4.548000e-001, 2.626860e+001, 3.263078e+003,-2.484014e+003, 6.537257e+003, 1.386220e+001,-6.761903e+001, 6.778350e+003, 0.000000e+000, 0.000000e+000, 0.000000e+000
 4.548500e-001,-1.359489e+001, 3.288141e+003,-2.416205e+003, 6.415350e+003, 1.288323e+001,-6.537970e+001, 6.646583e+003, 0.000000e+000, 0.000000e+000, 0.000000e+000
 4.549000e-001,-6.047990e+001, 3.297049e+003,-2.394571e+003, 6.291114e+003, 1.188446e+001,-6.309518e+001, 6.513029e+003, 0.000000e+000, 0.000000e+000, 0.000000e+000
 4.549500e-001,-1.019275e+002, 3.319477e+003,-2.324348e+003, 6.164700e+003, 1.088618e+001,-6.081371e+001, 6.376604e+003, 0.000000e+000, 0.000000e+000, 0.000000e+000
 4.550000e-001,-1.471447e+002, 3.326347e+003,-2.301652e+003, 6.036046e+003, 9.867692e+000,-5.849470e+001, 6.238460e+003, 0.000000e+000, 0.000000e+000, 0.000000e+000
 4.550500e-001,-1.901122e+002, 3.346094e+003,-2.229260e+003, 5.905305e+003, 8.850844e+000,-5.617438e+001, 6.097575e+003, 0.000000e+000, 0.000000e+000, 0.000000e+000
 4.551000e-001,-2.336061e+002, 3.350927e+003,-2.205389e+003, 5.772416e+003, 7.813536e+000,-5.382430e+001, 5.955042e+003, 0.000000e+000, 0.000000e+000, 0.000000e+000
 4.551500e-001,-2.780187e+002, 3.367955e+003,-2.131079e+003, 5.637533e+003, 6.779034e+000,-5.146837e+001, 5.809901e+003, 0.000000e+000, 0.000000e+000, 0.000000e+000
 4.552000e-001,-3.197447e+002, 3.370754e+003,-2.105918e+003, 5.500597e+003, 5.723991e+000,-4.909053e+001, 5.663187e+003, 0.000000e+000, 0.000000e+000, 0.000000e+000
 4.552500e-001,-3.655171e+002, 3.385029e+003,-2.029945e+003, 5.361764e+003, 4.672899e+000,-4.670223e+001, 5.514000e+003, 0.000000e+000, 0.000000e+000, 0.000000e+000
 4.553000e-001,-4.054412e+002, 3.385795e+003,-2.003380e+003, 5.220978e+003, 3.601403e+000,-4.429983e+001, 5.363316e+003, 0.000000e+000, 0.000000e+000, 0.000000e+000
 4.553500e-001,-4.524785e+002, 3.397293e+003,-1.926002e+003, 5.078391e+003, 2.534945e+000,-4.188235e+001, 5.210297e+003, 0.000000e+000, 0.000000e+000, 0.000000e+000
 4.554000e-001,-4.905768e+002, 3.396026e+003,-1.897925e+003, 4.933953e+003, 1.448466e+000,-3.945848e+001, 5.055864e+003, 0.000000e+000, 0.000000e+000, 0.000000e+000
 4.554500e-001,-5.387749e+002, 3.404729e+003,-1.819396e+003, 4.787814e+003, 3.680222e-001,-3.701502e+001, 4.899233e+003, 0.000000e+000, 0.000000e+000, 0.000000e+000
 4.555000e-001,-5.750334e+002, 3.401429e+003,-1.789705e+003, 4.639930e+003,-7.317805e-001,-3.457267e+001, 4.741274e+003, 0.000000e+000, 0.000000e+000, 0.000000e+000
 4.555500e-001,-6.242797e+002, 3.407330e+003,-1.710278e+003, 4.490448e+003,-1.824673e+000,-3.210639e+001, 4.581256e+003, 0.000000e+000, 0.000000e+000, 0.000000e+000
 4.556000e-001,-6.586936e+002, 3.401993e+003,-1.678876e+003, 4.339326e+003,-2.935961e+000,-2.964845e+001, 4.420000e+003, 0.000000e+000, 0.000000e+000, 0.000000e+000
 4.556500e-001,-7.088676e+002, 3.405094e+003,-1.598799e+003, 4.186711e+003,-4.039609e+000,-2.716251e+001, 4.256823e+003, 0.000000e+000, 0.000000e+000, 0.000000e+000
 4.557000e-001,-7.414410e+002, 3.397711e+003,-1.565603e+003, 4.032567e+003,-5.160371e+000,-2.469183e+001, 4.092504e+003, 0.000000e+000, 0.000000e+000, 0.000000e+000
 4.557500e-001,-7.924149e+002, 3.398025e+003,-1.485112e+003, 3.877036e+003,-6.272934e+000,-2.218937e+001, 3.926401e+003, 0.000000e+000, 0.000000e+000, 0.000000e+000
 4.558000e-001,-8.231600e+002, 3.388586e+003,-1.450050e+003, 3.720088e+003,-7.400996e+000,-1.970870e+001, 3.759255e+003, 0.000000e+000, 0.000000e+000, 0.000000e+000
 4.558500e-001,-8.748000e+002, 3.386137e+003,-1.369376e+003, 3.561862e+003,-8.520488e+000,-1.719287e+001, 3.590463e+003, 0.000000e+000, 0.000000e+000, 0.000000e+000
 4.559000e-001,-9.037366e+002, 3.374626e+003,-1.332389e+003, 3.402332e+003,-9.653524e+000,-1.470494e+001, 3.420733e+003, 0.000000e+000, 0.000000e+000, 0.000000e+000
 4.559500e-001,-9.559032e+002, 3.369450e+003,-1.251748e+003, 3.241633e+003,-1.077782e+001,-1.217890e+001, 3.249490e+003, 0.000000e+000, 0.000000e+000, 0.000000e+000
 4.560000e-001,-9.830580e+002, 3.355846e+003,-1.212792e+003, 3.079748e+003,-1.191337e+001,-9.686381e+000, 3.077420e+003, 0.000000e+000, 0.000000e+000, 0.000000e+000
 4.560500e-001,-1.035607e+003, 3.347990e+003,-1.132389e+003, 2.916805e+003,-1.304021e+001,-7.153304e+000, 2.903968e+003, 0.000000e+000, 0.000000e+000, 0.000000e+000
 4.561000e-001,-1.061013e+003, 3.332268e+003,-1.091436e+003, 2.752793e+003,-1.417568e+001,-4.658877e+000, 2.729806e+003, 0.000000e+000, 0.000000e+000, 0.000000e+000
 4.561500e-001,-1.113796e+003, 3.321790e+003,-1.011462e+003, 2.587837e+003,-1.530269e+001,-2.121944e+000, 2.554390e+003, 0.000000e+000, 0.000000e+000, 0.000000e+000
 4.562000e-001,-1.137492e+003, 3.303920e+003,-9.685015e+002, 2.421932e+003,-1.643540e+001, 3.717182e-001, 2.378386e+003, 0.000000e+000, 0.000000e+000, 0.000000e+000
 4.562500e-001,-1.190358e+003, 3.290890e+003,-8.891321e+002, 2.255195e+003,-1.756008e+001, 2.909300e+000, 2.201254e+003, 0.000000e+000, 0.000000e+000, 0.000000e+000
 4.563000e-001,-1.212387e+003, 3.270840e+003,-8.441688e+002, 2.087631e+003,-1.868725e+001, 5.399509e+000, 2.023660e+003, 0.000000e+000, 0.000000e+000, 0.000000e+000
 4.563500e-001,-1.265183e+003, 3.255338e+003,-7.655659e+002, 1.919350e+003,-1.980700e+001, 7.934510e+000, 1.845059e+003, 0.000000e+000, 0.000000e+000, 0.000000e+000
 4.564000e-001,-1.285593e+003, 3.233071e+003,-7.186216e+002, 1.750364e+003,-2.092578e+001, 1.041855e+001, 1.666129e+003, 0.000000e+000, 0.000000e+000, 0.000000e+000
 4.564500e-001,-1.338165e+003, 3.215184e+003,-6.409317e+002, 1.580778e+003,-2.203791e+001, 1.294771e+001, 1.486311e+003, 0.000000e+000, 0.000000e+000, 0.000000e+000
 4.565000e-001,-1.357006e+003, 3.190662e+003,-5.920444e+002, 1.410610e+003,-2.314540e+001, 1.542283e+001, 1.306300e+003, 0.000000e+000, 0.000000e+000, 0.000000e+000
 4.565500e-001,-1.409198e+003, 3.170489e+003,-5.154002e+002, 1.239958e+003,-2.424716e+001, 1.794288e+001, 1.125516e+003, 0.000000e+000, 0.000000e+000, 0.000000e+000
 4.566000e-001,-1.426525e+003, 3.143672e+003,-4.646233e+002, 1.068848e+003,-2.534042e+001, 2.040626e+001, 9.446802e+002, 0.000000e+000, 0.000000e+000, 0.000000e+000
 4.566500e-001,-1.478182e+003, 3.121317e+003,-3.891432e+002, 8.973730e+002,-2.642897e+001, 2.291390e+001, 7.631839e+002, 0.000000e+000, 0.000000e+000, 0.000000e+000
 4.567000e-001,-1.494052e+003, 3.092165e+003,-3.365444e+002, 7.255645e+002,-2.750507e+001, 2.536269e+001, 5.817794e+002, 0.000000e+000, 0.000000e+000, 0.000000e+000
 4.567500e-001,-1.545021e+003, 3.067740e+003,-2.623345e+002, 5.535083e+002,-2.857753e+001, 2.785462e+001, 3.998239e+002, 0.000000e+000, 0.000000e+000, 0.000000e+000
 4.568000e-001,-1.559490e+003, 3.036214e+003,-2.079945e+002, 3.812442e+002,-2.963353e+001, 3.028590e+001, 2.181080e+002, 0.000000e+000, 0.000000e+000, 0.000000e+000
 4.568500e-001,-1.609618e+003, 3.009833e+003,-1.351490e+002, 2.088511e+002,-3.068700e+001, 3.275878e+001, 3.594724e+001, 0.000000e+000, 0.000000e+000, 0.000000e+000
 4.569000e-001,-1.622746e+003, 2.975897e+003,-7.916029e+001, 3.637561e+001,-3.171998e+001, 3.516959e+001,-1.458234e+002, 0.000000e+000, 0.000000e+000, 0.000000e+000
 4.569500e-001,-1.671884e+003, 2.947678e+003,-7.763097e+000,-1.361102e+002,-3.275153e+001, 3.762010e+001,-3.279353e+002, 0.000000e+000, 0.000000e+000, 0.000000e+000
 4.570000e-001,-1.683731e+003, 2.911301e+003, 4.977206e+001,-3.085526e+002,-3.375864e+001, 4.000741e+001,-5.095043e+002, 0.000000e+000, 0.000000e+000, 0.000000e+000
 4.570500e-001,-1.731731e+003, 2.881363e+003, 1.196456e+002,-4.808867e+002,-3.476537e+001, 4.243223e+001,-6.913135e+002, 0.000000e+000, 0.000000e+000, 0.000000e+000
 4.571000e-001,-1.742357e+003, 2.842519e+003, 1.786170e+002,-6.530516e+002,-3.574382e+001, 4.479297e+001,-8.724254e+002, 0.000000e+000, 0.000000e+000, 0.000000e+000
 4.571500e-001,-1.789076e+003, 2.810980e+003, 2.468988e+002,-8.249894e+002,-3.672282e+001, 4.718881e+001,-1.053678e+003, 0.000000e+000, 0.000000e+000, 0.000000e+000
 4.572000e-001,-1.798539e+003, 2.769651e+003, 3.071899e+002,-9.966328e+002,-3.766991e+001, 4.951987e+001,-1.234079e+003, 0.000000e+000, 0.000000e+000, 0.000000e+000
 4.572500e-001,-1.843839e+003, 2.736628e+003, 3.738172e+002,-1.167930e+003,-3.861832e+001, 5.188345e+001,-1.414523e+003, 0.000000e+000, 0.000000e+000, 0.000000e+000
 4.573000e-001,-1.852198e+003, 2.692803e+003, 4.353076e+002,-1.338809e+003,-3.953146e+001, 5.418168e+001,-1.593959e+003, 0.000000e+000, 0.000000e+000, 0.000000e+000
 4.573500e-001,-1.895944e+003, 2.658409e+003, 5.002213e+002,-1.509223e+003,-4.044651e+001, 5.650977e+001,-1.773342e+003, 0.000000e+000, 0.000000e+000, 0.000000e+000
 4.574000e-001,-1.903256e+003, 2.612090e+003, 5.627879e+002,-1.679094e+003,-4.132322e+001, 5.877203e+001,-1.951562e+003, 0.000000e+000, 0.000000e+000, 0.000000e+000
 4.574500e-001,-1.945319e+003, 2.576431e+003, 6.259313e+002,-1.848384e+003,-4.220221e+001, 6.106142e+001,-2.129634e+003, 0.000000e+000, 0.000000e+000, 0.000000e+000
 4.575000e-001,-1.951640e+003, 2.527629e+003, 6.894508e+002,-2.017006e+003,-4.304017e+001, 6.328456e+001,-2.306390e+003, 0.000000e+000, 0.000000e+000, 0.000000e+000
 4.575500e-001,-1.991897e+003, 2.490806e+003, 7.507676e+002,-2.184930e+003,-4.388050e+001, 6.553214e+001,-2.482902e+003, 0.000000e+000, 0.000000e+000, 0.000000e+000
 4.576000e-001,-1.997279e+003, 2.439547e+003, 8.151179e+002,-2.352065e+003,-4.467754e+001, 6.771299e+001,-2.657945e+003, 0.000000e+000, 0.000000e+000, 0.000000e+000
 4.576500e-001,-2.035612e+003, 2.401652e+003, 8.745511e+002,-2.518385e+003,-4.547676e+001, 6.991569e+001,-2.832650e+003, 0.000000e+000, 0.000000e+000, 0.000000e+000
 4.577000e-001,-2.040107e+003, 2.347975e+003, 9.396126e+002,-2.683794e+003,-4.623088e+001, 7.205115e+001,-3.005738e+003, 0.000000e+000, 0.000000e+000, 0.000000e+000
 4.577500e-001,-2.076406e+003, 2.309091e+003, 9.971036e+002,-2.848274e+003,-4.698667e+001, 7.420596e+001,-3.178391e+003, 0.000000e+000, 0.000000e+000, 0.000000e+000
 4.578000e-001,-2.080063e+003, 2.253049e+003, 1.062761e+003,-3.011724e+003,-4.769607e+001, 7.629295e+001,-3.349281e+003, 0.000000e+000, 0.000000e+000, 0.000000e+000
 4.578500e-001,-2.114224e+003, 2.213249e+003, 1.118248e+003,-3.174130e+003,-4.840629e+001, 7.839697e+001,-3.519640e+003, 0.000000e+000, 0.000000e+000, 0.000000e+000
 4.579000e-001,-2.117087e+003, 2.154911e+003, 1.184391e+003,-3.335387e+003,-4.906936e+001, 8.043246e+001,-3.688094e+003, 0.000000e+000, 0.000000e+000, 0.000000e+000
 4.579500e-001,-2.149014e+003, 2.114257e+003, 1.237810e+003,-3.495488e+003,-4.973207e+001, 8.248286e+001,-3.855920e+003, 0.000000e+000, 0.000000e+000, 0.000000e+000
 4.580000e-001,-2.151126e+003, 2.053708e+003, 1.304332e+003,-3.654324e+003,-5.034742e+001, 8.446390e+001,-4.021702e+003, 0.000000e+000, 0.000000e+000, 0.000000e+000
 4.580500e-001,-2.180729e+003, 2.012252e+003, 1.355615e+003,-3.811893e+003,-5.096088e+001, 8.645791e+001,-4.186760e+003, 0.000000e+000, 0.000000e+000, 0.000000e+000
 4.581000e-001,-2.182130e+003, 1.949591e+003, 1.422419e+003,-3.968082e+003,-5.152734e+001, 8.838162e+001,-4.349640e+003, 0.000000e+000, 0.000000e+000, 0.000000e+000
 4.581500e-001,-2.209328e+003, 1.907373e+003, 1.471492e+003,-4.122893e+003,-5.209004e+001, 9.031658e+001,-4.511695e+003, 0.000000e+000, 0.000000e+000, 0.000000e+000
 4.582000e-001,-2.210052e+003, 1.842716e+003, 1.538485e+003,-4.276213e+003,-5.260666e+001, 9.218018e+001,-4.671445e+003, 0.000000e+000, 0.000000e+000, 0.000000e+000
 4.582500e-001,-2.234773e+003, 1.799764e+003, 1.585275e+003,-4.428047e+003,-5.311733e+001, 9.405350e+001,-4.830270e+003, 0.000000e+000, 0.000000e+000, 0.000000e+000
 4.583000e-001,-2.234851e+003, 1.733241e+003, 1.652370e+003,-4.578279e+003,-5.358341e+001, 9.585429e+001,-4.986666e+003, 0.000000e+000, 0.000000e+000, 0.000000e+000
 4.583500e-001,-2.257030e+003, 1.689573e+003, 1.696798e+003,-4.726920e+003,-5.404105e+001, 9.766345e+001,-5.142035e+003, 0.000000e+000, 0.000000e+000, 0.000000e+000
 4.584000e-001,-2.256491e+003, 1.621329e+003, 1.763914e+003,-4.873852e+003,-5.445611e+001, 9.939883e+001,-5.294860e+003, 0.000000e+000, 0.000000e+000, 0.000000e+000
 4.584500e-001,-2.276071e+003, 1.576953e+003, 1.805900e+003,-5.019088e+003,-5.485997e+001, 1.011414e+002,-5.446554e+003, 0.000000e+000, 0.000000e+000, 0.000000e+000
 4.585000e-001,-2.274937e+003, 1.507147e+003, 1.872961e+003,-5.162509e+003,-5.522379e+001, 1.028089e+002,-5.595593e+003, 0.000000e+000, 0.000000e+000, 0.000000e+000
 4.585500e-001,-2.291871e+003, 1.462061e+003, 1.912425e+003,-5.304133e+003,-5.557340e+001, 1.044825e+002,-5.743395e+003, 0.000000e+000, 0.000000e+000, 0.000000e+000
 4.586000e-001,-2.290162e+003, 1.390862e+003, 1.979357e+003,-5.443840e+003,-5.588598e+001, 1.060797e+002,-5.888439e+003, 0.000000e+000, 0.000000e+000, 0.000000e+000
 4.586500e-001,-2.304413e+003, 1.345055e+003, 2.016220e+003,-5.581650e+003,-5.618115e+001, 1.076820e+002,-6.032140e+003, 0.000000e+000, 0.000000e+000, 0.000000e+000
 4.587000e-001,-2.302142e+003, 1.272645e+003, 2.082953e+003,-5.717443e+003,-5.644272e+001, 1.092067e+002,-6.172986e+003, 0.000000e+000, 0.000000e+000, 0.000000e+000
 4.587500e-001,-2.313679e+003, 1.226100e+003, 2.117137e+003,-5.851243e+003,-5.668354e+001, 1.107354e+002,-6.312379e+003, 0.000000e+000, 0.000000e+000, 0.000000e+000
 4.588000e-001,-2.310857e+003, 1.152669e+003, 2.183602e+003,-5.982929e+003,-5.689457e+001, 1.121854e+002,-6.448829e+003, 0.000000e+000, 0.000000e+000, 0.000000e+000
 4.588500e-001,-2.319662e+003, 1.105363e+003, 2.215034e+003,-6.112528e+003,-5.708139e+001, 1.136384e+002,-6.583717e+003, 0.000000e+000, 0.000000e+000, 0.000000e+000
 4.589000e-001,-2.316294e+003, 1.031110e+003, 2.281159e+003,-6.239919e+003,-5.724257e+001, 1.150115e+002,-6.715578e+003, 0.000000e+000, 0.000000e+000, 0.000000e+000
 4.589500e-001,-2.322355e+003, 9.830135e+002, 2.309773e+003,-6.365132e+003,-5.737601e+001, 1.163865e+002,-6.845768e+003, 0.000000e+000, 0.000000e+000, 0.000000e+000
 4.590000e-001,-2.318441e+003, 9.081427e+002, 2.375486e+003,-6.488047e+003,-5.748823e+001, 1.176808e+002,-6.972852e+003, 0.000000e+000, 0.000000e+000, 0.000000e+000
 4.590500e-001,-2.321757e+003, 8.592253e+002, 2.401221e+003,-6.608695e+003,-5.756917e+001, 1.189757e+002,-7.098157e+003, 0.000000e+000, 0.000000e+000, 0.000000e+000
 4.591000e-001,-2.317294e+003, 7.839451e+002, 2.466446e+003,-6.726958e+003,-5.763351e+001, 1.201893e+002,-7.220286e+003, 0.000000e+000, 0.000000e+000, 0.000000e+000
 4.591500e-001,-2.317872e+003, 7.341740e+002, 2.489252e+003,-6.842869e+003,-5.766308e+001, 1.214020e+002,-7.340526e+003, 0.000000e+000, 0.000000e+000, 0.000000e+000
 4.592000e-001,-2.312851e+003, 6.586951e+002, 2.553907e+003,-6.956313e+003,-5.768080e+001, 1.225332e+002,-7.457526e+003, 0.000000e+000, 0.000000e+000, 0.000000e+000
 4.592500e-001,-2.310708e+003, 6.080381e+002, 2.573746e+003,-7.067320e+003,-5.766034e+001, 1.236615e+002,-7.572529e+003, 0.000000e+000, 0.000000e+000, 0.000000e+000
 4.593000e-001,-2.305117e+003, 5.325715e+002, 2.637740e+003,-7.175782e+003,-5.763284e+001, 1.247084e+002,-7.684232e+003, 0.000000e+000, 0.000000e+000, 0.000000e+000
 4.593500e-001,-2.300278e+003, 4.809979e+002, 2.654586e+003,-7.281728e+003,-5.756390e+001, 1.257504e+002,-7.793832e+003, 0.000000e+000, 0.000000e+000, 0.000000e+000
 4.594000e-001,-2.294101e+003, 4.057535e+002, 2.717823e+003,-7.385052e+003,-5.749273e+001, 1.267114e+002,-7.900080e+003, 0.000000e+000, 0.000000e+000, 0.000000e+000
 4.594500e-001,-2.286600e+003, 3.532358e+002, 2.731664e+003,-7.485786e+003,-5.737703e+001, 1.276650e+002,-8.004119e+003, 0.000000e+000, 0.000000e+000, 0.000000e+000
 4.595000e-001,-2.279814e+003, 2.784202e+002, 2.794037e+003,-7.583825e+003,-5.726386e+001, 1.285386e+002,-8.104758e+003, 0.000000e+000, 0.000000e+000, 0.000000e+000
 4.595500e-001,-2.269695e+003, 2.249357e+002, 2.804877e+003,-7.679202e+003,-5.710328e+001, 1.294018e+002,-8.203087e+003, 0.000000e+000, 0.000000e+000, 0.000000e+000
 4.596000e-001,-2.262277e+003, 1.507509e+002, 2.866268e+003,-7.771817e+003,-5.694984e+001, 1.301864e+002,-8.297973e+003, 0.000000e+000, 0.000000e+000, 0.000000e+000
 4.596500e-001,-2.249589e+003, 9.628254e+001, 2.874127e+003,-7.861701e+003,-5.674637e+001, 1.309573e+002,-8.390449e+003, 0.000000e+000, 0.000000e+000, 0.000000e+000
 4.597000e-001,-2.241511e+003, 2.292427e+001, 2.934407e+003,-7.948758e+003,-5.655448e+001, 1.316516e+002,-8.479443e+003, 0.000000e+000, 0.000000e+000, 0.000000e+000
 4.597500e-001,-2.226312e+003,-3.253775e+001, 2.939322e+003,-8.033020e+003,-5.631021e+001, 1.323282e+002,-8.565935e+003, 0.000000e+000, 0.000000e+000, 0.000000e+000
 4.598000e-001,-2.217545e+003,-1.048811e+002, 2.998352e+003,-8.114396e+003,-5.608172e+001, 1.329308e+002,-8.648909e+003, 0.000000e+000, 0.000000e+000, 0.000000e+000
 4.598500e-001,-2.199900e+003,-1.613388e+002, 3.000377e+003,-8.192916e+003,-5.579879e+001, 1.335115e+002,-8.729288e+003, 0.000000e+000, 0.000000e+000, 0.000000e+000
 4.599000e-001,-2.190409e+003,-2.324875e+002, 3.058006e+003,-8.268494e+003,-5.553557e+001, 1.340211e+002,-8.806121e+003, 0.000000e+000, 0.000000e+000, 0.000000e+000
 4.599500e-001,-2.170391e+003,-2.899341e+002, 3.057212e+003,-8.341159e+003,-5.521615e+001, 1.345042e+002,-8.880273e+003, 0.000000e+000, 0.000000e+000, 0.000000e+000
 4.600000e-001,-2.160141e+003,-3.597178e+002, 3.113276e+003,-8.410831e+003,-5.492004e+001, 1.349196e+002,-8.950853e+003, 0.000000e+000, 0.000000e+000, 0.000000e+000
 4.600500e-001,-2.137829e+003,-4.181374e+002, 3.109752e+003,-8.477537e+003,-5.456630e+001, 1.353034e+002,-9.018670e+003, 0.000000e+000, 0.000000e+000, 0.000000e+000
 4.601000e-001,-2.126782e+003,-4.863960e+002, 3.164080e+003,-8.541204e+003,-5.423912e+001, 1.356236e+002,-9.082890e+003, 0.000000e+000, 0.000000e+000, 0.000000e+000
 4.601500e-001,-2.102259e+003,-5.457630e+002, 3.157930e+003,-8.601856e+003,-5.385320e+001, 1.359068e+002,-9.144275e+003, 0.000000e+000, 0.000000e+000, 0.000000e+000
 4.602000e-001,-2.090378e+003,-6.123472e+002, 3.210339e+003,-8.659427e+003,-5.349669e+001, 1.361308e+002,-9.202040e+003, 0.000000e+000, 0.000000e+000, 0.000000e+000
 4.602500e-001,-2.063733e+003,-6.726260e+002, 3.201681e+003,-8.713938e+003,-5.308065e+001, 1.363121e+002,-9.256904e+003, 0.000000e+000, 0.000000e+000, 0.000000e+000
 4.603000e-001,-2.050980e+003,-7.373974e+002, 3.251983e+003,-8.765330e+003,-5.269650e+001, 1.364391e+002,-9.308128e+003, 0.000000e+000, 0.000000e+000, 0.000000e+000
 4.603500e-001,-2.022306e+003,-7.985430e+002, 3.240949e+003,-8.813622e+003,-5.225231e+001, 1.365173e+002,-9.356391e+003, 0.000000e+000, 0.000000e+000, 0.000000e+000
 4.604000e-001,-2.008642e+003,-8.613743e+002, 3.288947e+003,-8.858762e+003,-5.184210e+001, 1.365465e+002,-9.400996e+003, 0.000000e+000, 0.000000e+000, 0.000000e+000
 4.604500e-001,-1.978036e+003,-9.233319e+002, 3.275682e+003,-8.900767e+003,-5.137162e+001, 1.365208e+002,-9.442587e+003, 0.000000e+000, 0.000000e+000, 0.000000e+000
 4.605000e-001,-1.963424e+003,-9.841069e+002, 3.321175e+003,-8.939589e+003,-5.093679e+001, 1.364517e+002,-9.480505e+003, 0.000000e+000, 0.000000e+000, 0.000000e+000
 4.605500e-001,-1.930986e+003,-1.046813e+003, 3.305832e+003,-8.975246e+003,-5.044176e+001, 1.363214e+002,-9.515364e+003, 0.000000e+000, 0.000000e+000, 0.000000e+000
 4.606000e-001,-1.915389e+003,-1.105426e+003, 3.348618e+003,-9.007697e+003,-4.998365e+001, 1.361536e+002,-9.546536e+003, 0.000000e+000, 0.000000e+000, 0.000000e+000
 4.606500e-001,-1.881222e+003,-1.168808e+003, 3.331359e+003,-9.036955e+003,-4.946563e+001, 1.359183e+002,-9.574612e+003, 0.000000e+000, 0.000000e+000, 0.000000e+000
 4.607000e-001,-1.864606e+003,-1.225164e+003, 3.371236e+003,-9.062987e+003,-4.898540e+001, 1.356515e+002,-9.598988e+003, 0.000000e+000, 0.000000e+000, 0.000000e+000
 4.607500e-001,-1.828812e+003,-1.289141e+003, 3.352227e+003,-9.085805e+003,-4.844579e+001, 1.353110e+002,-9.620241e+003, 0.000000e+000, 0.000000e+000, 0.000000e+000
 4.608000e-001,-1.811145e+003,-1.343156e+003, 3.388995e+003,-9.105382e+003,-4.794449e+001, 1.349452e+002,-9.637782e+003, 0.000000e+000, 0.000000e+000, 0.000000e+000
 4.608500e-001,-1.773831e+003,-1.407641e+003, 3.368405e+003,-9.121727e+003,-4.738451e+001, 1.344995e+002,-9.652180e+003, 0.000000e+000, 0.000000e+000, 0.000000e+000
 4.609000e-001,-1.755084e+003,-1.459238e+003, 3.401869e+003,-9.134820e+003,-4.686302e+001, 1.340349e+002,-9.662854e+003, 0.000000e+000, 0.000000e+000, 0.000000e+000
 4.609500e-001,-1.716355e+003,-1.524138e+003, 3.379869e+003,-9.144669e+003,-4.628371e+001, 1.334846e+002,-9.670376e+003, 0.000000e+000, 0.000000e+000, 0.000000e+000
 4.610000e-001,-1.696502e+003,-1.573249e+003, 3.409841e+003,-9.151262e+003,-4.574273e+001, 1.329214e+002,-9.674166e+003, 0.000000e+000, 0.000000e+000, 0.000000e+000
 4.610500e-001,-1.656462e+003,-1.638465e+003, 3.386599e+003,-9.154601e+003,-4.514494e+001, 1.322670e+002,-9.674799e+003, 0.000000e+000, 0.000000e+000, 0.000000e+000
 4.611000e-001,-1.635482e+003,-1.685031e+003, 3.412903e+003,-9.154683e+003,-4.458503e+001, 1.316060e+002,-9.671692e+003, 0.000000e+000, 0.000000e+000, 0.000000e+000
 4.611500e-001,-1.594237e+003,-1.750459e+003, 3.388582e+003,-9.151508e+003,-4.396942e+001, 1.308485e+002,-9.665437e+003, 0.000000e+000, 0.000000e+000, 0.000000e+000
 4.612000e-001,-1.572113e+003,-1.794428e+003, 3.411051e+003,-9.145078e+003,-4.339100e+001, 1.300903e+002,-9.655435e+003, 0.000000e+000, 0.000000e+000, 0.000000e+000
 4.612500e-001,-1.529766e+003,-1.859962e+003, 3.385809e+003,-9.135395e+003,-4.275806e+001, 1.292310e+002,-9.642298e+003, 0.000000e+000, 0.000000e+000, 0.000000e+000
 4.613000e-001,-1.506485e+003,-1.901287e+003, 3.404294e+003,-9.122464e+003,-4.216137e+001, 1.283767e+002,-9.625409e+003, 0.000000e+000, 0.000000e+000, 0.000000e+000
 4.613500e-001,-1.463137e+003,-1.966817e+003, 3.378279e+003,-9.106286e+003,-4.151141e+001, 1.274172e+002,-9.605410e+003, 0.000000e+000, 0.000000e+000, 0.000000e+000
 4.614000e-001,-1.438693e+003,-2.005458e+003, 3.392646e+003,-9.086874e+003,-4.089659e+001, 1.264680e+002,-9.581655e+003, 0.000000e+000, 0.000000e+000, 0.000000e+000
 4.614500e-001,-1.394443e+003,-2.070875e+003, 3.365994e+003,-9.064225e+003,-4.022977e+001, 1.254102e+002,-9.554821e+003, 0.000000e+000, 0.000000e+000, 0.000000e+000
 4.615000e-001,-1.368834e+003,-2.106795e+003, 3.376128e+003,-9.038357e+003,-3.959680e+001, 1.243676e+002,-9.524231e+003, 0.000000e+000, 0.000000e+000, 0.000000e+000
 4.615500e-001,-1.323778e+003,-2.171987e+003, 3.348965e+003,-9.009271e+003,-3.891314e+001, 1.232136e+002,-9.490602e+003, 0.000000e+000, 0.000000e+000, 0.000000e+000
 4.616000e-001,-1.297009e+003,-2.205156e+003, 3.354770e+003,-8.976987e+003,-3.826191e+001, 1.220793e+002,-9.453217e+003, 0.000000e+000, 0.000000e+000, 0.000000e+000
 4.616500e-001,-1.251242e+003,-2.270010e+003, 3.327207e+003,-8.941504e+003,-3.756129e+001, 1.208315e+002,-9.412838e+003, 0.000000e+000, 0.000000e+000, 0.000000e+000
 4.617000e-001,-1.223321e+003,-2.300401e+003, 3.328611e+003,-8.902851e+003,-3.689157e+001, 1.196074e+002,-9.368708e+003, 0.000000e+000, 0.000000e+000, 0.000000e+000
 4.617500e-001,-1.176934e+003,-2.364808e+003, 3.300743e+003,-8.861023e+003,-3.617379e+001, 1.182685e+002,-9.321640e+003, 0.000000e+000, 0.000000e+000, 0.000000e+000
 4.618000e-001,-1.147878e+003,-2.392396e+003, 3.297695e+003,-8.816056e+003,-3.548529e+001, 1.169567e+002,-9.270825e+003, 0.000000e+000, 0.000000e+000, 0.000000e+000
 4.618500e-001,-1.100957e+003,-2.456245e+003, 3.269600e+003,-8.767943e+003,-3.475005e+001, 1.155296e+002,-9.217134e+003, 0.000000e+000, 0.000000e+000, 0.000000e+000
 4.619000e-001,-1.070787e+003,-2.481010e+003, 3.262073e+003,-8.716727e+003,-3.404240e+001, 1.141324e+002,-9.159707e+003, 0.000000e+000, 0.000000e+000, 0.000000e+000
 4.619500e-001,-1.023417e+003,-2.544194e+003, 3.233814e+003,-8.662399e+003,-3.328934e+001, 1.126203e+002,-9.099469e+003, 0.000000e+000, 0.000000e+000, 0.000000e+000
 4.620000e-001,-9.921617e+002,-2.566118e+003, 3.221806e+003,-8.605006e+003,-3.256215e+001, 1.111401e+002,-9.035510e+003, 0.000000e+000, 0.000000e+000, 0.000000e+000
 4.620500e-001,-9.444219e+002,-2.628529e+003, 3.193427e+003,-8.544543e+003,-3.179087e+001, 1.095462e+002,-8.968813e+003, 0.000000e+000, 0.000000e+000, 0.000000e+000
 4.621000e-001,-9.121146e+002,-2.647599e+003, 3.176957e+003,-8.481056e+003,-3.104371e+001, 1.079858e+002,-8.898411e+003, 0.000000e+000, 0.000000e+000, 0.000000e+000
 4.621500e-001,-8.640818e+002,-2.709132e+003, 3.148487e+003,-8.414542e+003,-3.025380e+001, 1.063135e+002,-8.825351e+003, 0.000000e+000, 0.000000e+000, 0.000000e+000
 4.622000e-001,-8.307618e+002,-2.725336e+003, 3.127600e+003,-8.345053e+003,-2.948622e+001, 1.046758e+002,-8.748607e+003, 0.000000e+000, 0.000000e+000, 0.000000e+000
 4.622500e-001,-7.825087e+002,-2.785889e+003, 3.099050e+003,-8.272585e+003,-2.867727e+001, 1.029286e+002,-8.669288e+003, 0.000000e+000, 0.000000e+000, 0.000000e+000
 4.623000e-001,-7.482211e+002,-2.799219e+003, 3.073813e+003,-8.197192e+003,-2.788886e+001, 1.012164e+002,-8.586314e+003, 0.000000e+000, 0.000000e+000, 0.000000e+000
 4.623500e-001,-6.998168e+002,-2.858691e+003, 3.045177e+003,-8.118875e+003,-2.706051e+001, 9.939805e+001,-8.500851e+003, 0.000000e+000, 0.000000e+000, 0.000000e+000
 4.624000e-001,-6.646119e+002,-2.869144e+003, 3.015679e+003,-8.037687e+003,-2.625087e+001, 9.761452e+001,-8.411766e+003, 0.000000e+000, 0.000000e+000, 0.000000e+000
 4.624500e-001,-6.161217e+002,-2.927434e+003, 2.986937e+003,-7.953630e+003,-2.540278e+001, 9.572871e+001,-8.320281e+003, 0.000000e+000, 0.000000e+000, 0.000000e+000
 4.625000e-001,-5.800553e+002,-2.935010e+003, 2.953291e+003,-7.866764e+003,-2.457157e+001, 9.387700e+001,-8.225213e+003, 0.000000e+000, 0.000000e+000, 0.000000e+000
 4.625500e-001,-5.315411e+002,-2.992019e+003, 2.924406e+003,-7.777090e+003,-2.370350e+001, 9.192751e+001,-8.127839e+003, 0.000000e+000, 0.000000e+000, 0.000000e+000
 4.626000e-001,-4.946736e+002,-2.996723e+003, 2.886742e+003,-7.684668e+003,-2.285045e+001, 9.001085e+001,-8.026927e+003, 0.000000e+000, 0.000000e+000, 0.000000e+000
 4.626500e-001,-4.461938e+002,-3.052355e+003, 2.857667e+003,-7.589505e+003,-2.196223e+001, 8.800149e+001,-7.923803e+003, 0.000000e+000, 0.000000e+000, 0.000000e+000
 4.627000e-001,-4.085902e+002,-3.054198e+003, 2.816135e+003,-7.491661e+003,-2.108714e+001, 8.602317e+001,-7.817193e+003, 0.000000e+000, 0.000000e+000, 0.000000e+000
 4.627500e-001,-3.602000e+002,-3.108354e+003, 2.786810e+003,-7.391144e+003,-2.017872e+001, 8.395771e+001,-7.708470e+003, 0.000000e+000, 0.000000e+000, 0.000000e+000
 4.628000e-001,-3.219297e+002,-3.107351e+003, 2.741575e+003,-7.288016e+003,-1.928149e+001, 8.192109e+001,-7.596317e+003, 0.000000e+000, 0.000000e+000, 0.000000e+000
 4.628500e-001,-2.736809e+002,-3.159936e+003, 2.711930e+003,-7.182289e+003,-1.835295e+001, 7.980331e+001,-7.482150e+003, 0.000000e+000, 0.000000e+000, 0.000000e+000
 4.629000e-001,-2.348171e+002,-3.156108e+003, 2.663174e+003,-7.074025e+003,-1.743361e+001, 7.771174e+001,-7.364619e+003, 0.000000e+000, 0.000000e+000, 0.000000e+000
 4.629500e-001,-1.867589e+002,-3.207023e+003, 2.633132e+003,-6.963239e+003,-1.648513e+001, 7.554533e+001,-7.245173e+003, 0.000000e+000, 0.000000e+000, 0.000000e+000
 4.630000e-001,-1.473782e+002,-3.200401e+003, 2.581048e+003,-6.849994e+003,-1.554382e+001, 7.340221e+001,-7.122434e+003, 0.000000e+000, 0.000000e+000, 0.000000e+000
 4.630500e-001,-9.955692e+001,-3.249549e+003, 2.550524e+003,-6.734306e+003,-1.457578e+001, 7.119083e+001,-6.997882e+003, 0.000000e+000, 0.000000e+000, 0.000000e+000
 4.631000e-001,-5.973926e+001,-3.240168e+003, 2.495316e+003,-6.616240e+003,-1.361277e+001, 6.899953e+001,-6.870116e+003, 0.000000e+000, 0.000000e+000, 0.000000e+000
 4.631500e-001,-1.219847e+001,-3.287448e+003, 2.464222e+003,-6.495815e+003,-1.262566e+001, 6.674674e+001,-6.740637e+003, 0.000000e+000, 0.000000e+000, 0.000000e+000
 4.632000e-001, 2.797349e+001,-3.275353e+003, 2.406104e+003,-6.373097e+003,-1.164139e+001, 6.451061e+001,-6.608029e+003, 0.000000e+000, 0.000000e+000, 0.000000e+000
 4.632500e-001, 7.519247e+001,-3.320663e+003, 2.374349e+003,-6.248107e+003,-1.063589e+001, 6.221991e+001,-6.473810e+003, 0.000000e+000, 0.000000e+000, 0.000000e+000
 4.633000e-001, 1.156337e+002,-3.305907e+003, 2.313539e+003,-6.120911e+003,-9.630938e+000, 5.994230e+001,-6.336556e+003, 0.000000e+000, 0.000000e+000, 0.000000e+000
 4.633500e-001, 1.624917e+002,-3.349146e+003, 2.281033e+003,-5.991534e+003,-8.607880e+000, 5.761706e+001,-6.197790e+003, 0.000000e+000, 0.000000e+000, 0.000000e+000
 4.634000e-001, 2.031152e+002,-3.331789e+003, 2.217755e+003,-5.860041e+003,-7.582995e+000, 5.530127e+001,-6.056088e+003, 0.000000e+000, 0.000000e+000, 0.000000e+000
 4.634500e-001, 2.495752e+002,-3.372851e+003, 2.184407e+003,-5.726459e+003,-6.543393e+000, 5.294479e+001,-5.912976e+003, 0.000000e+000, 0.000000e+000, 0.000000e+000
 4.635000e-001, 2.902924e+002,-3.352962e+003, 2.118887e+003,-5.590856e+003,-5.499490e+000, 5.059409e+001,-5.767034e+003, 0.000000e+000, 0.000000e+000, 0.000000e+000
 4.635500e-001, 3.363190e+002,-3.391741e+003, 2.084611e+003,-5.453261e+003,-4.444525e+000, 4.820958e+001,-5.619781e+003, 0.000000e+000, 0.000000e+000, 0.000000e+000
 4.636000e-001, 3.770399e+002,-3.369399e+003, 2.017076e+003,-5.313740e+003,-3.382691e+000, 4.582721e+001,-5.469812e+003, 0.000000e+000, 0.000000e+000, 0.000000e+000
 4.636500e-001, 4.225994e+002,-3.405786e+003, 1.981789e+003,-5.172326e+003,-2.313715e+000, 4.341775e+001,-5.318629e+003, 0.000000e+000, 0.000000e+000, 0.000000e+000
 4.637000e-001, 4.632334e+002,-3.381078e+003, 1.912464e+003,-5.029085e+003,-1.235211e+000, 4.100692e+001,-5.164851e+003, 0.000000e+000, 0.000000e+000, 0.000000e+000
 4.637500e-001, 5.082934e+002,-3.414961e+003, 1.876092e+003,-4.884054e+003,-1.537436e-001, 3.857553e+001,-5.009957e+003, 0.000000e+000, 0.000000e+000, 0.000000e+000
 4.638000e-001, 5.487495e+002,-3.387983e+003, 1.805198e+003,-4.737296e+003, 9.399912e-001, 3.613941e+001,-4.852592e+003, 0.000000e+000, 0.000000e+000, 0.000000e+000
 4.638500e-001, 5.932787e+002,-3.419252e+003, 1.767672e+003,-4.588853e+003, 2.032269e+000, 3.368901e+001,-4.694209e+003, 0.000000e+000, 0.000000e+000, 0.000000e+000
 4.639000e-001, 6.334658e+002,-3.390106e+003, 1.695426e+003,-4.438786e+003, 3.139624e+000, 3.123075e+001,-4.533486e+003, 0.000000e+000, 0.000000e+000, 0.000000e+000
 4.639500e-001, 6.774342e+002,-3.418647e+003, 1.656689e+003,-4.287141e+003, 4.240876e+000, 2.876422e+001,-4.371841e+003, 0.000000e+000, 0.000000e+000, 0.000000e+000
 4.640000e-001, 7.172613e+002,-3.387446e+003, 1.583303e+003,-4.133979e+003, 5.360068e+000, 2.628692e+001,-4.207992e+003, 0.000000e+000, 0.000000e+000, 0.000000e+000
 4.640500e-001, 7.606394e+002,-3.413145e+003, 1.543305e+003,-3.979347e+003, 6.468309e+000, 2.380708e+001,-4.043316e+003, 0.000000e+000, 0.000000e+000, 0.000000e+000
 4.641000e-001, 8.000164e+002,-3.380005e+003, 1.468982e+003,-3.823306e+003, 7.597388e+000, 2.131385e+001,-3.876577e+003, 0.000000e+000, 0.000000e+000, 0.000000e+000
 4.641500e-001, 8.427756e+002,-3.402750e+003, 1.427686e+003,-3.665906e+003, 8.710497e+000, 1.882346e+001,-3.709107e+003, 0.000000e+000, 0.000000e+000, 0.000000e+000
 4.642000e-001, 8.816134e+002,-3.367797e+003, 1.352622e+003,-3.507208e+003, 9.847353e+000, 1.631739e+001,-3.539718e+003, 0.000000e+000, 0.000000e+000, 0.000000e+000
 4.642500e-001, 9.237253e+002,-3.387476e+003, 1.310001e+003,-3.347264e+003, 1.096308e+001, 1.381920e+001,-3.369693e+003, 0.000000e+000, 0.000000e+000, 0.000000e+000
 4.643000e-001, 9.619361e+002,-3.350838e+003, 1.234383e+003,-3.186132e+003, 1.210545e+001, 1.130339e+001,-3.197896e+003, 0.000000e+000, 0.000000e+000, 0.000000e+000
 4.643500e-001, 1.003373e+003,-3.367341e+003, 1.190424e+003,-3.023870e+003, 1.322144e+001, 8.800128e+000,-3.025559e+003, 0.000000e+000, 0.000000e+000, 0.000000e+000
 4.644000e-001, 1.040870e+003,-3.329152e+003, 1.114428e+003,-2.860534e+003, 1.436691e+001, 6.277686e+000,-2.851601e+003, 0.000000e+000, 0.000000e+000, 0.000000e+000
 4.644500e-001, 1.081604e+003,-3.342373e+003, 1.069129e+003,-2.696184e+003, 1.548069e+001, 3.772085e+000,-2.677196e+003, 0.000000e+000, 0.000000e+000, 0.000000e+000
 4.645000e-001, 1.118305e+003,-3.302770e+003, 9.929232e+002,-2.530875e+003, 1.662674e+001, 1.246121e+000,-2.501324e+003, 0.000000e+000, 0.000000e+000, 0.000000e+000
 4.645500e-001, 1.158307e+003,-3.312607e+003, 9.462929e+002,-2.364668e+003, 1.773576e+001,-1.259063e+000,-2.325101e+003, 0.000000e+000, 0.000000e+000, 0.000000e+000
 4.646000e-001, 1.194129e+003,-3.271729e+003, 8.700349e+002,-2.197620e+003, 1.887971e+001,-3.785413e+000,-2.147565e+003, 0.000000e+000, 0.000000e+000, 0.000000e+000
 4.646500e-001, 1.233372e+003,-3.278085e+003, 8.220962e+002,-2.029794e+003, 1.998136e+001,-6.287398e+000,-1.969775e+003, 0.000000e+000, 0.000000e+000, 0.000000e+000
 4.647000e-001, 1.268237e+003,-3.236070e+003, 7.459328e+002,-1.861243e+003, 2.112046e+001,-8.810971e+000,-1.790827e+003, 0.000000e+000, 0.000000e+000, 0.000000e+000
 4.647500e-001, 1.306692e+003,-3.238856e+003, 6.967195e+002,-1.692034e+003, 2.221205e+001,-1.130694e+001,-1.611721e+003, 0.000000e+000, 0.000000e+000, 0.000000e+000
 4.648000e-001, 1.340524e+003,-3.195844e+003, 6.207883e+002,-1.522219e+003, 2.334345e+001,-1.382454e+001,-1.431613e+003, 0.000000e+000, 0.000000e+000, 0.000000e+000
 4.648500e-001, 1.378161e+003,-3.194976e+003, 5.703454e+002,-1.351867e+003, 2.442225e+001,-1.631162e+001,-1.251447e+003, 0.000000e+000, 0.000000e+000, 0.000000e+000
 4.649000e-001, 1.410888e+003,-3.151104e+003, 4.947743e+002,-1.181030e+003, 2.554303e+001,-1.882004e+001,-1.070433e+003, 0.000000e+000, 0.000000e+000, 0.000000e+000
 4.649500e-001, 1.447678e+003,-3.146510e+003, 4.431573e+002,-1.009776e+003, 2.660631e+001,-2.129532e+001,-8.894617e+002, 0.000000e+000, 0.000000e+000, 0.000000e+000
 4.650000e-001, 1.479230e+003,-3.101912e+003, 3.680654e+002,-8.381569e+002, 2.771347e+001,-2.379128e+001,-7.077960e+002, 0.000000e+000, 0.000000e+000, 0.000000e+000
 4.650500e-001, 1.515141e+003,-3.093530e+003, 3.153393e+002,-6.662441e+002, 2.875849e+001,-2.625179e+001,-5.262757e+002, 0.000000e+000, 0.000000e+000, 0.000000e+000
 4.651000e-001, 1.545454e+003,-3.048334e+003, 2.408374e+002,-4.940869e+002, 2.984902e+001,-2.873203e+001,-3.442128e+002, 0.000000e+000, 0.000000e+000, 0.000000e+000
 4.651500e-001, 1.580456e+003,-3.036111e+003, 1.870763e+002,-3.217585e+002, 3.087303e+001,-3.117474e+001,-1.624003e+002, 0.000000e+000, 0.000000e+000, 0.000000e+000
 4.652000e-001, 1.609469e+003,-2.990444e+003, 1.132675e+002,-1.493073e+002, 3.194390e+001,-3.363594e+001, 1.980515e+001, 0.000000e+000, 0.000000e+000, 0.000000e+000
 4.652500e-001, 1.643527e+003,-2.974341e+003, 5.855318e+001, 2.319258e+001, 3.294418e+001,-3.605778e+001, 2.016527e+002, 0.000000e+000, 0.000000e+000, 0.000000e+000
 4.653000e-001, 1.671185e+003,-2.928320e+003,-1.446636e+001, 1.956934e+002, 3.399236e+001,-3.849662e+001, 3.837466e+002, 0.000000e+000, 0.000000e+000, 0.000000e+000
 4.653500e-001, 1.704265e+003,-2.908310e+003,-7.004529e+001, 3.681203e+002, 3.496625e+001,-4.089446e+001, 5.653724e+002, 0.000000e+000, 0.000000e+000, 0.000000e+000
 4.654000e-001, 1.730515e+003,-2.862046e+003,-1.421856e+002, 5.404261e+002, 3.598874e+001,-4.330761e+001, 7.471011e+002, 0.000000e+000, 0.000000e+000, 0.000000e+000
 4.654500e-001, 1.762582e+003,-2.838116e+003,-1.985345e+002, 7.125357e+002, 3.693363e+001,-4.567829e+001, 9.282486e+002, 0.000000e+000, 0.000000e+000, 0.000000e+000
 4.655000e-001, 1.787379e+003,-2.791712e+003,-2.697109e+002, 8.844022e+002, 3.792747e+001,-4.806241e+001, 1.109359e+003, 0.000000e+000, 0.000000e+000, 0.000000e+000
 4.655500e-001, 1.818393e+003,-2.763864e+003,-3.267307e+002, 1.055950e+003, 3.884082e+001,-5.040275e+001, 1.289773e+003, 0.000000e+000, 0.000000e+000, 0.000000e+000
 4.656000e-001, 1.841696e+003,-2.717414e+003,-3.968630e+002, 1.227134e+003, 3.980313e+001,-5.275451e+001, 1.470015e+003, 0.000000e+000, 0.000000e+000, 0.000000e+000
 4.656500e-001, 1.871619e+003,-2.685664e+003,-4.544504e+002, 1.397877e+003, 4.068252e+001,-5.506132e+001, 1.649440e+003, 0.000000e+000, 0.000000e+000, 0.000000e+000
 4.657000e-001, 1.893392e+003,-2.639252e+003,-5.234625e+002, 1.568134e+003, 4.161050e+001,-5.737741e+001, 1.828562e+003, 0.000000e+000, 0.000000e+000, 0.000000e+000
 4.657500e-001, 1.922183e+003,-2.603633e+003,-5.815117e+002, 1.737831e+003, 4.245359e+001,-5.964748e+001, 2.006746e+003, 0.000000e+000, 0.000000e+000, 0.000000e+000
 4.658000e-001, 1.942396e+003,-2.557335e+003,-6.493305e+002, 1.906920e+003, 4.334455e+001,-6.192463e+001, 2.184500e+003, 0.000000e+000, 0.000000e+000, 0.000000e+000
 4.658500e-001, 1.970011e+003,-2.517893e+003,-7.077336e+002, 2.075329e+003, 4.414915e+001,-6.415478e+001, 2.361191e+003, 0.000000e+000, 0.000000e+000, 0.000000e+000
 4.659000e-001, 1.988640e+003,-2.471773e+003,-7.742886e+002, 2.243011e+003, 4.500055e+001,-6.638975e+001, 2.537332e+003, 0.000000e+000, 0.000000e+000, 0.000000e+000
 4.659500e-001, 2.015034e+003,-2.428570e+003,-8.329365e+002, 2.409893e+003, 4.576460e+001,-6.857681e+001, 2.712281e+003, 0.000000e+000, 0.000000e+000, 0.000000e+000
 4.660000e-001, 2.032062e+003,-2.382686e+003,-8.981595e+002, 2.575929e+003, 4.657404e+001,-7.076643e+001, 2.886564e+003, 0.000000e+000, 0.000000e+000, 0.000000e+000
 4.660500e-001, 2.057187e+003,-2.335798e+003,-9.569427e+002, 2.741047e+003, 4.729564e+001,-7.290730e+001, 3.059524e+003, 0.000000e+000, 0.000000e+000, 0.000000e+000
 4.661000e-001, 2.072603e+003,-2.290194e+003,-1.020767e+003, 2.905201e+003, 4.806089e+001,-7.504845e+001, 3.231707e+003, 0.000000e+000, 0.000000e+000, 0.000000e+000
 4.661500e-001, 2.096408e+003,-2.239714e+003,-1.079576e+003, 3.068322e+003, 4.873832e+001,-7.714007e+001, 3.402435e+003, 0.000000e+000, 0.000000e+000, 0.000000e+000
 4.662000e-001, 2.110206e+003,-2.194426e+003,-1.141937e+003, 3.230360e+003, 4.945735e+001,-7.922970e+001, 3.572280e+003, 0.000000e+000, 0.000000e+000, 0.000000e+000
 4.662500e-001, 2.132642e+003,-2.140459e+003,-1.200663e+003, 3.391250e+003, 5.008906e+001,-8.126907e+001, 3.740534e+003, 0.000000e+000, 0.000000e+000, 0.000000e+000
 4.663000e-001, 2.144821e+003,-2.095515e+003,-1.261497e+003, 3.550943e+003, 5.076006e+001,-8.330422e+001, 3.907804e+003, 0.000000e+000, 0.000000e+000, 0.000000e+000
 4.663500e-001, 2.165833e+003,-2.038180e+003,-1.320031e+003, 3.709375e+003, 5.134468e+001,-8.528842e+001, 4.073347e+003, 0.000000e+000, 0.000000e+000, 0.000000e+000
 4.664000e-001, 2.176402e+003,-1.993599e+003,-1.379276e+003, 3.866495e+003, 5.196605e+001,-8.726622e+001, 4.237811e+003, 0.000000e+000, 0.000000e+000, 0.000000e+000
 4.664500e-001, 2.195935e+003,-1.933027e+003,-1.437511e+003, 4.022243e+003, 5.250246e+001,-8.919243e+001, 4.400409e+003, 0.000000e+000, 0.000000e+000, 0.000000e+000
 4.665000e-001, 2.204906e+003,-1.888820e+003,-1.495106e+003, 4.176567e+003, 5.307284e+001,-9.111008e+001, 4.561836e+003, 0.000000e+000, 0.000000e+000, 0.000000e+000
 4.665500e-001, 2.222901e+003,-1.825154e+003,-1.552937e+003, 4.329410e+003, 5.356010e+001,-9.297557e+001, 4.721260e+003, 0.000000e+000, 0.000000e+000, 0.000000e+000
 4.666000e-001, 2.230296e+003,-1.781326e+003,-1.608823e+003, 4.480718e+003, 5.407838e+001,-9.483038e+001, 4.879427e+003, 0.000000e+000, 0.000000e+000, 0.000000e+000
 4.666500e-001, 2.246694e+003,-1.714718e+003,-1.666145e+003, 4.630438e+003, 5.451577e+001,-9.663251e+001, 5.035451e+003, 0.000000e+000, 0.000000e+000, 0.000000e+000
 4.667000e-001, 2.252537e+003,-1.671266e+003,-1.720265e+003, 4.778514e+003, 5.498111e+001,-9.842185e+001, 5.190136e+003, 0.000000e+000, 0.000000e+000, 0.000000e+000
 4.667500e-001, 2.267278e+003,-1.601880e+003,-1.776972e+003, 4.924898e+003, 5.536816e+001,-1.001581e+002, 5.342539e+003, 0.000000e+000, 0.000000e+000, 0.000000e+000
 4.668000e-001, 2.271600e+003,-1.558798e+003,-1.829274e+003, 5.069533e+003, 5.577995e+001,-1.018795e+002, 5.493525e+003, 0.000000e+000, 0.000000e+000, 0.000000e+000
 4.668500e-001, 2.284622e+003,-1.486804e+003,-1.885263e+003, 5.212373e+003, 5.611641e+001,-1.035474e+002, 5.642092e+003, 0.000000e+000, 0.000000e+000, 0.000000e+000
 4.669000e-001, 2.287460e+003,-1.444079e+003,-1.935695e+003, 5.353358e+003, 5.647434e+001,-1.051984e+002, 5.789167e+003, 0.000000e+000, 0.000000e+000, 0.000000e+000
 4.669500e-001, 2.298700e+003,-1.369656e+003,-1.990862e+003, 5.492451e+003, 5.676017e+001,-1.067957e+002, 5.933687e+003, 0.000000e+000, 0.000000e+000, 0.000000e+000
 4.670000e-001, 2.300098e+003,-1.327274e+003,-2.039377e+003, 5.629588e+003, 5.706419e+001,-1.083739e+002, 6.076645e+003, 0.000000e+000, 0.000000e+000, 0.000000e+000
 4.670500e-001, 2.309491e+003,-1.250605e+003,-2.093620e+003, 5.764734e+003, 5.729961e+001,-1.098983e+002, 6.216913e+003, 0.000000e+000, 0.000000e+000, 0.000000e+000
 4.671000e-001, 2.309496e+003,-1.208549e+003,-2.140175e+003, 5.897826e+003, 5.754992e+001,-1.114014e+002, 6.355551e+003, 0.000000e+000, 0.000000e+000, 0.000000e+000
 4.671500e-001, 2.316980e+003,-1.129822e+003,-2.193387e+003, 6.028834e+003, 5.773536e+001,-1.128509e+002, 6.491369e+003, 0.000000e+000, 0.000000e+000, 0.000000e+000
 4.672000e-001, 2.315642e+003,-1.088072e+003,-2.237947e+003, 6.157692e+003, 5.793241e+001,-1.142768e+002, 6.625490e+003, 0.000000e+000, 0.000000e+000, 0.000000e+000
 4.672500e-001, 2.321154e+003,-1.007481e+003,-2.290023e+003, 6.284375e+003, 5.806852e+001,-1.156491e+002, 6.756666e+003, 0.000000e+000, 0.000000e+000, 0.000000e+000
 4.673000e-001, 2.318531e+003,-9.660159e+002,-2.332554e+003, 6.408814e+003, 5.821301e+001,-1.169957e+002, 6.886080e+003, 0.000000e+000, 0.000000e+000, 0.000000e+000
 4.673500e-001, 2.322006e+003,-8.837556e+002,-2.383389e+003, 6.530992e+003, 5.830066e+001,-1.182890e+002, 7.012427e+003, 0.000000e+000, 0.000000e+000, 0.000000e+000
 4.674000e-001, 2.318158e+003,-8.425560e+002,-2.423866e+003, 6.650835e+003, 5.839352e+001,-1.195541e+002, 7.136950e+003, 0.000000e+000, 0.000000e+000, 0.000000e+000
 4.674500e-001, 2.319537e+003,-7.588231e+002,-2.473349e+003, 6.768332e+003, 5.843375e+001,-1.207665e+002, 7.258287e+003, 0.000000e+000, 0.000000e+000, 0.000000e+000
 4.675000e-001, 2.314525e+003,-7.178690e+002,-2.511754e+003, 6.883409e+003, 5.847614e+001,-1.219481e+002, 7.377741e+003, 0.000000e+000, 0.000000e+000, 0.000000e+000
 4.675500e-001, 2.313747e+003,-6.328610e+002,-2.559775e+003, 6.996058e+003, 5.847019e+001,-1.230778e+002, 7.493897e+003, 0.000000e+000, 0.000000e+000, 0.000000e+000
 4.676000e-001, 2.307637e+003,-5.921335e+002,-2.596097e+003, 7.106203e+003, 5.846345e+001,-1.241740e+002, 7.608110e+003, 0.000000e+000, 0.000000e+000, 0.000000e+000
 4.676500e-001, 2.304647e+003,-5.060482e+002,-2.642542e+003, 7.213843e+003, 5.841270e+001,-1.252192e+002, 7.718920e+003, 0.000000e+000, 0.000000e+000, 0.000000e+000
 4.677000e-001, 2.297505e+003,-4.655301e+002,-2.676777e+003, 7.318900e+003, 5.835834e+001,-1.262281e+002, 7.827727e+003, 0.000000e+000, 0.000000e+000, 0.000000e+000
 4.677500e-001, 2.292248e+003,-3.785646e+002,-2.721530e+003, 7.421378e+003, 5.826436e+001,-1.271871e+002, 7.933033e+003, 0.000000e+000, 0.000000e+000, 0.000000e+000
 4.678000e-001, 2.284142e+003,-3.382403e+002,-2.753683e+003, 7.521196e+003, 5.816404e+001,-1.281069e+002, 8.036277e+003, 0.000000e+000, 0.000000e+000, 0.000000e+000
 4.678500e-001, 2.276570e+003,-2.505904e+002,-2.796625e+003, 7.618365e+003, 5.802848e+001,-1.289781e+002, 8.135929e+003, 0.000000e+000, 0.000000e+000, 0.000000e+000
 4.679000e-001, 2.267568e+003,-2.104467e+002,-2.826708e+003, 7.712801e+003, 5.788398e+001,-1.298069e+002, 8.233460e+003, 0.000000e+000, 0.000000e+000, 0.000000e+000
 4.679500e-001, 2.257635e+003,-1.223065e+002,-2.867718e+003, 7.804522e+003, 5.770860e+001,-1.305887e+002, 8.327315e+003, 0.000000e+000, 0.000000e+000, 0.000000e+000
 4.680000e-001, 2.247804e+003,-8.233251e+001,-2.895751e+003, 7.893443e+003, 5.752180e+001,-1.313250e+002, 8.418991e+003, 0.000000e+000, 0.000000e+000, 0.000000e+000
 4.680500e-001, 2.235470e+003, 6.106032e+000,-2.934706e+003, 7.979585e+003, 5.730844e+001,-1.320159e+002, 8.506917e+003, 0.000000e+000, 0.000000e+000, 0.000000e+000
 4.681000e-001, 2.224878e+003, 4.591886e+001,-2.960717e+003, 8.062863e+003, 5.708129e+001,-1.326579e+002, 8.592604e+003, 0.000000e+000, 0.000000e+000, 0.000000e+000
 4.681500e-001, 2.210109e+003, 1.344662e+002,-2.997493e+003, 8.143303e+003, 5.683184e+001,-1.332565e+002, 8.674474e+003, 0.000000e+000, 0.000000e+000, 0.000000e+000
 4.682000e-001, 2.198820e+003, 1.741239e+002,-3.021517e+003, 8.220818e+003, 5.656631e+001,-1.338027e+002, 8.754044e+003, 0.000000e+000, 0.000000e+000, 0.000000e+000
 4.682500e-001, 2.181590e+003, 2.625931e+002,-3.055987e+003, 8.295440e+003, 5.628267e+001,-1.343076e+002, 8.829742e+003, 0.000000e+000, 0.000000e+000, 0.000000e+000
 4.683000e-001, 2.169664e+003, 3.020996e+002,-3.078066e+003, 8.367083e+003, 5.598075e+001,-1.347566e+002, 8.903079e+003, 0.000000e+000, 0.000000e+000, 0.000000e+000
 4.683500e-001, 2.149953e+003, 3.903064e+002,-3.110103e+003, 8.435781e+003, 5.566482e+001,-1.351666e+002, 8.972496e+003, 0.000000e+000, 0.000000e+000, 0.000000e+000
 4.684000e-001, 2.137451e+003, 4.296631e+002,-3.130286e+003, 8.501448e+003, 5.532850e+001,-1.355171e+002, 9.039491e+003, 0.000000e+000, 0.000000e+000, 0.000000e+000
 4.684500e-001, 2.115247e+003, 5.174264e+002,-3.159763e+003, 8.564124e+003, 5.498214e+001,-1.358310e+002, 9.102527e+003, 0.000000e+000, 0.000000e+000, 0.000000e+000
 4.685000e-001, 2.102222e+003, 5.566329e+002,-3.178104e+003, 8.623722e+003, 5.461334e+001,-1.360818e+002, 9.163081e+003, 0.000000e+000, 0.000000e+000, 0.000000e+000
 4.685500e-001, 2.077523e+003, 6.437744e+002,-3.204896e+003, 8.680286e+003, 5.423838e+001,-1.362985e+002, 9.219645e+003, 0.000000e+000, 0.000000e+000, 0.000000e+000
 4.686000e-001, 2.064026e+003, 6.828282e+002,-3.221453e+003, 8.733729e+003, 5.383896e+001,-1.364486e+002, 9.273666e+003, 0.000000e+000, 0.000000e+000, 0.000000e+000
 4.686500e-001, 2.036837e+003, 7.691729e+002,-3.245437e+003, 8.784100e+003, 5.343713e+001,-1.365672e+002, 9.323676e+003, 0.000000e+000, 0.000000e+000, 0.000000e+000
 4.687000e-001, 2.022911e+003, 8.080697e+002,-3.260272e+003, 8.831313e+003, 5.300885e+001,-1.366157e+002, 9.371083e+003, 0.000000e+000, 0.000000e+000, 0.000000e+000
 4.687500e-001, 1.993248e+003, 8.934454e+002,-3.281327e+003, 8.875418e+003, 5.258179e+001,-1.366355e+002, 9.414467e+003, 0.000000e+000, 0.000000e+000, 0.000000e+000
 4.688000e-001, 1.978934e+003, 9.321796e+002,-3.294505e+003, 8.916333e+003, 5.212632e+001,-1.365816e+002, 9.455188e+003, 0.000000e+000, 0.000000e+000, 0.000000e+000
 4.688500e-001, 1.946822e+003, 1.016418e+003,-3.312516e+003, 8.954110e+003, 5.167554e+001,-1.365019e+002, 9.491882e+003, 0.000000e+000, 0.000000e+000, 0.000000e+000
 4.689000e-001, 1.932152e+003, 1.054982e+003,-3.324103e+003, 8.988668e+003, 5.119441e+001,-1.363453e+002, 9.525854e+003, 0.000000e+000, 0.000000e+000, 0.000000e+000
 4.689500e-001, 1.897627e+003, 1.137917e+003,-3.338960e+003, 9.020063e+003, 5.072129e+001,-1.361656e+002, 9.555805e+003, 0.000000e+000, 0.000000e+000, 0.000000e+000
 4.690000e-001, 1.882628e+003, 1.176303e+003,-3.349022e+003, 9.048216e+003, 5.021589e+001,-1.359060e+002, 9.582975e+003, 0.000000e+000, 0.000000e+000, 0.000000e+000
 4.690500e-001, 1.845736e+003, 1.257773e+003,-3.360623e+003, 9.073185e+003, 4.972166e+001,-1.356260e+002, 9.606137e+003, 0.000000e+000, 0.000000e+000, 0.000000e+000
 4.691000e-001, 1.830427e+003, 1.295970e+003,-3.369225e+003, 9.094892e+003, 4.919323e+001,-1.352634e+002, 9.626463e+003, 0.000000e+000, 0.000000e+000, 0.000000e+000
 4.691500e-001, 1.791226e+003, 1.375817e+003,-3.377475e+003, 9.113396e+003, 4.867897e+001,-1.348831e+002, 9.642803e+003, 0.000000e+000, 0.000000e+000, 0.000000e+000
 4.692000e-001, 1.775620e+003, 1.413814e+003,-3.384680e+003, 9.128627e+003, 4.812859e+001,-1.344178e+002, 9.656251e+003, 0.000000e+000, 0.000000e+000, 0.000000e+000
 4.692500e-001, 1.734177e+003, 1.491884e+003,-3.389493e+003, 9.140644e+003, 4.759520e+001,-1.339372e+002, 9.665741e+003, 0.000000e+000, 0.000000e+000, 0.000000e+000
 4.693000e-001, 1.718280e+003, 1.529669e+003,-3.395362e+003, 9.149377e+003, 4.702379e+001,-1.333696e+002, 9.672291e+003, 0.000000e+000, 0.000000e+000, 0.000000e+000
 4.693500e-001, 1.674673e+003, 1.605812e+003,-3.396663e+003, 9.154887e+003, 4.647201e+001,-1.327892e+002, 9.674916e+003, 0.000000e+000, 0.000000e+000, 0.000000e+000
 4.694000e-001, 1.658484e+003, 1.643370e+003,-3.401251e+003, 9.157110e+003, 4.588034e+001,-1.321200e+002, 9.674553e+003, 0.000000e+000, 0.000000e+000, 0.000000e+000
 4.694500e-001, 1.612802e+003, 1.717440e+003,-3.398978e+003, 9.156106e+003, 4.531073e+001,-1.314403e+002, 9.670308e+003, 0.000000e+000, 0.000000e+000, 0.000000e+000
 4.695000e-001, 1.596313e+003, 1.754755e+003,-3.402334e+003, 9.151817e+003, 4.469939e+001,-1.306707e+002, 9.663029e+003, 0.000000e+000, 0.000000e+000, 0.000000e+000
 4.695500e-001, 1.548653e+003, 1.826614e+003,-3.396436e+003, 9.144302e+003, 4.411235e+001,-1.298926e+002, 9.651916e+003, 0.000000e+000, 0.000000e+000, 0.000000e+000
 4.696000e-001, 1.531850e+003, 1.863666e+003,-3.398606e+003, 9.133507e+003, 4.348182e+001,-1.290237e+002, 9.637731e+003, 0.000000e+000, 0.000000e+000, 0.000000e+000
 4.696500e-001, 1.482322e+003, 1.933181e+003,-3.389046e+003, 9.119490e+003, 4.287758e+001,-1.281483e+002, 9.619764e+003, 0.000000e+000, 0.000000e+000, 0.000000e+000
 4.697000e-001, 1.465184e+003, 1.969949e+003,-3.390065e+003, 9.102206e+003, 4.222816e+001,-1.271817e+002, 9.598690e+003, 0.000000e+000, 0.000000e+000, 0.000000e+000
 4.697500e-001, 1.413905e+003, 2.036991e+003,-3.376821e+003, 9.081708e+003, 4.160681e+001,-1.262103e+002, 9.573891e+003, 0.000000e+000, 0.000000e+000, 0.000000e+000
 4.698000e-001, 1.396404e+003, 2.073451e+003,-3.376719e+003, 9.057959e+003, 4.093869e+001,-1.251480e+002, 9.545958e+003, 0.000000e+000, 0.000000e+000, 0.000000e+000
 4.698500e-001, 1.343502e+003, 2.137902e+003,-3.359783e+003, 9.031010e+003, 4.030017e+001,-1.240821e+002, 9.514358e+003, 0.000000e+000, 0.000000e+000, 0.000000e+000
 4.699000e-001, 1.325606e+003, 2.174025e+003,-3.358582e+003, 9.000831e+003, 3.961343e+001,-1.229260e+002, 9.479605e+003, 0.000000e+000, 0.000000e+000, 0.000000e+000
 4.699500e-001, 1.271214e+003, 2.235772e+003,-3.337960e+003, 8.967470e+003, 3.895757e+001,-1.217675e+002, 9.441249e+003, 0.000000e+000, 0.000000e+000, 0.000000e+000
 4.700000e-001, 1.252887e+003, 2.271526e+003,-3.335671e+003, 8.930905e+003, 3.825219e+001,-1.205201e+002, 9.399725e+003, 0.000000e+000, 0.000000e+000, 0.000000e+000
 4.700500e-001, 1.197148e+003, 2.330467e+003,-3.311388e+003, 8.891180e+003, 3.757867e+001,-1.192709e+002, 9.354662e+003, 0.000000e+000, 0.000000e+000, 0.000000e+000
 4.701000e-001, 1.178347e+003, 2.365813e+003,-3.308015e+003, 8.848281e+003, 3.685456e+001,-1.179346e+002, 9.306426e+003, 0.000000e+000, 0.000000e+000, 0.000000e+000
 4.701500e-001, 1.121410e+003, 2.421854e+003,-3.280109e+003, 8.802249e+003, 3.616301e+001,-1.165971e+002, 9.254719e+003, 0.000000e+000, 0.000000e+000, 0.000000e+000
 4.702000e-001, 1.102090e+003, 2.456752e+003,-3.275647e+003, 8.753078e+003, 3.542000e+001,-1.151747e+002, 9.199841e+003, 0.000000e+000, 0.000000e+000, 0.000000e+000
 4.702500e-001, 1.044109e+003, 2.509809e+003,-3.244172e+003, 8.700806e+003, 3.470996e+001,-1.137513e+002, 9.141562e+003, 0.000000e+000, 0.000000e+000, 0.000000e+000
 4.703000e-001, 1.024221e+003, 2.544209e+003,-3.238606e+003, 8.645435e+003, 3.394786e+001,-1.122458e+002, 9.080119e+003, 0.000000e+000, 0.000000e+000, 0.000000e+000
 4.703500e-001, 9.653572e+002, 2.594209e+003,-3.203633e+003, 8.586996e+003, 3.321883e+001,-1.107391e+002, 9.015349e+003, 0.000000e+000, 0.000000e+000, 0.000000e+000
 4.704000e-001, 9.448513e+002, 2.628057e+003,-3.196942e+003, 8.525504e+003, 3.243742e+001,-1.091535e+002, 8.947433e+003, 0.000000e+000, 0.000000e+000, 0.000000e+000
 4.704500e-001, 8.852669e+002, 2.674940e+003,-3.158553e+003, 8.460984e+003, 3.168885e+001,-1.075664e+002, 8.876260e+003, 0.000000e+000, 0.000000e+000, 0.000000e+000
 4.705000e-001, 8.640908e+002, 2.708173e+003,-3.150707e+003, 8.393460e+003, 3.088790e+001,-1.059041e+002, 8.801971e+003, 0.000000e+000, 0.000000e+000, 0.000000e+000
 4.705500e-001, 8.039530e+002, 2.751890e+003,-3.109002e+003, 8.322950e+003, 3.011925e+001,-1.042395e+002, 8.724495e+003, 0.000000e+000, 0.000000e+000, 0.000000e+000
 4.706000e-001, 7.820544e+002, 2.784440e+003,-3.099962e+003, 8.249489e+003, 2.929855e+001,-1.025038e+002, 8.643939e+003, 0.000000e+000, 0.000000e+000, 0.000000e+000
 4.706500e-001, 7.215317e+002, 2.824954e+003,-3.055053e+003, 8.173092e+003, 2.850929e+001,-1.007649e+002, 8.560271e+003, 0.000000e+000, 0.000000e+000, 0.000000e+000
 4.707000e-001, 6.988582e+002, 2.856746e+003,-3.044777e+003, 8.093801e+003, 2.766867e+001,-9.895928e+001, 8.473568e+003, 0.000000e+000, 0.000000e+000, 0.000000e+000
 4.707500e-001, 6.381205e+002, 2.894033e+003,-2.996789e+003, 8.011625e+003, 2.685830e+001,-9.714912e+001, 8.383823e+003, 0.000000e+000, 0.000000e+000, 0.000000e+000
 4.708000e-001, 6.146208e+002, 2.924982e+003,-2.985225e+003, 7.926617e+003, 2.599764e+001,-9.527719e+001, 8.291101e+003, 0.000000e+000, 0.000000e+000, 0.000000e+000
 4.708500e-001, 5.538381e+002, 2.959032e+003,-2.934295e+003, 7.838780e+003, 2.516573e+001,-9.339914e+001, 8.195408e+003, 0.000000e+000, 0.000000e+000, 0.000000e+000
 4.709000e-001, 5.294628e+002, 2.989048e+003,-2.921388e+003, 7.748176e+003, 2.428497e+001,-9.146445e+001, 8.096801e+003, 0.000000e+000, 0.000000e+000, 0.000000e+000
 4.709500e-001, 4.688039e+002, 3.019864e+003,-2.867663e+003, 7.654804e+003, 2.343115e+001,-8.952187e+001, 7.995295e+003, 0.000000e+000, 0.000000e+000, 0.000000e+000
 4.710000e-001, 4.435061e+002, 3.048847e+003,-2.853354e+003, 7.558734e+003, 2.253031e+001,-8.752803e+001, 7.890949e+003, 0.000000e+000, 0.000000e+000, 0.000000e+000
 4.710500e-001, 3.831384e+002, 3.076444e+003,-2.796992e+003, 7.459959e+003, 2.165432e+001,-8.552434e+001, 7.783776e+003, 0.000000e+000, 0.000000e+000, 0.000000e+000
 4.711000e-001, 3.568746e+002, 3.104291e+003,-2.781218e+003, 7.358561e+003, 2.073354e+001,-8.347496e+001, 7.673844e+003, 0.000000e+000, 0.000000e+000, 0.000000e+000
 4.711500e-001, 2.969626e+002, 3.128698e+003,-2.722384e+003, 7.254525e+003, 1.983522e+001,-8.141359e+001, 7.561156e+003, 0.000000e+000, 0.000000e+000, 0.000000e+000
 4.712000e-001, 2.696935e+002, 3.155295e+003,-2.705081e+003, 7.147942e+003, 1.889471e+001,-7.931227e+001, 7.445799e+003, 0.000000e+000, 0.000000e+000, 0.000000e+000
 4.712500e-001, 2.103981e+002, 3.176552e+003,-2.643949e+003, 7.038795e+003, 1.797406e+001,-7.719667e+001, 7.327757e+003, 0.000000e+000, 0.000000e+000, 0.000000e+000
 4.713000e-001, 1.820889e+002, 3.201783e+003,-2.625051e+003, 6.927180e+003, 1.701416e+001,-7.504696e+001, 7.207146e+003, 0.000000e+000, 0.000000e+000, 0.000000e+000
 4.713500e-001, 1.235666e+002, 3.219943e+003,-2.561799e+003, 6.813075e+003, 1.607130e+001,-7.288058e+001, 7.083919e+003, 0.000000e+000, 0.000000e+000, 0.000000e+000
 4.714000e-001, 9.418794e+001, 3.243685e+003,-2.541241e+003, 6.696586e+003, 1.509248e+001,-7.068598e+001, 6.958231e+003, 0.000000e+000, 0.000000e+000, 0.000000e+000
 4.714500e-001, 3.659019e+001, 3.258811e+003,-2.476052e+003, 6.577688e+003, 1.412769e+001,-6.847224e+001, 6.829997e+003, 0.000000e+000, 0.000000e+000, 0.000000e+000
 4.715000e-001, 6.118618e+000, 3.280936e+003,-2.453771e+003, 6.456492e+003, 1.313057e+001,-6.623620e+001, 6.699414e+003, 0.000000e+000, 0.000000e+000, 0.000000e+000
 4.715500e-001,-5.040921e+001, 3.293103e+003,-2.386833e+003, 6.332968e+003, 1.214430e+001,-6.397849e+001, 6.566356e+003, 0.000000e+000, 0.000000e+000, 0.000000e+000
 4.716000e-001,-8.199072e+001, 3.313481e+003,-2.362765e+003, 6.207237e+003, 1.112960e+001,-6.170437e+001, 6.431071e+003, 0.000000e+000, 0.000000e+000, 0.000000e+000
 4.716500e-001,-1.373097e+002, 3.322771e+003,-2.294267e+003, 6.079264e+003, 1.012250e+001,-5.940606e+001, 6.293382e+003, 0.000000e+000, 0.000000e+000, 0.000000e+000
 4.717000e-001,-1.700114e+002, 3.341270e+003,-2.268355e+003, 5.949176e+003, 9.091102e+000,-5.709716e+001, 6.153591e+003, 0.000000e+000, 0.000000e+000, 0.000000e+000
 4.717500e-001,-2.239898e+002, 3.347773e+003,-2.198487e+003, 5.816936e+003, 8.063982e+000,-5.476155e+001, 6.011470e+003, 0.000000e+000, 0.000000e+000, 0.000000e+000
 4.718000e-001,-2.578148e+002, 3.364262e+003,-2.170676e+003, 5.682676e+003, 7.016916e+000,-5.242108e+001, 5.867377e+003, 0.000000e+000, 0.000000e+000, 0.000000e+000
 4.718500e-001,-3.103284e+002, 3.368075e+003,-2.099629e+003, 5.546357e+003, 5.970792e+000,-5.005143e+001, 5.721028e+003, 0.000000e+000, 0.000000e+000, 0.000000e+000
 4.719000e-001,-3.452723e+002, 3.382421e+003,-2.069869e+003, 5.408117e+003, 4.909225e+000,-4.768253e+001, 5.572843e+003, 0.000000e+000, 0.000000e+000, 0.000000e+000
 4.719500e-001,-3.962052e+002, 3.383647e+003,-1.997833e+003, 5.267912e+003, 3.845303e+000,-4.528205e+001, 5.422478e+003, 0.000000e+000, 0.000000e+000, 0.000000e+000
 4.720000e-001,-4.322558e+002, 3.395720e+003,-1.966079e+003, 5.125886e+003, 2.770550e+000,-4.288777e+001, 5.270416e+003, 0.000000e+000, 0.000000e+000, 0.000000e+000
 4.720500e-001,-4.815003e+002, 3.394466e+003,-1.893242e+003, 4.981996e+003, 1.690230e+000,-4.045963e+001, 5.116251e+003, 0.000000e+000, 0.000000e+000, 0.000000e+000
 4.721000e-001,-5.186379e+002, 3.404141e+003,-1.859456e+003, 4.836386e+003, 6.037499e-001,-3.804297e+001, 4.960532e+003, 0.000000e+000, 0.000000e+000, 0.000000e+000
 4.721500e-001,-5.660952e+002, 3.400513e+003,-1.786005e+003, 4.689013e+003,-4.913732e-001,-3.559029e+001, 4.802790e+003, 0.000000e+000, 0.000000e+000, 0.000000e+000
 4.722000e-001,-6.042917e+002, 3.407671e+003,-1.750156e+003, 4.540026e+003,-1.587984e+000,-3.315417e+001, 4.643639e+003, 0.000000e+000, 0.000000e+000, 0.000000e+000
 4.722500e-001,-6.498723e+002, 3.401780e+003,-1.676271e+003, 4.389381e+003,-2.696127e+000,-3.068004e+001, 4.482548e+003, 0.000000e+000, 0.000000e+000, 0.000000e+000
 4.723000e-001,-6.890917e+002, 3.406305e+003,-1.638334e+003, 4.237228e+003,-3.801135e+000,-2.822734e+001, 4.320194e+003, 0.000000e+000, 0.000000e+000, 0.000000e+000
 4.723500e-001,-7.327150e+002, 3.398259e+003,-1.564195e+003, 4.083523e+003,-4.920332e+000,-2.573480e+001, 4.155986e+003, 0.000000e+000, 0.000000e+000, 0.000000e+000
 4.724000e-001,-7.729136e+002, 3.400049e+003,-1.524154e+003, 3.928419e+003,-6.031874e+000,-2.326836e+001, 3.990662e+003, 0.000000e+000, 0.000000e+000, 0.000000e+000
 4.724500e-001,-8.145084e+002, 3.389952e+003,-1.449934e+003, 3.771873e+003,-7.159984e+000,-2.076046e+001, 3.823574e+003, 0.000000e+000, 0.000000e+000, 0.000000e+000
 4.725000e-001,-8.556344e+002, 3.388911e+003,-1.407781e+003, 3.614039e+003,-8.276073e+000,-1.828309e+001, 3.655517e+003, 0.000000e+000, 0.000000e+000, 0.000000e+000
 4.725500e-001,-8.951390e+002, 3.376867e+003,-1.333649e+003, 3.454872e+003,-9.410789e+000,-1.576284e+001, 3.485789e+003, 0.000000e+000, 0.000000e+000, 0.000000e+000
 4.726000e-001,-9.371330e+002, 3.372911e+003,-1.289381e+003, 3.294531e+003,-1.052932e+001,-1.327734e+001, 3.315239e+003, 0.000000e+000, 0.000000e+000, 0.000000e+000
 4.726500e-001,-9.744951e+002, 3.359018e+003,-1.215502e+003, 3.132971e+003,-1.166818e+001,-1.074776e+001, 3.143115e+003, 0.000000e+000, 0.000000e+000, 0.000000e+000
 4.727000e-001,-1.017290e+003, 3.352075e+003,-1.169127e+003, 2.970349e+003,-1.278695e+001,-8.256928e+000, 2.970314e+003, 0.000000e+000, 0.000000e+000, 0.000000e+000
 4.727500e-001,-1.052467e+003, 3.336424e+003,-1.095658e+003, 2.806624e+003,-1.392736e+001,-5.721050e+000, 2.796042e+003, 0.000000e+000, 0.000000e+000, 0.000000e+000
 4.728000e-001,-1.095988e+003, 3.326437e+003,-1.047191e+003, 2.641952e+003,-1.504406e+001,-3.227702e+000, 2.621237e+003, 0.000000e+000, 0.000000e+000, 0.000000e+000
 4.728500e-001,-1.128946e+003, 3.309112e+003,-9.742859e+002, 2.476293e+003,-1.618330e+001,-6.885775e-001, 2.445065e+003, 0.000000e+000, 0.000000e+000, 0.000000e+000
 4.729000e-001,-1.173112e+003, 3.296037e+003,-9.237493e+002, 2.309804e+003,-1.729553e+001, 1.804459e+000, 2.268504e+003, 0.000000e+000, 0.000000e+000, 0.000000e+000
 4.729500e-001,-1.203827e+003, 3.277114e+003,-8.515547e+002, 2.142448e+003,-1.843077e+001, 4.343751e+000, 2.090685e+003, 0.000000e+000, 0.000000e+000, 0.000000e+000
 4.730000e-001,-1.248550e+003, 3.260923e+003,-7.989794e+002, 1.974378e+003,-1.953606e+001, 6.833611e+000, 1.912617e+003, 0.000000e+000, 0.000000e+000, 0.000000e+000
 4.730500e-001,-1.277006e+003, 3.240470e+003,-7.276363e+002, 1.805560e+003,-2.066438e+001, 9.369957e+000, 1.733404e+003, 0.000000e+000, 0.000000e+000, 0.000000e+000
 4.731000e-001,-1.322191e+003, 3.221151e+003,-6.730606e+002, 1.636146e+003,-2.176020e+001, 1.185374e+001, 1.554081e+003, 0.000000e+000, 0.000000e+000, 0.000000e+000
 4.731500e-001,-1.348382e+003, 3.199226e+003,-6.027040e+002, 1.466106e+003,-2.287863e+001, 1.438398e+001, 1.373730e+003, 0.000000e+000, 0.000000e+000, 0.000000e+000
 4.732000e-001,-1.393927e+003, 3.176781e+003,-5.461738e+002, 1.295589e+003,-2.396240e+001, 1.685873e+001, 1.193404e+003, 0.000000e+000, 0.000000e+000, 0.000000e+000
 4.732500e-001,-1.417857e+003, 3.153434e+003,-4.769328e+002, 1.124568e+003,-2.506789e+001, 1.937967e+001, 1.012172e+003, 0.000000e+000, 0.000000e+000, 0.000000e+000
 4.733000e-001,-1.463656e+003, 3.127883e+003,-4.185012e+002, 9.531888e+002,-2.613699e+001, 2.184239e+001, 8.310958e+002, 0.000000e+000, 0.000000e+000, 0.000000e+000
 4.733500e-001,-1.485334e+003, 3.103153e+003,-3.504985e+002, 7.814291e+002,-2.722648e+001, 2.435078e+001, 6.492399e+002, 0.000000e+000, 0.000000e+000, 0.000000e+000
 4.734000e-001,-1.531275e+003, 3.074531e+003,-2.902259e+002, 6.094302e+002,-2.827828e+001, 2.679843e+001, 4.676685e+002, 0.000000e+000, 0.000000e+000, 0.000000e+000
 4.734500e-001,-1.550720e+003, 3.048448e+003,-2.235783e+002, 4.371752e+002,-2.934871e+001, 2.929099e+001, 2.854457e+002, 0.000000e+000, 0.000000e+000, 0.000000e+000
 4.735000e-001,-1.596685e+003, 3.016806e+003,-1.615319e+002, 2.648005e+002,-3.038054e+001, 3.172046e+001, 1.036336e+002, 0.000000e+000, 0.000000e+000, 0.000000e+000
 4.735500e-001,-1.613925e+003, 2.989393e+003,-9.634978e+001, 9.229418e+001,-3.142886e+001, 3.419384e+001,-7.869862e+001, 0.000000e+000, 0.000000e+000, 0.000000e+000
 4.736000e-001,-1.659793e+003, 2.954796e+003,-3.260371e+001,-8.021215e+001,-3.243809e+001, 3.660202e+001,-2.604966e+002, 0.000000e+000, 0.000000e+000, 0.000000e+000
 4.736500e-001,-1.674861e+003, 2.926065e+003, 3.100876e+001,-2.527251e+002,-3.346129e+001, 3.905286e+001,-4.426812e+002, 0.000000e+000, 0.000000e+000, 0.000000e+000
 4.737000e-001,-1.720507e+003, 2.888594e+003, 9.637377e+001,-4.251186e+002,-3.444530e+001, 4.143657e+001,-6.242108e+002, 0.000000e+000, 0.000000e+000, 0.000000e+000
 4.737500e-001,-1.733446e+003, 2.858549e+003, 1.583189e+002,-5.973936e+002,-3.544043e+001, 4.386148e+001,-8.059913e+002, 0.000000e+000, 0.000000e+000, 0.000000e+000
 4.738000e-001,-1.778738e+003, 2.818299e+003, 2.252156e+002,-7.694299e+002,-3.639664e+001, 4.621753e+001,-9.869984e+002, 0.000000e+000, 0.000000e+000, 0.000000e+000
 4.738500e-001,-1.789597e+003, 2.786939e+003, 2.854022e+002,-9.412226e+002,-3.736083e+001, 4.861309e+001,-1.168120e+003, 0.000000e+000, 0.000000e+000, 0.000000e+000
 4.739000e-001,-1.834403e+003, 2.744014e+003, 3.537369e+002,-1.112658e+003,-3.828672e+001, 5.093828e+001,-1.348351e+003, 0.000000e+000, 0.000000e+000, 0.000000e+000
 4.739500e-001,-1.843237e+003, 2.711331e+003, 4.120806e+002,-1.283724e+003,-3.921720e+001, 5.330106e+001,-1.528559e+003, 0.000000e+000, 0.000000e+000, 0.000000e+000
 4.740000e-001,-1.887422e+003, 2.665850e+003, 4.817532e+002,-1.454316e+003,-4.011032e+001, 5.559220e+001,-1.707763e+003, 0.000000e+000, 0.000000e+000, 0.000000e+000
 4.740500e-001,-1.894292e+003, 2.631831e+003, 5.381765e+002,-1.624413e+003,-4.100446e+001, 5.791878e+001,-1.886805e+003, 0.000000e+000, 0.000000e+000, 0.000000e+000
 4.741000e-001,-1.937717e+003, 2.583920e+003, 6.090807e+002,-1.793918e+003,-4.186243e+001, 6.017268e+001,-2.064730e+003, 0.000000e+000, 0.000000e+000, 0.000000e+000
 4.741500e-001,-1.942692e+003, 2.548550e+003, 6.635132e+002,-1.962806e+003,-4.271773e+001, 6.245966e+001,-2.242357e+003, 0.000000e+000, 0.000000e+000, 0.000000e+000
 4.742000e-001,-1.985217e+003, 2.498344e+003, 7.355362e+002,-2.130984e+003,-4.353831e+001, 6.467316e+001,-2.418755e+003, 0.000000e+000, 0.000000e+000, 0.000000e+000
 4.742500e-001,-1.988370e+003, 2.461604e+003, 7.879152e+002,-2.298422e+003,-4.435244e+001, 6.691718e+001,-2.594718e+003, 0.000000e+000, 0.000000e+000, 0.000000e+000
 4.743000e-001,-2.029853e+003, 2.409245e+003, 8.609379e+002,-2.465034e+003,-4.513349e+001, 6.908717e+001,-2.769341e+003, 0.000000e+000, 0.000000e+000, 0.000000e+000
 4.743500e-001,-2.031263e+003, 2.371117e+003, 9.112079e+002,-2.630784e+003,-4.590429e+001, 7.128488e+001,-2.943395e+003, 0.000000e+000, 0.000000e+000, 0.000000e+000
 4.744000e-001,-2.071562e+003, 2.316752e+003, 9.851052e+002,-2.795594e+003,-4.664381e+001, 7.340830e+001,-3.115998e+003, 0.000000e+000, 0.000000e+000, 0.000000e+000
 4.744500e-001,-2.071311e+003, 2.277219e+003, 1.033219e+003,-2.959421e+003,-4.736932e+001, 7.555647e+001,-3.287901e+003, 0.000000e+000, 0.000000e+000, 0.000000e+000
 4.745000e-001,-2.110283e+003, 2.220997e+003, 1.107859e+003,-3.122195e+003,-4.806548e+001, 7.763032e+001,-3.458242e+003, 0.000000e+000, 0.000000e+000, 0.000000e+000
 4.745500e-001,-2.108459e+003, 2.180042e+003, 1.153777e+003,-3.283865e+003,-4.874395e+001, 7.972572e+001,-3.627753e+003, 0.000000e+000, 0.000000e+000, 0.000000e+000
 4.746000e-001,-2.145962e+003, 2.122117e+003, 1.229022e+003,-3.444372e+003,-4.939506e+001, 8.174710e+001,-3.795592e+003, 0.000000e+000, 0.000000e+000, 0.000000e+000
 4.746500e-001,-2.142656e+003, 2.079728e+003, 1.272714e+003,-3.603657e+003,-5.002497e+001, 8.378664e+001,-3.962478e+003, 0.000000e+000, 0.000000e+000, 0.000000e+000
 4.747000e-001,-2.178547e+003, 2.020252e+003, 1.348420e+003,-3.761668e+003,-5.062954e+001, 8.575272e+001,-4.127578e+003, 0.000000e+000, 0.000000e+000, 0.000000e+000
 4.747500e-001,-2.173854e+003, 1.976422e+003, 1.389862e+003,-3.918340e+003,-5.120960e+001, 8.773336e+001,-4.291604e+003, 0.000000e+000, 0.000000e+000, 0.000000e+000
 4.748000e-001,-2.207993e+003, 1.915546e+003, 1.465880e+003,-4.073631e+003,-5.176634e+001, 8.964140e+001,-4.453734e+003, 0.000000e+000, 0.000000e+000, 0.000000e+000
 4.748500e-001,-2.202009e+003, 1.870273e+003, 1.505059e+003,-4.227467e+003,-5.229550e+001, 9.156023e+001,-4.614672e+003, 0.000000e+000, 0.000000e+000, 0.000000e+000
 4.749000e-001,-2.234258e+003, 1.808147e+003, 1.581233e+003,-4.379817e+003,-5.280330e+001, 9.340760e+001,-4.773602e+003, 0.000000e+000, 0.000000e+000, 0.000000e+000
 4.749500e-001,-2.227082e+003, 1.761436e+003, 1.618143e+003,-4.530599e+003,-5.328076e+001, 9.526178e+001,-4.931229e+003, 0.000000e+000, 0.000000e+000, 0.000000e+000
 4.750000e-001,-2.257304e+003, 1.698206e+003, 1.694311e+003,-4.679791e+003,-5.373876e+001, 9.704594e+001,-5.086732e+003, 0.000000e+000, 0.000000e+000, 0.000000e+000
 4.750500e-001,-2.249038e+003, 1.650070e+003, 1.728956e+003,-4.827304e+003,-5.416396e+001, 9.883276e+001,-5.240829e+003, 0.000000e+000, 0.000000e+000, 0.000000e+000
 4.751000e-001,-2.277101e+003, 1.585877e+003, 1.804952e+003,-4.973125e+003,-5.457150e+001, 1.005513e+002,-5.392686e+003, 0.000000e+000, 0.000000e+000, 0.000000e+000
 4.751500e-001,-2.267845e+003, 1.536338e+003, 1.837343e+003,-5.117160e+003,-5.494416e+001, 1.022681e+002,-5.543037e+003, 0.000000e+000, 0.000000e+000, 0.000000e+000
 4.752000e-001,-2.293620e+003, 1.471318e+003, 1.912995e+003,-5.259403e+003,-5.530083e+001, 1.039187e+002,-5.691031e+003, 0.000000e+000, 0.000000e+000, 0.000000e+000
 4.752500e-001,-2.283478e+003, 1.420405e+003, 1.943152e+003,-5.399754e+003,-5.562088e+001, 1.055630e+002,-5.837426e+003, 0.000000e+000, 0.000000e+000, 0.000000e+000
 4.753000e-001,-2.306841e+003, 1.354688e+003, 2.018285e+003,-5.538216e+003,-5.592648e+001, 1.071434e+002,-5.981348e+003, 0.000000e+000, 0.000000e+000, 0.000000e+000
 4.753500e-001,-2.295913e+003, 1.302443e+003, 2.046236e+003,-5.674683e+003,-5.619414e+001, 1.087129e+002,-6.123583e+003, 0.000000e+000, 0.000000e+000, 0.000000e+000
 4.754000e-001,-2.316744e+003, 1.236153e+003, 2.120669e+003,-5.809167e+003,-5.644872e+001, 1.102208e+002,-6.263227e+003, 0.000000e+000, 0.000000e+000, 0.000000e+000
 4.754500e-001,-2.305131e+003, 1.182623e+003, 2.146449e+003,-5.941556e+003,-5.666441e+001, 1.117131e+002,-6.401103e+003, 0.000000e+000, 0.000000e+000, 0.000000e+000
 4.755000e-001,-2.323319e+003, 1.115876e+003, 2.220001e+003,-6.071870e+003,-5.686826e+001, 1.131466e+002,-6.536268e+003, 0.000000e+000, 0.000000e+000, 0.000000e+000
 4.755500e-001,-2.311118e+003, 1.061120e+003, 2.243653e+003,-6.199992e+003,-5.703264e+001, 1.145596e+002,-6.669591e+003, 0.000000e+000, 0.000000e+000, 0.000000e+000
 4.756000e-001,-2.326557e+003, 9.940273e+002, 2.316139e+003,-6.325950e+003,-5.718626e+001, 1.159166e+002,-6.800084e+003, 0.000000e+000, 0.000000e+000, 0.000000e+000
 4.756500e-001,-2.313864e+003, 9.381124e+002, 2.337709e+003,-6.449622e+003,-5.730022e+001, 1.172481e+002,-6.928668e+003, 0.000000e+000, 0.000000e+000, 0.000000e+000
 4.757000e-001,-2.326457e+003, 8.707767e+002, 2.408943e+003,-6.571045e+003,-5.740433e+001, 1.185267e+002,-7.054301e+003, 0.000000e+000, 0.000000e+000, 0.000000e+000
 4.757500e-001,-2.313364e+003, 8.137786e+002, 2.428486e+003,-6.690091e+003,-5.746893e+001, 1.197748e+002,-7.177964e+003, 0.000000e+000, 0.000000e+000, 0.000000e+000
 4.758000e-001,-2.323021e+003, 7.462974e+002, 2.498281e+003,-6.806805e+003,-5.752449e+001, 1.209731e+002,-7.298559e+003, 0.000000e+000, 0.000000e+000, 0.000000e+000
 4.758500e-001,-2.309616e+003, 6.882996e+002, 2.515857e+003,-6.921055e+003,-5.754099e+001, 1.221359e+002,-7.417126e+003, 0.000000e+000, 0.000000e+000, 0.000000e+000
 4.759000e-001,-2.316256e+003, 6.207640e+002, 2.584028e+003,-7.032894e+003,-5.754911e+001, 1.232521e+002,-7.532507e+003, 0.000000e+000, 0.000000e+000, 0.000000e+000
 4.759500e-001,-2.302622e+003, 5.618571e+002, 2.599697e+003,-7.142186e+003,-5.751894e+001, 1.243276e+002,-7.645812e+003, 0.000000e+000, 0.000000e+000, 0.000000e+000
 4.760000e-001,-2.306177e+003, 4.943532e+002, 2.666060e+003,-7.248988e+003,-5.748093e+001, 1.253599e+002,-7.755812e+003, 0.000000e+000, 0.000000e+000, 0.000000e+000
 4.760500e-001,-2.292389e+003, 4.346336e+002, 2.679888e+003,-7.353165e+003,-5.740564e+001, 1.263465e+002,-7.863693e+003, 0.000000e+000, 0.000000e+000, 0.000000e+000
 4.761000e-001,-2.292799e+003, 3.672434e+002, 2.744262e+003,-7.454780e+003,-5.732297e+001, 1.272932e+002,-7.968155e+003, 0.000000e+000, 0.000000e+000, 0.000000e+000
 4.761500e-001,-2.278930e+003, 3.068122e+002, 2.756316e+003,-7.553693e+003,-5.720423e+001, 1.281893e+002,-8.070458e+003, 0.000000e+000, 0.000000e+000, 0.000000e+000
 4.762000e-001,-2.276147e+003, 2.396140e+002, 2.818523e+003,-7.649976e+003,-5.707851e+001, 1.290486e+002,-8.169231e+003, 0.000000e+000, 0.000000e+000, 0.000000e+000
 4.762500e-001,-2.262258e+003, 1.785761e+002, 2.828872e+003,-7.743484e+003,-5.691808e+001, 1.298525e+002,-8.265811e+003, 0.000000e+000, 0.000000e+000, 0.000000e+000
 4.763000e-001,-2.256247e+003, 1.116457e+002, 2.888741e+003,-7.834295e+003,-5.675104e+001, 1.306229e+002,-8.358750e+003, 0.000000e+000, 0.000000e+000, 0.000000e+000
 4.763500e-001,-2.242393e+003, 5.010818e+001, 2.897452e+003,-7.922265e+003,-5.655075e+001, 1.313331e+002,-8.449467e+003, 0.000000e+000, 0.000000e+000, 0.000000e+000
 4.764000e-001,-2.233132e+003,-1.647987e+001, 2.954818e+003,-8.007475e+003,-5.634419e+001, 1.320130e+002,-8.536440e+003, 0.000000e+000, 0.000000e+000, 0.000000e+000
 4.764500e-001,-2.219360e+003,-7.840881e+001, 2.961957e+003,-8.089782e+003,-5.610590e+001, 1.326282e+002,-8.621164e+003, 0.000000e+000, 0.000000e+000, 0.000000e+000
 4.765000e-001,-2.206839e+003,-1.445805e+002, 3.016661e+003,-8.169269e+003,-5.586171e+001, 1.332161e+002,-8.702044e+003, 0.000000e+000, 0.000000e+000, 0.000000e+000
 4.765500e-001,-2.193187e+003,-2.067930e+002, 3.022294e+003,-8.245794e+003,-5.558728e+001, 1.337349e+002,-8.780651e+003, 0.000000e+000, 0.000000e+000, 0.000000e+000
 4.766000e-001,-2.165277e+003,-3.113618e+002, 3.076135e+003,-8.320261e+003,-5.269119e+001, 1.340981e+002,-8.801133e+003, 0.000000e+000, 0.000000e+000, 0.000000e+000
 4.766500e-001,-2.155077e+003,-3.466010e+002, 3.073438e+003,-8.392305e+003,-4.898018e+001, 1.347204e+002,-8.816532e+003, 0.000000e+000, 0.000000e+000, 0.000000e+000
 4.767000e-001,-2.110747e+003,-4.435164e+002, 3.064052e+003,-8.462900e+003,-4.495581e+001, 1.397078e+002,-8.776044e+003, 0.000000e+000, 0.000000e+000, 0.000000e+000
 4.767500e-001,-2.143356e+003,-4.359083e+002, 3.203967e+003,-8.529040e+003,-4.348354e+001, 1.393115e+002,-8.796948e+003, 0.000000e+000, 0.000000e+000, 0.000000e+000
 4.768000e-001,-2.089113e+003,-5.329954e+002, 3.151166e+003,-8.591266e+003,-4.452789e+001, 1.363100e+002,-8.845817e+003, 0.000000e+000, 0.000000e+000, 0.000000e+000
 4.768500e-001,-2.089795e+003,-5.794852e+002, 3.189604e+003,-8.651604e+003,-4.442249e+001, 1.373826e+002,-8.894942e+003, 0.000000e+000, 0.000000e+000, 0.000000e+000
 4.769000e-001,-2.037037e+003,-7.060638e+002, 3.193017e+003,-8.709833e+003,-4.115829e+001, 1.385901e+002,-8.930428e+003, 0.000000e+000, 0.000000e+000, 0.000000e+000
 4.769500e-001,-2.056345e+003,-6.718073e+002, 3.221622e+003,-8.764578e+003,-4.014213e+001, 1.404407e+002,-8.954665e+003, 0.000000e+000, 0.000000e+000, 0.000000e+000
 4.770000e-001,-1.988749e+003,-8.546099e+002, 3.235702e+003,-8.816720e+003,-3.755594e+001, 1.420618e+002,-9.009302e+003, 0.000000e+000, 0.000000e+000, 0.000000e+000
 4.770500e-001,-2.017157e+003,-7.791080e+002, 3.249759e+003,-8.865532e+003,-3.614101e+001, 1.442776e+002,-9.026435e+003, 0.000000e+000, 0.000000e+000, 0.000000e+000
 4.771000e-001,-1.923445e+003,-1.030980e+003, 3.249460e+003,-8.912657e+003,-3.121059e+001, 1.478987e+002,-9.041567e+003, 0.000000e+000, 0.000000e+000, 0.000000e+000
 4.771500e-001,-1.974019e+003,-8.956767e+002, 3.292854e+003,-8.956492e+003,-2.675099e+001, 1.507930e+002,-9.018507e+003, 0.000000e+000, 0.000000e+000, 0.000000e+000
 4.772000e-001,-1.898351e+003,-1.081260e+003, 3.310468e+003,-8.995715e+003,-2.717660e+001, 1.515986e+002,-9.056684e+003, 0.000000e+000, 0.000000e+000, 0.000000e+000
 4.772500e-001,-1.893376e+003,-1.101661e+003, 3.271231e+003,-9.033956e+003,-2.195851e+001, 1.557193e+002,-9.055385e+003, 0.000000e+000, 0.000000e+000, 0.000000e+000
 4.773000e-001,-1.874961e+003,-1.122237e+003, 3.367488e+003,-9.067259e+003,-2.215480e+001, 1.577011e+002,-9.079503e+003, 0.000000e+000, 0.000000e+000, 0.000000e+000
 4.773500e-001,-1.806505e+003,-1.314335e+003, 3.240788e+003,-9.099792e+003,-1.615411e+001, 1.632715e+002,-9.079626e+003, 0.000000e+000, 0.000000e+000, 0.000000e+000
 4.774000e-001,-1.849552e+003,-1.168323e+003, 3.429689e+003,-9.127320e+003,-1.511584e+001, 1.660329e+002,-9.086165e+003, 0.000000e+000, 0.000000e+000, 0.000000e+000
 4.774500e-001,-1.730253e+003,-1.484345e+003, 3.221282e+003,-9.153168e+003,-1.063734e+001, 1.713256e+002,-9.086035e+003, 0.000000e+000, 0.000000e+000, 0.000000e+000
 4.775000e-001,-1.802615e+003,-1.268182e+003, 3.464823e+003,-9.175267e+003,-7.380753e+000, 1.753092e+002,-9.080835e+003, 0.000000e+000, 0.000000e+000, 0.000000e+000
 4.775500e-001,-1.676932e+003,-1.584237e+003, 3.234158e+003,-9.193954e+003,-5.277672e+000, 1.793216e+002,-9.076711e+003, 0.000000e+000, 0.000000e+000, 0.000000e+000
 4.776000e-001,-1.729122e+003,-1.428190e+003, 3.458312e+003,-9.210497e+003,-2.147850e-001, 1.845054e+002,-9.065353e+003, 0.000000e+000, 0.000000e+000, 0.000000e+000
 4.776500e-001,-1.642128e+003,-1.634218e+003, 3.281056e+003,-9.222204e+003, 4.721397e-001, 1.871042e+002,-9.055235e+003, 0.000000e+000, 0.000000e+000, 0.000000e+000
 4.777000e-001,-1.641849e+003,-1.607671e+003, 3.420782e+003,-9.232523e+003, 5.573968e+000, 1.926390e+002,-9.039539e+003, 0.000000e+000, 0.000000e+000, 0.000000e+000
 4.777500e-001,-1.607595e+003,-1.688013e+003, 3.341521e+003,-9.237821e+003, 6.704958e+000, 1.943512e+002,-9.024692e+003, 0.000000e+000, 0.000000e+000, 0.000000e+000
 4.778000e-001,-1.561258e+003,-1.750727e+003, 3.378606e+003,-9.241119e+003, 9.953808e+000, 1.989886e+002,-9.003210e+003, 0.000000e+000, 0.000000e+000, 0.000000e+000
 4.778500e-001,-1.555708e+003,-1.791028e+003, 3.389526e+003,-9.240408e+003, 1.270502e+001, 2.003181e+002,-8.986413e+003, 0.000000e+000, 0.000000e+000, 0.000000e+000
 4.779000e-001,-1.499825e+003,-1.828971e+003, 3.353469e+003,-9.236256e+003, 1.337650e+001, 2.031024e+002,-8.957443e+003, 0.000000e+000, 0.000000e+000, 0.000000e+000
 4.779500e-001,-1.482713e+003,-1.946362e+003, 3.412468e+003,-9.229370e+003, 1.724343e+001, 2.039428e+002,-8.940201e+003, 0.000000e+000, 0.000000e+000, 0.000000e+000
 4.780000e-001,-1.453645e+003,-1.860801e+003, 3.348141e+003,-9.217876e+003, 1.608173e+001, 2.045815e+002,-8.904304e+003, 0.000000e+000, 0.000000e+000, 0.000000e+000
 4.780500e-001,-1.400256e+003,-2.115006e+003, 3.417081e+003,-9.204151e+003, 1.919374e+001, 2.041883e+002,-8.885626e+003, 0.000000e+000, 0.000000e+000, 0.000000e+000
 4.781000e-001,-1.407156e+003,-1.894304e+003, 3.348685e+003,-9.185710e+003, 1.757599e+001, 2.028766e+002,-8.845666e+003, 0.000000e+000, 0.000000e+000, 0.000000e+000
 4.781500e-001,-1.325174e+003,-2.247114e+003, 3.419456e+003,-9.164418e+003, 1.796485e+001, 2.003631e+002,-8.823140e+003, 0.000000e+000, 0.000000e+000, 0.000000e+000
 4.782000e-001,-1.345807e+003,-1.970706e+003, 3.338752e+003,-9.139293e+003, 1.670892e+001, 1.973164e+002,-8.782293e+003, 0.000000e+000, 0.000000e+000, 0.000000e+000
 4.782500e-001,-1.266714e+003,-2.317399e+003, 3.429517e+003,-9.110086e+003, 1.350011e+001, 1.922316e+002,-8.754105e+003, 0.000000e+000, 0.000000e+000, 0.000000e+000
 4.783000e-001,-1.266013e+003,-2.098081e+003, 3.312765e+003,-9.078182e+003, 1.228534e+001, 1.873764e+002,-8.713832e+003, 0.000000e+000, 0.000000e+000, 0.000000e+000
 4.783500e-001,-1.221149e+003,-2.338119e+003, 3.443097e+003,-9.041228e+003, 5.992795e+000, 1.799293e+002,-8.679836e+003, 0.000000e+000, 0.000000e+000, 0.000000e+000
 4.784000e-001,-1.175408e+003,-2.252855e+003, 3.277936e+003,-9.002210e+003, 3.756030e+000, 1.729915e+002,-8.639476e+003, 0.000000e+000, 0.000000e+000, 0.000000e+000
 4.784500e-001,-1.176561e+003,-2.343959e+003, 3.446527e+003,-8.957987e+003,-4.339443e+000, 1.638301e+002,-8.600575e+003, 0.000000e+000, 0.000000e+000, 0.000000e+000
 4.785000e-001,-1.085049e+003,-2.402780e+003, 3.245790e+003,-8.911602e+003,-8.479744e+000, 1.546840e+002,-8.558553e+003, 0.000000e+000, 0.000000e+000, 0.000000e+000
 4.785500e-001,-1.122351e+003,-2.365114e+003, 3.427844e+003,-8.860582e+003,-1.721816e+001, 1.444906e+002,-8.515276e+003, 0.000000e+000, 0.000000e+000, 0.000000e+000
 4.786000e-001,-1.001071e+003,-2.530011e+003, 3.222127e+003,-8.806898e+003,-2.329523e+001, 1.334304e+002,-8.470585e+003, 0.000000e+000, 0.000000e+000, 0.000000e+000
 4.786500e-001,-1.055477e+003,-2.410566e+003, 3.384519e+003,-8.749368e+003,-3.209696e+001, 1.226722e+002,-8.422300e+003, 0.000000e+000, 0.000000e+000, 0.000000e+000
 4.787000e-001,-9.222454e+002,-2.637208e+003, 3.203849e+003,-8.688767e+003,-3.934460e+001, 1.103764e+002,-8.374963e+003, 0.000000e+000, 0.000000e+000, 0.000000e+000
 4.787500e-001,-9.795098e+002,-2.471289e+003, 3.322316e+003,-8.624876e+003,-4.804354e+001, 9.934708e+001,-8.320406e+003, 0.000000e+000, 0.000000e+000, 0.000000e+000
 4.788000e-001,-8.439312e+002,-2.736226e+003, 3.183816e+003,-8.557833e+003,-5.549038e+001, 8.659332e+001,-8.270727e+003, 0.000000e+000, 0.000000e+000, 0.000000e+000
 4.788500e-001,-8.990172e+002,-2.535795e+003, 3.248121e+003,-8.487763e+003,-6.388143e+001, 7.561015e+001,-8.209257e+003, 0.000000e+000, 0.000000e+000, 0.000000e+000
 4.789000e-001,-7.637370e+002,-2.832698e+003, 3.157953e+003,-8.414629e+003,-7.093587e+001, 6.299378e+001,-8.156747e+003, 0.000000e+000, 0.000000e+000, 0.000000e+000
 4.789500e-001,-8.149107e+002,-2.602573e+003, 3.164010e+003,-8.338682e+003,-7.852225e+001, 5.251636e+001,-8.089137e+003, 0.000000e+000, 0.000000e+000, 0.000000e+000
 4.790000e-001,-6.837602e+002,-2.920222e+003, 3.127953e+003,-8.259632e+003,-8.511154e+001, 4.038729e+001,-8.032146e+003, 0.000000e+000, 0.000000e+000, 0.000000e+000
 4.790500e-001,-7.244062e+002,-2.679966e+003, 3.067453e+003,-8.178180e+003,-9.125233e+001, 3.094029e+001,-7.960203e+003, 0.000000e+000, 0.000000e+000, 0.000000e+000
 4.791000e-001,-6.081205e+002,-2.987140e+003, 3.097802e+003,-8.093320e+003,-9.751381e+001, 1.955958e+001,-7.896537e+003, 0.000000e+000, 0.000000e+000, 0.000000e+000
 4.791500e-001,-6.247033e+002,-2.776320e+003, 2.956502e+003,-8.006671e+003,-1.017778e+002, 1.154017e+001,-7.821881e+003, 0.000000e+000, 0.000000e+000, 0.000000e+000
 4.792000e-001,-5.386791e+002,-3.027860e+003, 3.067979e+003,-7.916197e+003,-1.076504e+002, 1.277840e+000,-7.749792e+003, 0.000000e+000, 0.000000e+000, 0.000000e+000
 4.792500e-001,-5.165491e+002,-2.890760e+003, 2.834705e+003,-7.824506e+003,-1.100291e+002,-5.177203e+000,-7.672779e+003, 0.000000e+000, 0.000000e+000, 0.000000e+000
 4.793000e-001,-4.728836e+002,-3.048354e+003, 3.032732e+003,-7.728756e+003,-1.150965e+002,-1.379148e+001,-7.591519e+003, 0.000000e+000, 0.000000e+000, 0.000000e+000
 4.793500e-001,-4.046242e+002,-3.012373e+003, 2.711395e+003,-7.632062e+003,-1.159024e+002,-1.877496e+001,-7.511076e+003, 0.000000e+000, 0.000000e+000, 0.000000e+000
 4.794000e-001,-4.052859e+002,-3.062091e+003, 2.982590e+003,-7.531451e+003,-1.195645e+002,-2.519036e+001,-7.420674e+003, 0.000000e+000, 0.000000e+000, 0.000000e+000
 4.794500e-001,-2.948658e+002,-3.127132e+003, 2.597429e+003,-7.429779e+003,-1.191362e+002,-2.887581e+001,-7.335043e+003, 0.000000e+000, 0.000000e+000, 0.000000e+000
 4.795000e-001,-3.310066e+002,-3.081236e+003, 2.909714e+003,-7.324676e+003,-1.209078e+002,-3.273133e+001,-7.235686e+003, 0.000000e+000, 0.000000e+000, 0.000000e+000
 4.795500e-001,-1.913450e+002,-3.225564e+003, 2.500087e+003,-7.218133e+003,-1.193929e+002,-3.524100e+001,-7.143395e+003, 0.000000e+000, 0.000000e+000, 0.000000e+000
 4.796000e-001,-2.481296e+002,-3.110898e+003, 2.811683e+003,-7.108785e+003,-1.190724e+002,-3.648870e+001,-7.035055e+003, 0.000000e+000, 0.000000e+000, 0.000000e+000
 4.796500e-001,-9.520602e+001,-3.304911e+003, 2.420966e+003,-6.997552e+003,-1.164507e+002,-3.787481e+001,-6.935425e+003, 0.000000e+000, 0.000000e+000, 0.000000e+000
 4.797000e-001,-1.574258e+002,-3.150239e+003, 2.691231e+003,-6.884100e+003,-1.140698e+002,-3.674319e+001,-6.818049e+003, 0.000000e+000, 0.000000e+000, 0.000000e+000
 4.797500e-001,-5.985773e+000,-3.365423e+003, 2.357660e+003,-6.768361e+003,-1.103517e+002,-3.706430e+001,-6.711038e+003, 0.000000e+000, 0.000000e+000, 0.000000e+000
 4.798000e-001,-6.028556e+001,-3.197753e+003, 2.553024e+003,-6.650908e+003,-1.060179e+002,-3.391776e+001,-6.585067e+003, 0.000000e+000, 0.000000e+000, 0.000000e+000
 4.798500e-001, 7.642637e+001,-3.405597e+003, 2.306915e+003,-6.530786e+003,-1.014079e+002,-3.331065e+001,-6.470794e+003, 0.000000e+000, 0.000000e+000, 0.000000e+000
 4.799000e-001, 4.293660e+001,-3.254990e+003, 2.400688e+003,-6.409441e+003,-9.521774e+001,-2.852144e+001,-6.337494e+003, 0.000000e+000, 0.000000e+000, 0.000000e+000
 4.799500e-001, 1.511567e+002,-3.421287e+003, 2.266296e+003,-6.285000e+003,-9.008760e+001,-2.718577e+001,-6.215946e+003, 0.000000e+000, 0.000000e+000, 0.000000e+000
 4.800000e-001, 1.527229e+002,-3.325331e+003, 2.236458e+003,-6.159871e+003,-8.218168e+001,-2.109505e+001,-6.077199e+003, 0.000000e+000, 0.000000e+000, 0.000000e+000
 4.800500e-001, 2.175017e+002,-3.409410e+003, 2.233347e+003,-6.031181e+003,-7.687640e+001,-1.919729e+001,-5.948331e+003, 0.000000e+000, 0.000000e+000, 0.000000e+000
 4.801000e-001, 2.687534e+002,-3.409347e+003, 2.063174e+003,-5.902330e+003,-6.755790e+001,-1.215341e+001,-5.806040e+003, 0.000000e+000, 0.000000e+000, 0.000000e+000
 4.801500e-001, 2.766321e+002,-3.372623e+003, 2.203623e+003,-5.769543e+003,-6.219883e+001,-9.733482e+000,-5.670089e+003, 0.000000e+000, 0.000000e+000, 0.000000e+000
 4.802000e-001, 3.884749e+002,-3.501220e+003, 1.886371e+003,-5.636961e+003,-5.197815e+001,-2.139435e+000,-5.525602e+003, 0.000000e+000, 0.000000e+000, 0.000000e+000
 4.802500e-001, 3.321968e+002,-3.320656e+003, 2.169895e+003,-5.500326e+003,-4.641845e+001, 8.960230e-001,-5.383295e+003, 0.000000e+000, 0.000000e+000, 0.000000e+000
 4.803000e-001, 5.071978e+002,-3.589419e+003, 1.714398e+003,-5.363957e+003,-3.592272e+001, 8.581319e+000,-5.237227e+003, 0.000000e+000, 0.000000e+000, 0.000000e+000
 4.803500e-001, 3.892212e+002,-3.267001e+003, 2.123532e+003,-5.223768e+003,-2.987937e+001, 1.236427e+001,-5.089679e+003, 0.000000e+000, 0.000000e+000, 0.000000e+000
 4.804000e-001, 6.196553e+002,-3.661092e+003, 1.556339e+003,-5.083563e+003,-1.968928e+001, 1.967139e+001,-4.942171e+003, 0.000000e+000, 0.000000e+000, 0.000000e+000
 4.804500e-001, 4.521342e+002,-3.223497e+003, 2.057167e+003,-4.940078e+003,-1.294448e+001, 2.423871e+001,-4.790593e+003, 0.000000e+000, 0.000000e+000, 0.000000e+000
 4.805000e-001, 7.218177e+002,-3.706746e+003, 1.419254e+003,-4.796035e+003,-3.480096e+000, 3.073957e+001,-4.641713e+003, 0.000000e+000, 0.000000e+000, 0.000000e+000
 4.805500e-001, 5.233434e+002,-3.196652e+003, 1.966746e+003,-4.649427e+003, 3.985159e+000, 3.594658e+001,-4.487175e+003, 0.000000e+000, 0.000000e+000, 0.000000e+000
 4.806000e-001, 8.117490e+002,-3.722136e+003, 1.306544e+003,-4.501598e+003, 1.245774e+001, 4.127818e+001,-4.337141e+003, 0.000000e+000, 0.000000e+000, 0.000000e+000
 4.806500e-001, 6.031674e+002,-3.187672e+003, 1.851790e+003,-4.351951e+003, 2.045916e+001, 4.680521e+001,-4.180524e+003, 0.000000e+000, 0.000000e+000, 0.000000e+000
 4.807000e-001, 8.892351e+002,-3.706938e+003, 1.218080e+003,-4.200416e+003, 2.773402e+001, 5.066766e+001,-4.029643e+003, 0.000000e+000, 0.000000e+000, 0.000000e+000
 4.807500e-001, 6.907855e+002,-3.195093e+003, 1.714167e+003,-4.047765e+003, 3.596717e+001, 5.610017e+001,-3.871738e+003, 0.000000e+000, 0.000000e+000, 0.000000e+000
 4.808000e-001, 9.548915e+002,-3.662310e+003, 1.151349e+003,-3.892612e+003, 4.181774e+001, 5.825935e+001,-3.720183e+003, 0.000000e+000, 0.000000e+000, 0.000000e+000
 4.808500e-001, 7.851976e+002,-3.217238e+003, 1.556720e+003,-3.736988e+003, 4.994291e+001, 6.318316e+001,-3.561745e+003, 0.000000e+000, 0.000000e+000, 0.000000e+000
 4.809000e-001, 1.009652e+003,-3.589770e+003, 1.102425e+003,-3.578320e+003, 5.413125e+001, 6.350058e+001,-3.409417e+003, 0.000000e+000, 0.000000e+000, 0.000000e+000
 4.809500e-001, 8.854381e+002,-3.252601e+003, 1.382805e+003,-3.419769e+003, 6.180836e+001, 6.756277e+001,-3.251065e+003, 0.000000e+000, 0.000000e+000, 0.000000e+000
 4.810000e-001, 1.054959e+003,-3.492066e+003, 1.066184e+003,-3.257741e+003, 6.417840e+001, 6.604187e+001,-3.097644e+003, 0.000000e+000, 0.000000e+000, 0.000000e+000
 4.810500e-001, 9.901041e+002,-3.298443e+003, 1.196740e+003,-3.096334e+003, 7.106579e+001, 6.896673e+001,-2.939672e+003, 0.000000e+000, 0.000000e+000, 0.000000e+000
 4.811000e-001, 1.093227e+003,-3.374698e+003, 1.036162e+003,-2.931187e+003, 7.164438e+001, 6.577847e+001,-2.784812e+003, 0.000000e+000, 0.000000e+000, 0.000000e+000
 4.811500e-001, 1.096863e+003,-3.349452e+003, 1.004287e+003,-2.767019e+003, 7.740943e+001, 6.736050e+001,-2.627064e+003, 0.000000e+000, 0.000000e+000, 0.000000e+000
 4.812000e-001, 1.127896e+003,-3.246205e+003, 1.004834e+003,-2.599087e+003, 7.643674e+001, 6.281748e+001,-2.470577e+003, 0.000000e+000, 0.000000e+000, 0.000000e+000
 4.812500e-001, 1.202550e+003,-3.398016e+003, 8.123184e+002,-2.432287e+003, 8.080473e+001, 6.291824e+001,-2.312523e+003, 0.000000e+000, 0.000000e+000, 0.000000e+000
 4.813000e-001, 1.162810e+003,-3.116530e+003, 9.646692e+002,-2.261969e+003, 7.867240e+001, 5.740046e+001,-2.154440e+003, 0.000000e+000, 0.000000e+000, 0.000000e+000
 4.813500e-001, 1.303894e+003,-3.436131e+003, 6.275682e+002,-2.092724e+003, 8.149306e+001, 5.595808e+001,-1.995434e+003, 0.000000e+000, 0.000000e+000, 0.000000e+000
 4.814000e-001, 1.201233e+003,-2.994374e+003, 9.095527e+002,-1.920433e+003, 7.863345e+001, 4.982700e+001,-1.835943e+003, 0.000000e+000, 0.000000e+000, 0.000000e+000
 4.814500e-001, 1.398389e+003,-3.457610e+003, 4.551647e+002,-1.748995e+003, 7.991883e+001, 4.686937e+001,-1.675494e+003, 0.000000e+000, 0.000000e+000, 0.000000e+000
 4.815000e-001, 1.245116e+003,-2.885252e+003, 8.357822e+002,-1.575124e+003, 7.671120e+001, 4.041382e+001,-1.514847e+003, 0.000000e+000, 0.000000e+000, 0.000000e+000
 4.815500e-001, 1.484762e+003,-3.459184e+003, 2.977689e+002,-1.401807e+003, 7.661633e+001, 3.606234e+001,-1.352757e+003, 0.000000e+000, 0.000000e+000, 0.000000e+000
 4.816000e-001, 1.295005e+003,-2.791202e+003, 7.421585e+002,-1.226716e+003, 7.334866e+001, 2.949628e+001,-1.191214e+003, 0.000000e+000, 0.000000e+000, 0.000000e+000
 4.816500e-001, 1.562855e+003,-3.440143e+003, 1.556727e+002,-1.051876e+003, 7.210922e+001, 2.395706e+001,-1.027523e+003, 0.000000e+000, 0.000000e+000, 0.000000e+000
 4.817000e-001, 1.350470e+003,-2.711863e+003, 6.293349e+002,-8.758968e+002, 6.898806e+001, 1.745448e+001,-8.653234e+002, 0.000000e+000, 0.000000e+000, 0.000000e+000
 4.817500e-001, 1.633181e+003,-3.401265e+003, 2.754661e+001,-6.999099e+002, 6.685777e+001, 1.100284e+001,-7.001476e+002, 0.000000e+000, 0.000000e+000, 0.000000e+000
 4.818000e-001, 1.410623e+003,-2.645761e+003, 4.990346e+002,-5.233648e+002, 6.403246e+001, 4.734933e+000,-5.374782e+002, 0.000000e+000, 0.000000e+000, 0.000000e+000
 4.818500e-001, 1.696550e+003,-3.344031e+003,-8.875504e+001,-3.466138e+002, 6.125512e+001,-2.301614e+000,-3.708723e+002, 0.000000e+000, 0.000000e+000, 0.000000e+000
 4.819000e-001, 1.474387e+003,-2.590911e+003, 3.536367e+002,-1.698204e+002, 5.883025e+001,-8.155641e+000,-2.078049e+002, 0.000000e+000, 0.000000e+000, 0.000000e+000
 4.819500e-001, 1.753949e+003,-3.270562e+003,-1.957078e+002, 7.304901e+000, 5.564748e+001,-1.541936e+001,-3.973499e+001, 0.000000e+000, 0.000000e+000, 0.000000e+000
 4.820000e-001, 1.540464e+003,-2.544700e+003, 1.961636e+002, 1.840379e+002, 5.368277e+001,-2.069334e+001, 1.238407e+002, 0.000000e+000, 0.000000e+000, 0.000000e+000
 4.820500e-001, 1.806573e+003,-3.183841e+003,-2.959137e+002, 3.611427e+002, 5.034889e+001,-2.783101e+001, 2.934224e+002, 0.000000e+000, 0.000000e+000, 0.000000e+000
 4.821000e-001, 1.607272e+003,-2.503705e+003, 3.030061e+001, 5.375216e+002, 4.886195e+001,-3.240788e+001, 4.578011e+002, 0.000000e+000, 0.000000e+000, 0.000000e+000
 4.821500e-001, 1.855745e+003,-3.087544e+003,-3.919107e+002, 7.142175e+002, 4.563548e+001,-3.911961e+001, 6.288537e+002, 0.000000e+000, 0.000000e+000, 0.000000e+000
 4.822000e-001, 1.673081e+003,-2.464067e+003,-1.399210e+002, 8.899650e+002, 4.461826e+001,-4.295885e+001, 7.944186e+002, 0.000000e+000, 0.000000e+000, 0.000000e+000
 4.822500e-001, 1.902643e+003,-2.985225e+003,-4.858354e+002, 1.065890e+003, 4.172355e+001,-4.904822e+001, 9.667527e+002, 0.000000e+000, 0.000000e+000, 0.000000e+000
 4.823000e-001, 1.736385e+003,-2.422411e+003,-3.108113e+002, 1.240741e+003, 4.116621e+001,-5.218972e+001, 1.133812e+003, 0.000000e+000, 0.000000e+000, 0.000000e+000
 4.823500e-001, 1.947935e+003,-2.879255e+003,-5.790477e+002, 1.415581e+003, 3.874585e+001,-5.759290e+001, 1.307092e+003, 0.000000e+000, 0.000000e+000, 0.000000e+000
 4.824000e-001, 1.796284e+003,-2.376777e+003,-4.797487e+002, 1.589277e+003, 3.865159e+001,-6.013712e+001, 1.475730e+003, 0.000000e+000, 0.000000e+000, 0.000000e+000
 4.824500e-001, 1.991581e+003,-2.770198e+003,-6.719769e+002, 1.762772e+003, 3.673916e+001,-6.491340e+001, 1.649516e+003, 0.000000e+000, 0.000000e+000, 0.000000e+000
 4.825000e-001, 1.852644e+003,-2.326953e+003,-6.455336e+002, 1.935057e+003, 3.711966e+001,-6.698816e+001, 1.819532e+003, 0.000000e+000, 0.000000e+000, 0.000000e+000
 4.825500e-001, 2.032925e+003,-2.657010e+003,-7.643333e+002, 2.106991e+003, 3.564890e+001,-7.127264e+001, 1.993318e+003, 0.000000e+000, 0.000000e+000, 0.000000e+000
 4.826000e-001, 1.905947e+003,-2.274071e+003,-8.081851e+002, 2.277615e+003, 3.650602e+001,-7.299953e+001, 2.164274e+003, 0.000000e+000, 0.000000e+000, 0.000000e+000
 4.826500e-001, 2.071026e+003,-2.537889e+003,-8.555776e+002, 2.447797e+003, 3.534923e+001,-7.693795e+001, 2.337517e+003, 0.000000e+000, 0.000000e+000, 0.000000e+000
 4.827000e-001, 1.956946e+003,-2.219803e+003,-9.683281e+002, 2.616513e+003, 3.665956e+001,-7.840857e+001, 2.508838e+003, 0.000000e+000, 0.000000e+000, 0.000000e+000
 4.827500e-001, 2.105013e+003,-2.411188e+003,-9.453724e+002, 2.784754e+003, 3.567409e+001,-8.210321e+001, 2.680972e+003, 0.000000e+000, 0.000000e+000, 0.000000e+000
 4.828000e-001, 2.006339e+003,-2.165666e+003,-1.126507e+003, 2.951324e+003, 3.738864e+001,-8.337127e+001, 2.852039e+003, 0.000000e+000, 0.000000e+000, 0.000000e+000
 4.828500e-001, 2.134286e+003,-2.275953e+003,-1.033797e+003, 3.117422e+003, 3.645245e+001,-8.685871e+001, 3.022489e+003, 0.000000e+000, 0.000000e+000, 0.000000e+000
 4.829000e-001, 2.054570e+003,-2.112698e+003,-1.282704e+003, 3.281612e+003, 3.851012e+001,-8.795029e+001, 3.192670e+003, 0.000000e+000, 0.000000e+000, 0.000000e+000
 4.829500e-001, 2.158537e+003,-2.131985e+003,-1.121315e+003, 3.445350e+003, 3.753978e+001,-9.121370e+001, 3.360862e+003, 0.000000e+000, 0.000000e+000, 0.000000e+000
 4.830000e-001, 2.101772e+003,-2.061387e+003,-1.436143e+003, 3.606933e+003, 3.988074e+001,-9.215261e+001, 3.529496e+003, 0.000000e+000, 0.000000e+000, 0.000000e+000
 4.830500e-001, 2.177705e+003,-1.979721e+003,-1.208670e+003, 3.768089e+003, 3.883634e+001,-9.515444e+001, 3.694858e+003, 0.000000e+000, 0.000000e+000, 0.000000e+000
 4.831000e-001, 2.147742e+003,-2.011597e+003,-1.585314e+003, 3.926854e+003, 4.140202e+001,-9.599338e+001, 3.861230e+003, 0.000000e+000, 0.000000e+000, 0.000000e+000
 4.831500e-001, 2.191967e+003,-1.820202e+003,-1.296860e+003, 4.085202e+003, 4.028542e+001,-9.870770e+001, 4.023173e+003, 0.000000e+000, 0.000000e+000, 0.000000e+000
 4.832000e-001, 2.191912e+003,-1.962367e+003,-1.728117e+003, 4.240960e+003, 4.300308e+001,-9.955092e+001, 4.186526e+003, 0.000000e+000, 0.000000e+000, 0.000000e+000
 4.832500e-001, 2.201798e+003,-1.655211e+003,-1.387234e+003, 4.396281e+003, 4.185145e+001,-1.019800e+002, 4.344430e+003, 0.000000e+000, 0.000000e+000, 0.000000e+000
 4.833000e-001, 2.233332e+003,-1.911711e+003,-1.862087e+003, 4.548877e+003, 4.461442e+001,-1.029846e+002, 4.504021e+003, 0.000000e+000, 0.000000e+000, 0.000000e+000
 4.833500e-001, 2.208027e+003,-1.487369e+003,-1.481554e+003, 4.700957e+003, 4.348742e+001,-1.051560e+002, 4.657259e+003, 0.000000e+000, 0.000000e+000, 0.000000e+000
 4.834000e-001, 2.270751e+003,-1.856672e+003,-1.984724e+003, 4.850260e+003, 4.614606e+001,-1.065069e+002, 4.812432e+003, 0.000000e+000, 0.000000e+000, 0.000000e+000
 4.834500e-001, 2.211781e+003,-1.319993e+003,-1.581855e+003, 4.998893e+003, 4.510677e+001,-1.084575e+002, 4.960428e+003, 0.000000e+000, 0.000000e+000, 0.000000e+000
 4.835000e-001, 2.302811e+003,-1.793766e+003,-2.093906e+003, 5.144792e+003, 4.747899e+001,-1.103237e+002, 5.110684e+003, 0.000000e+000, 0.000000e+000, 0.000000e+000
 4.835500e-001, 2.214297e+003,-1.156636e+003,-1.690056e+003, 5.289783e+003, 4.657392e+001,-1.120829e+002, 5.252998e+003, 0.000000e+000, 0.000000e+000, 0.000000e+000
 4.836000e-001, 2.328315e+003,-1.719677e+003,-2.188303e+003, 5.432161e+003, 4.847218e+001,-1.145729e+002, 5.398021e+003, 0.000000e+000, 0.000000e+000, 0.000000e+000
 4.836500e-001, 2.216664e+003,-1.000507e+003,-1.807430e+003, 5.573323e+003, 4.771887e+001,-1.161533e+002, 5.534424e+003, 0.000000e+000, 0.000000e+000, 0.000000e+000
 4.837000e-001, 2.346473e+003,-1.631924e+003,-2.267654e+003, 5.712048e+003, 4.898286e+001,-1.192872e+002, 5.674063e+003, 0.000000e+000, 0.000000e+000, 0.000000e+000
 4.837500e-001, 2.219598e+003,-8.539907e+002,-1.934132e+003, 5.849203e+003, 4.837059e+001,-1.206883e+002, 5.804556e+003, 0.000000e+000, 0.000000e+000, 0.000000e+000
 4.838000e-001, 2.357018e+003,-1.529260e+003,-2.332842e+003, 5.984115e+003, 4.889427e+001,-1.243964e+002, 5.938771e+003, 0.000000e+000, 0.000000e+000, 0.000000e+000
 4.838500e-001, 2.223328e+003,-7.184351e+002,-2.068981e+003, 6.117088e+003, 4.839642e+001,-1.256185e+002, 6.063539e+003, 0.000000e+000, 0.000000e+000, 0.000000e+000
 4.839000e-001, 2.360199e+003,-1.411709e+003,-2.385776e+003, 6.248000e+003, 4.814352e+001,-1.297631e+002, 6.192338e+003, 0.000000e+000, 0.000000e+000, 0.000000e+000
 4.839500e-001, 2.227608e+003,-5.941589e+002,-2.209532e+003, 6.376623e+003, 4.773381e+001,-1.308239e+002, 6.311667e+003, 0.000000e+000, 0.000000e+000, 0.000000e+000
 4.840000e-001, 2.356686e+003,-1.280389e+003,-2.429170e+003, 6.503323e+003, 4.674171e+001,-1.352308e+002, 6.435036e+003, 0.000000e+000, 0.000000e+000, 0.000000e+000
 4.840500e-001, 2.231790e+003,-4.805707e+002,-2.352391e+003, 6.627430e+003, 4.640602e+001,-1.361756e+002, 6.549222e+003, 0.000000e+000, 0.000000e+000, 0.000000e+000
 4.841000e-001, 2.347456e+003,-1.137254e+003,-2.466305e+003, 6.749692e+003, 4.478027e+001,-1.406605e+002, 6.667079e+003, 0.000000e+000, 0.000000e+000, 0.000000e+000
 4.841500e-001, 2.234946e+003,-3.763053e+002,-2.493660e+003, 6.869122e+003, 4.452037e+001,-1.415585e+002, 6.776374e+003, 0.000000e+000, 0.000000e+000, 0.000000e+000
 4.842000e-001, 2.333688e+003,-9.848398e+002,-2.500796e+003, 6.986707e+003, 4.242155e+001,-1.459390e+002, 6.888561e+003, 0.000000e+000, 0.000000e+000, 0.000000e+000
 4.842500e-001, 2.111445e+003,-2.905338e+002,-2.635862e+003, 7.109677e+003, 4.300291e+001,-1.464300e+002, 6.934200e+003, 0.000000e+000, 0.000000e+000, 0.000000e+000
 4.843000e-001, 2.430568e+003,-8.121046e+002,-2.529583e+003, 7.223047e+003, 4.044062e+001,-1.505437e+002, 7.040057e+003, 0.000000e+000, 0.000000e+000, 0.000000e+000
 4.843500e-001, 2.114673e+003,-2.014272e+002,-2.762373e+003, 7.332977e+003, 4.039228e+001,-1.515758e+002, 7.140542e+003, 0.000000e+000, 0.000000e+000, 0.000000e+000
 4.844000e-001, 2.408771e+003,-6.486329e+002,-2.569854e+003, 7.441004e+003, 3.787583e+001,-1.552054e+002, 7.240685e+003, 0.000000e+000, 0.000000e+000, 0.000000e+000
 4.844500e-001, 2.111121e+003,-1.136132e+002,-2.877398e+003, 7.545753e+003, 3.800562e+001,-1.562710e+002, 7.336636e+003, 0.000000e+000, 0.000000e+000, 0.000000e+000
 4.845000e-001, 2.385672e+003,-4.838527e+002,-2.616737e+003, 7.648396e+003, 3.561839e+001,-1.592297e+002, 7.430540e+003, 0.000000e+000, 0.000000e+000, 0.000000e+000
 4.845500e-001, 2.103256e+003,-2.598813e+001,-2.978331e+003, 7.747761e+003, 3.592320e+001,-1.603103e+002, 7.522228e+003, 0.000000e+000, 0.000000e+000, 0.000000e+000
 4.846000e-001, 2.361303e+003,-3.202864e+002,-2.672325e+003, 7.844819e+003, 3.381959e+001,-1.624318e+002, 7.609880e+003, 0.000000e+000, 0.000000e+000, 0.000000e+000
 4.846500e-001, 2.091038e+003, 6.269613e+001,-3.064449e+003, 7.938609e+003, 3.435744e+001,-1.634028e+002, 7.697389e+003, 0.000000e+000, 0.000000e+000, 0.000000e+000
 4.847000e-001, 2.335704e+003,-1.588482e+002,-2.736680e+003, 8.029893e+003, 3.264469e+001,-1.645516e+002, 7.778924e+003, 0.000000e+000, 0.000000e+000, 0.000000e+000
 4.847500e-001, 2.074622e+003, 1.527691e+002,-3.136021e+003, 8.117914e+003, 3.348830e+001,-1.652532e+002, 7.862255e+003, 0.000000e+000, 0.000000e+000, 0.000000e+000
 4.848000e-001, 2.308465e+003, 4.918503e-001,-2.808390e+003, 8.203264e+003, 3.222475e+001,-1.653582e+002, 7.937896e+003, 0.000000e+000, 0.000000e+000, 0.000000e+000
 4.848500e-001, 2.054452e+003, 2.439087e+002,-3.194115e+003, 8.285332e+003, 3.344181e+001,-1.656413e+002, 8.016962e+003, 0.000000e+000, 0.000000e+000, 0.000000e+000
 4.849000e-001, 2.278847e+003, 1.582919e+002,-2.884946e+003, 8.364621e+003, 3.264528e+001,-1.647166e+002, 8.086960e+003, 0.000000e+000, 0.000000e+000, 0.000000e+000
 4.849500e-001, 2.031138e+003, 3.354814e+002,-3.240366e+003, 8.440575e+003, 3.428397e+001,-1.644793e+002, 8.161575e+003, 0.000000e+000, 0.000000e+000, 0.000000e+000
 4.850000e-001, 2.245967e+003, 3.152968e+002,-2.963213e+003, 8.513708e+003, 3.394025e+001,-1.626282e+002, 8.226164e+003, 0.000000e+000, 0.000000e+000, 0.000000e+000
 4.850500e-001, 2.005350e+003, 4.267953e+002,-3.276793e+003, 8.583414e+003, 3.602069e+001,-1.618326e+002, 8.296054e+003, 0.000000e+000, 0.000000e+000, 0.000000e+000
 4.851000e-001, 2.208950e+003, 4.722163e+002,-3.039926e+003, 8.650323e+003, 3.608994e+001,-1.592319e+002, 8.355429e+003, 0.000000e+000, 0.000000e+000, 0.000000e+000
 4.851500e-001, 1.977742e+003, 5.172543e+002,-3.305615e+003, 8.713678e+003, 3.860027e+001,-1.579003e+002, 8.420266e+003, 0.000000e+000, 0.000000e+000, 0.000000e+000
 4.852000e-001, 2.167056e+003, 6.295739e+002,-3.112125e+003, 8.774316e+003, 3.902328e+001,-1.547666e+002, 8.474585e+003, 0.000000e+000, 0.000000e+000, 0.000000e+000
 4.852500e-001, 1.948883e+003, 6.064821e+002,-3.329037e+003, 8.831241e+003, 4.191760e+001,-1.529623e+002, 8.534035e+003, 0.000000e+000, 0.000000e+000, 0.000000e+000
 4.853000e-001, 2.119786e+003, 7.875523e+002,-3.177488e+003, 8.885572e+003, 4.262412e+001,-1.495107e+002, 8.583415e+003, 0.000000e+000, 0.000000e+000, 0.000000e+000
 4.853500e-001, 1.919166e+003, 6.944642e+002,-3.348969e+003, 8.936013e+003, 4.582119e+001,-1.473160e+002, 8.637188e+003, 0.000000e+000, 0.000000e+000, 0.000000e+000
 4.854000e-001, 2.066967e+003, 9.458285e+002,-3.234519e+003, 8.984003e+003, 4.673986e+001,-1.437253e+002, 8.681696e+003, 0.000000e+000, 0.000000e+000, 0.000000e+000
 4.854500e-001, 1.888716e+003, 7.816760e+002,-3.366740e+003, 9.027924e+003, 5.012447e+001,-1.412257e+002, 8.729577e+003, 0.000000e+000, 0.000000e+000, 0.000000e+000
 4.855000e-001, 2.008788e+003, 1.103461e+003,-3.282589e+003, 9.069533e+003, 5.119167e+001,-1.376202e+002, 8.769201e+003, 0.000000e+000, 0.000000e+000, 0.000000e+000
 4.855500e-001, 1.857343e+003, 8.691166e+002,-3.382893e+003, 9.106917e+003, 5.462123e+001,-1.349000e+002, 8.811044e+003, 0.000000e+000, 0.000000e+000, 0.000000e+000
 4.856000e-001, 1.945766e+003, 1.258915e+003,-3.321822e+003, 9.142102e+003, 5.578605e+001,-1.313525e+002, 8.845667e+003, 0.000000e+000, 0.000000e+000, 0.000000e+000
 4.856500e-001, 1.824563e+003, 9.581927e+002,-3.397159e+003, 9.172946e+003, 5.910338e+001,-1.284996e+002, 8.881364e+003, 0.000000e+000, 0.000000e+000, 0.000000e+000
 4.857000e-001, 1.878656e+003, 1.410250e+003,-3.352882e+003, 9.201663e+003, 6.032768e+001,-1.250509e+002, 8.910744e+003, 0.000000e+000, 0.000000e+000, 0.000000e+000
 4.857500e-001, 1.789697e+003, 1.050469e+003,-3.408633e+003, 9.225979e+003, 6.337785e+001,-1.221646e+002, 8.940186e+003, 0.000000e+000, 0.000000e+000, 0.000000e+000
 4.858000e-001, 1.808312e+003, 1.555425e+003,-3.376722e+003, 9.248190e+003, 6.463276e+001,-1.188474e+002, 8.963963e+003, 0.000000e+000, 0.000000e+000, 0.000000e+000
 4.858500e-001, 1.752019e+003, 1.147371e+003,-3.416083e+003, 9.266001e+003, 6.727959e+001,-1.160415e+002, 8.987002e+003, 0.000000e+000, 0.000000e+000, 0.000000e+000
 4.859000e-001, 1.735560e+003, 1.692619e+003,-3.394372e+003, 9.281682e+003, 6.854024e+001,-1.128986e+002, 9.004744e+003, 0.000000e+000, 0.000000e+000, 0.000000e+000
 4.859500e-001, 1.710892e+003, 1.249931e+003,-3.418311e+003, 9.293014e+003, 7.067827e+001,-1.102948e+002, 9.021197e+003, 0.000000e+000, 0.000000e+000, 0.000000e+000
 4.860000e-001, 1.661097e+003, 1.820497e+003,-3.406774e+003, 9.302155e+003, 7.191814e+001,-1.073831e+002, 9.032459e+003, 0.000000e+000, 0.000000e+000, 0.000000e+000
 4.860500e-001, 1.665886e+003, 1.358620e+003,-3.414453e+003, 9.307040e+003, 7.347811e+001,-1.050955e+002, 9.042129e+003, 0.000000e+000, 0.000000e+000, 0.000000e+000
 4.861000e-001, 1.585422e+003, 1.938371e+003,-3.414674e+003, 9.309650e+003, 7.466321e+001,-1.024779e+002, 9.046531e+003, 0.000000e+000, 0.000000e+000, 0.000000e+000
 4.861500e-001, 1.616833e+003, 1.473275e+003,-3.404157e+003, 9.308114e+003, 7.561124e+001,-1.005927e+002, 9.049244e+003, 0.000000e+000, 0.000000e+000, 0.000000e+000
 4.862000e-001, 1.508805e+003, 2.046279e+003,-3.418524e+003, 9.304214e+003, 7.669452e+001,-9.832465e+001, 9.046538e+003, 0.000000e+000, 0.000000e+000, 0.000000e+000
 4.862500e-001, 1.563851e+003, 1.593095e+003,-3.387621e+003, 9.296282e+003, 7.702692e+001,-9.688354e+001, 9.042179e+003, 0.000000e+000, 0.000000e+000, 0.000000e+000
 4.863000e-001, 1.431275e+003, 2.144958e+003,-3.418411e+003, 9.285901e+003, 7.794454e+001,-9.500121e+001, 9.032284e+003, 0.000000e+000, 0.000000e+000, 0.000000e+000
 4.863500e-001, 1.507307e+003, 1.716696e+003,-3.365505e+003, 9.271592e+003, 7.768030e+001,-9.399631e+001, 9.020801e+003, 0.000000e+000, 0.000000e+000, 0.000000e+000
 4.864000e-001, 1.352643e+003, 2.235729e+003,-3.414020e+003, 9.254774e+003, 7.835219e+001,-9.251344e+001, 9.003810e+003, 0.000000e+000, 0.000000e+000, 0.000000e+000
 4.864500e-001, 1.447761e+003, 1.842237e+003,-3.338761e+003, 9.234102e+003, 7.752509e+001,-9.189545e+001, 8.985203e+003, 0.000000e+000, 0.000000e+000, 0.000000e+000
 4.865000e-001, 1.272568e+003, 2.320272e+003,-3.404694e+003, 9.210896e+003, 7.786189e+001,-9.080815e+001, 8.961342e+003, 0.000000e+000, 0.000000e+000, 0.000000e+000
 4.865500e-001, 1.385861e+003, 1.967622e+003,-3.308412e+003, 9.183876e+003, 7.651372e+001,-9.050574e+001, 8.935643e+003, 0.000000e+000, 0.000000e+000, 0.000000e+000
 4.866000e-001, 1.190659e+003, 2.400330e+003,-3.389592e+003, 9.154335e+003, 7.643017e+001,-8.980097e+001, 8.905216e+003, 0.000000e+000, 0.000000e+000, 0.000000e+000
 4.866500e-001, 1.322233e+003, 2.090770e+003,-3.275343e+003, 9.120992e+003, 7.460623e+001,-8.974319e+001, 8.872462e+003, 0.000000e+000, 0.000000e+000, 0.000000e+000
 4.867000e-001, 1.106607e+003, 2.477388e+003,-3.367934e+003, 9.085174e+003, 7.403825e+001,-8.940456e+001, 8.835790e+003, 0.000000e+000, 0.000000e+000, 0.000000e+000
 4.867500e-001, 1.257374e+003, 2.209889e+003,-3.240148e+003, 9.045541e+003, 7.178587e+001,-8.953739e+001, 8.796025e+003, 0.000000e+000, 0.000000e+000, 0.000000e+000
 4.868000e-001, 1.020302e+003, 2.552412e+003,-3.339271e+003, 9.003496e+003, 7.070656e+001,-8.954362e+001, 8.753396e+003, 0.000000e+000, 0.000000e+000, 0.000000e+000
 4.868500e-001, 1.191569e+003, 2.323701e+003,-3.203036e+003, 8.957619e+003, 6.807581e+001,-8.983448e+001, 8.706689e+003, 0.000000e+000, 0.000000e+000, 0.000000e+000
 4.869000e-001, 9.319141e+002, 2.625709e+003,-3.303690e+003, 8.909393e+003, 6.650563e+001,-9.015013e+001, 8.658335e+003, 0.000000e+000, 0.000000e+000, 0.000000e+000
 4.869500e-001, 1.124857e+003, 2.431572e+003,-3.163809e+003, 8.857325e+003, 6.355093e+001,-9.058012e+001, 8.604802e+003, 0.000000e+000, 0.000000e+000, 0.000000e+000
 4.870000e-001, 8.419094e+002, 2.696932e+003,-3.261889e+003, 8.802953e+003, 6.155916e+001,-9.114265e+001, 8.550895e+003, 0.000000e+000, 0.000000e+000, 0.000000e+000
 4.870500e-001, 1.057032e+003, 2.533528e+003,-3.121890e+003, 8.744756e+003, 5.833961e+001,-9.169168e+001, 8.490729e+003, 0.000000e+000, 0.000000e+000, 0.000000e+000
 4.871000e-001, 7.510033e+002, 2.765197e+003,-3.215105e+003, 8.684262e+003, 5.603656e+001,-9.240163e+001, 8.431388e+003, 0.000000e+000, 0.000000e+000, 0.000000e+000
 4.871500e-001, 9.876739e+002, 2.630164e+003,-3.076387e+003, 8.620000e+003, 5.261419e+001,-9.303441e+001, 8.364866e+003, 0.000000e+000, 0.000000e+000, 0.000000e+000
 4.872000e-001, 6.600707e+002, 2.829277e+003,-3.164906e+003, 8.553402e+003, 5.013648e+001,-9.375537e+001, 8.300166e+003, 0.000000e+000, 0.000000e+000, 0.000000e+000
 4.872500e-001, 9.162187e+002, 2.722480e+003,-3.026186e+003, 8.483142e+003, 4.657297e+001,-9.441505e+001, 8.227643e+003, 0.000000e+000, 0.000000e+000, 0.000000e+000
 4.873000e-001, 5.700290e+002, 2.887826e+003,-3.112905e+003, 8.410458e+003, 4.406532e+001,-9.498634e+001, 8.157610e+003, 0.000000e+000, 0.000000e+000, 0.000000e+000
 4.873500e-001, 8.420397e+002, 2.811647e+003,-2.970083e+003, 8.334273e+003, 4.041907e+001,-9.559830e+001, 8.079478e+003, 0.000000e+000, 0.000000e+000, 0.000000e+000
 4.874000e-001, 4.817190e+002, 2.939600e+003,-3.060471e+003, 8.255532e+003, 3.801642e+001,-9.585847e+001, 8.004091e+003, 0.000000e+000, 0.000000e+000, 0.000000e+000
 4.874500e-001, 7.645515e+002, 2.898754e+003,-2.906966e+003, 8.173501e+003, 3.434201e+001,-9.634167e+001, 7.920744e+003, 0.000000e+000, 0.000000e+000, 0.000000e+000
 4.875000e-001, 3.957986e+002, 2.983658e+003,-3.008480e+003, 8.088749e+003, 3.215536e+001,-9.615621e+001, 7.839936e+003, 0.000000e+000, 0.000000e+000, 0.000000e+000
 4.875500e-001, 6.833189e+002, 2.984563e+003,-2.836029e+003, 8.000961e+003, 2.850592e+001,-9.643626e+001, 7.751726e+003, 0.000000e+000, 0.000000e+000, 0.000000e+000
 4.876000e-001, 3.126649e+002, 3.019532e+003,-2.957168e+003, 7.910272e+003, 2.661360e+001,-9.572108e+001, 7.665402e+003, 0.000000e+000, 0.000000e+000, 0.000000e+000
 4.876500e-001, 5.981540e+002, 3.069313e+003,-2.756992e+003, 7.816827e+003, 2.304506e+001,-9.573899e+001, 7.572616e+003, 0.000000e+000, 0.000000e+000, 0.000000e+000
 4.877000e-001, 2.324113e+002, 3.047330e+003,-2.906073e+003, 7.720306e+003, 2.148970e+001,-9.447255e+001, 7.480691e+003, 0.000000e+000, 0.000000e+000, 0.000000e+000
 4.877500e-001, 5.091797e+002, 3.152628e+003,-2.670262e+003, 7.621311e+003, 1.806425e+001,-9.418581e+001, 7.383543e+003, 0.000000e+000, 0.000000e+000, 0.000000e+000
 4.878000e-001, 1.548268e+002, 3.067766e+003,-2.854084e+003, 7.519093e+003, 1.685445e+001,-9.240706e+001, 7.285979e+003, 0.000000e+000, 0.000000e+000, 0.000000e+000
 4.878500e-001, 4.168419e+002, 3.233541e+003,-2.576996e+003, 7.414666e+003, 1.364049e+001,-9.178379e+001, 7.184623e+003, 0.000000e+000, 0.000000e+000, 0.000000e+000
 4.879000e-001, 7.943311e+001, 3.082092e+003,-2.799561e+003, 7.306912e+003, 1.275518e+001,-8.957842e+001, 7.081468e+003, 0.000000e+000, 0.000000e+000, 0.000000e+000
 4.879500e-001, 3.218659e+002, 3.310626e+003,-2.479017e+003, 7.197176e+003, 9.822627e+000,-8.858870e+001, 6.976011e+003, 0.000000e+000, 0.000000e+000, 0.000000e+000
 4.880000e-001, 5.553005e+000, 3.091949e+003,-2.740493e+003, 7.084068e+003, 9.216516e+000,-8.606944e+001, 6.867413e+003, 0.000000e+000, 0.000000e+000, 0.000000e+000
 4.880500e-001, 2.251675e+002, 3.382211e+003,-2.378619e+003, 6.969156e+003, 6.628208e+000,-8.467923e+001, 6.757929e+003, 0.000000e+000, 0.000000e+000, 0.000000e+000
 4.881000e-001,-6.760051e+001, 3.099157e+003,-2.674692e+003, 6.850891e+003, 6.237516e+000,-8.196714e+001, 6.644129e+003, 0.000000e+000, 0.000000e+000, 0.000000e+000
 4.881500e-001, 1.277381e+002, 3.446609e+003,-2.278279e+003, 6.730944e+003, 4.039245e+000,-8.013870e+001, 6.530657e+003, 0.000000e+000, 0.000000e+000, 0.000000e+000
 4.882000e-001,-1.408261e+002, 3.105466e+003,-2.599991e+003, 6.607729e+003, 3.788037e+000,-7.735011e+001, 6.411955e+003, 0.000000e+000, 0.000000e+000, 0.000000e+000
 4.882500e-001, 3.052976e+001, 3.502331e+003,-2.180353e+003, 6.482903e+003, 2.000527e+000,-7.504945e+001, 6.294495e+003, 0.000000e+000, 0.000000e+000, 0.000000e+000
 4.883000e-001,-2.148370e+002, 3.112330e+003,-2.514449e+003, 6.354953e+003, 1.808392e+000,-7.228942e+001, 6.171202e+003, 0.000000e+000, 0.000000e+000, 0.000000e+000
 4.883500e-001,-6.564162e+001, 3.548252e+003,-2.086807e+003, 6.225419e+003, 4.239114e-001,-6.949793e+001, 6.049708e+003, 0.000000e+000, 0.000000e+000, 0.000000e+000
 4.884000e-001,-2.901746e+002, 3.120714e+003,-2.416560e+003, 6.092952e+003, 2.152025e-001,-6.685814e+001, 5.922107e+003, 0.000000e+000, 0.000000e+000, 0.000000e+000
 4.884500e-001,-1.601623e+002, 3.583711e+003,-1.999022e+003, 5.958899e+003,-8.000941e-001,-6.358330e+001, 5.796492e+003, 0.000000e+000, 0.000000e+000, 0.000000e+000
 4.885000e-001,-3.671446e+002, 3.130989e+003,-2.305430e+003, 5.822138e+003,-1.086479e+000,-6.114041e+001, 5.664809e+003, 0.000000e+000, 0.000000e+000, 0.000000e+000
 4.885500e-001,-2.526512e+002, 3.608553e+003,-1.917701e+003, 5.683773e+003,-1.785336e+000,-5.742094e+001, 5.534966e+003, 0.000000e+000, 0.000000e+000, 0.000000e+000
 4.886000e-001,-4.457860e+002, 3.142913e+003,-2.180913e+003, 5.542938e+003,-2.187962e+000,-5.523292e+001, 5.399361e+003, 0.000000e+000, 0.000000e+000, 0.000000e+000
 4.886500e-001,-3.429561e+002, 3.623099e+003,-1.842848e+003, 5.400483e+003,-2.632339e+000,-5.113596e+001, 5.265202e+003, 0.000000e+000, 0.000000e+000, 0.000000e+000
 4.887000e-001,-5.258809e+002, 3.155731e+003,-2.043658e+003, 5.255791e+003,-3.163722e+000,-4.923595e+001, 5.125792e+003, 0.000000e+000, 0.000000e+000, 0.000000e+000
 4.887500e-001,-4.311226e+002, 3.628065e+003,-1.773824e+003, 5.109478e+003,-3.415631e+000,-4.484745e+001, 4.987281e+003, 0.000000e+000, 0.000000e+000, 0.000000e+000
 4.888000e-001,-6.070041e+002, 3.168346e+003,-1.895057e+003, 4.961144e+003,-4.065031e+000,-4.323762e+001, 4.844163e+003, 0.000000e+000, 0.000000e+000, 0.000000e+000
 4.888500e-001,-5.173419e+002, 3.624428e+003,-1.709440e+003, 4.811210e+003,-4.180274e+000,-3.864990e+001, 4.701352e+003, 0.000000e+000, 0.000000e+000, 0.000000e+000
 4.889000e-001,-6.886038e+002, 3.179546e+003,-1.737104e+003, 4.659445e+003,-4.922593e+000,-3.729865e+001, 4.554629e+003, 0.000000e+000, 0.000000e+000, 0.000000e+000
 4.889500e-001,-6.018873e+002, 3.613255e+003,-1.648073e+003, 4.506130e+003,-4.948333e+000,-3.259977e+001, 4.407667e+003, 0.000000e+000, 0.000000e+000, 0.000000e+000
 4.890000e-001,-7.700948e+002, 3.188231e+003,-1.572181e+003, 4.351145e+003,-5.756734e+000,-3.144513e+001, 4.257467e+003, 0.000000e+000, 0.000000e+000, 0.000000e+000
 4.890500e-001,-6.850475e+002, 3.595527e+003,-1.587795e+003, 4.194690e+003,-5.732065e+000,-2.671348e+001, 4.106595e+003, 0.000000e+000, 0.000000e+000, 0.000000e+000
 4.891000e-001,-8.509434e+002, 3.193584e+003,-1.402841e+003, 4.036700e+003,-6.590402e+000,-2.567289e+001, 3.953076e+003, 0.000000e+000, 0.000000e+000, 0.000000e+000
 4.891500e-001,-7.670653e+002, 3.571975e+003,-1.526512e+003, 3.877346e+003,-6.547971e+000,-2.097776e+001, 3.798594e+003, 0.000000e+000, 0.000000e+000, 0.000000e+000
 4.892000e-001,-9.307253e+002, 3.195172e+003,-1.231604e+003, 3.716574e+003,-7.459019e+000,-1.996176e+001, 3.641943e+003, 0.000000e+000, 0.000000e+000, 0.000000e+000
 4.892500e-001,-8.480889e+002, 3.542971e+003,-1.462104e+003, 3.554564e+003,-7.425624e+000,-1.536742e+001, 3.484187e+003, 0.000000e+000, 0.000000e+000, 0.000000e+000
 4.893000e-001,-1.009151e+003, 3.192960e+003,-1.060823e+003, 3.391241e+003,-8.412515e+000,-1.429305e+001, 3.324614e+003, 0.000000e+000, 0.000000e+000, 0.000000e+000
 4.893500e-001,-9.281432e+002, 3.508484e+003,-1.392566e+003, 3.226819e+003,-8.407654e+000,-9.862950e+000, 3.163931e+003, 0.000000e+000, 0.000000e+000, 0.000000e+000
 4.894000e-001,-1.086054e+003, 3.187245e+003,-8.926150e+002, 3.061188e+003,-9.508210e+000,-8.662451e+000, 3.001669e+003, 0.000000e+000, 0.000000e+000, 0.000000e+000
 4.894500e-001,-1.007126e+003, 3.468117e+003,-1.316116e+003, 2.894597e+003,-9.541141e+000,-4.460035e+000, 2.838402e+003, 0.000000e+000, 0.000000e+000, 0.000000e+000
 4.895000e-001,-1.161358e+003, 3.178543e+003,-7.288494e+002, 2.726907e+003,-1.079716e+001,-3.082589e+000, 2.673717e+003, 0.000000e+000, 0.000000e+000, 0.000000e+000
 4.895500e-001,-1.084834e+003, 3.421232e+003,-1.231284e+003, 2.558390e+003,-1.086437e+001, 8.322408e-001, 2.508204e+003, 0.000000e+000, 0.000000e+000, 0.000000e+000
 4.896000e-001,-1.235024e+003, 3.167441e+003,-5.711620e+002, 2.388890e+003,-1.230935e+001, 2.425249e+000, 2.341402e+003, 0.000000e+000, 0.000000e+000, 0.000000e+000
 4.896500e-001,-1.161010e+003, 3.367135e+003,-1.136930e+003, 2.218689e+003,-1.239469e+001, 6.002853e+000, 2.173985e+003, 0.000000e+000, 0.000000e+000, 0.000000e+000
 4.897000e-001,-1.306999e+003, 3.154450e+003,-4.209780e+002, 2.047624e+003,-1.404378e+001, 7.845945e+000, 2.005414e+003, 0.000000e+000, 0.000000e+000, 0.000000e+000
 4.897500e-001,-1.235409e+003, 3.305279e+003,-1.032236e+003, 1.875976e+003,-1.412252e+001, 1.105374e+001, 1.836442e+003, 0.000000e+000, 0.000000e+000, 0.000000e+000
 4.898000e-001,-1.377173e+003, 3.139859e+003,-2.795170e+002, 1.703584e+003,-1.596710e+001, 1.318453e+001, 1.666485e+003, 0.000000e+000, 0.000000e+000, 0.000000e+000
 4.898500e-001,-1.307872e+003, 3.235469e+003,-9.166442e+002, 1.530725e+003,-1.601366e+001, 1.601070e+001, 1.496312e+003, 0.000000e+000, 0.000000e+000, 0.000000e+000
 4.899000e-001,-1.445345e+003, 3.123625e+003,-1.477773e+002, 1.357236e+003,-1.802125e+001, 1.847255e+001, 1.325368e+003, 0.000000e+000, 0.000000e+000, 0.000000e+000
 4.899500e-001,-1.378371e+003, 3.157991e+003,-7.898083e+002, 1.183401e+003,-1.801834e+001, 2.092503e+001, 1.154341e+003, 0.000000e+000, 0.000000e+000, 0.000000e+000
 4.900000e-001,-1.511210e+003, 3.105292e+003,-2.650168e+001, 1.009037e+003,-2.013680e+001, 2.376374e+001, 9.827968e+002, 0.000000e+000, 0.000000e+000, 0.000000e+000
 4.900500e-001,-1.447039e+003, 3.073664e+003,-6.515608e+002, 8.344641e+002,-2.008298e+001, 2.586489e+001, 8.112454e+002, 0.000000e+000, 0.000000e+000, 0.000000e+000
 4.901000e-001,-1.574359e+003, 3.083979e+003, 8.386462e+001, 6.594435e+002,-2.224670e+001, 2.912062e+001, 6.394476e+002, 0.000000e+000, 0.000000e+000, 0.000000e+000
 4.901500e-001,-1.514159e+003, 2.983800e+003,-5.019276e+002, 4.843770e+002,-2.215970e+001, 3.090009e+001, 4.676667e+002, 0.000000e+000, 0.000000e+000, 0.000000e+000
 4.902000e-001,-1.634300e+003, 3.058416e+003, 1.832160e+002, 3.089175e+002,-2.429583e+001, 3.459735e+001, 2.959115e+002, 0.000000e+000, 0.000000e+000, 0.000000e+000
 4.902500e-001,-1.580118e+003, 2.890078e+003,-3.411878e+002, 1.336075e+002,-2.421038e+001, 3.608622e+001, 1.241603e+002, 0.000000e+000, 0.000000e+000, 0.000000e+000
 4.903000e-001,-1.690500e+003, 3.027056e+003, 2.718231e+002,-4.207075e+001,-2.624399e+001, 4.022558e+001,-4.730714e+001, 0.000000e+000, 0.000000e+000, 0.000000e+000
 4.903500e-001,-1.645339e+003, 2.794363e+003,-1.699626e+002,-2.173692e+002,-2.620500e+001, 4.145395e+001,-2.187983e+002, 0.000000e+000, 0.000000e+000, 0.000000e+000
 4.904000e-001,-1.742429e+003, 2.988243e+003, 3.503640e+002,-3.930406e+002,-2.806346e+001, 4.600766e+001,-3.897666e+002, 0.000000e+000, 0.000000e+000, 0.000000e+000
 4.904500e-001,-1.710208e+003, 2.698509e+003, 1.069579e+001,-5.680704e+002,-2.811692e+001, 4.700637e+001,-5.607819e+002, 0.000000e+000, 0.000000e+000, 0.000000e+000
 4.905000e-001,-1.789631e+003, 2.940412e+003, 4.199478e+002,-7.435032e+002,-2.973441e+001, 5.191835e+001,-7.310492e+002, 0.000000e+000, 0.000000e+000, 0.000000e+000
 4.905500e-001,-1.774997e+003, 2.604167e+003, 1.992420e+002,-9.180089e+002,-2.991906e+001, 5.272313e+001,-9.013729e+002, 0.000000e+000, 0.000000e+000, 0.000000e+000
 4.906000e-001,-1.831783e+003, 2.882295e+003, 4.821286e+002,-1.092964e+003,-3.124220e+001, 5.791229e+001,-1.070724e+003, 0.000000e+000, 0.000000e+000, 0.000000e+000
 4.906500e-001,-1.839815e+003, 2.512624e+003, 3.936265e+002,-1.266695e+003,-3.158424e+001, 5.856786e+001,-1.240133e+003, 0.000000e+000, 0.000000e+000, 0.000000e+000
 4.907000e-001,-1.868748e+003, 2.813101e+003, 5.388968e+002,-1.440926e+003,-3.257885e+001, 6.393280e+001,-1.408327e+003, 0.000000e+000, 0.000000e+000, 0.000000e+000
 4.907500e-001,-1.904575e+003, 2.424682e+003, 5.913420e+002,-1.613636e+003,-3.309079e+001, 6.449438e+001,-1.576594e+003, 0.000000e+000, 0.000000e+000, 0.000000e+000
 4.908000e-001,-1.900608e+003, 2.732629e+003, 5.926352e+002,-1.786888e+003,-3.374830e+001, 6.991782e+001,-1.743367e+003, 0.000000e+000, 0.000000e+000, 0.000000e+000
 4.908500e-001,-1.968983e+003, 2.340594e+003, 7.895244e+002,-1.958339e+003,-3.443098e+001, 7.044893e+001,-1.910272e+003, 0.000000e+000, 0.000000e+000, 0.000000e+000
 4.909000e-001,-1.927670e+003, 2.641301e+003, 6.460270e+002,-2.130349e+003,-3.477269e+001, 7.580173e+001,-2.075350e+003, 0.000000e+000, 0.000000e+000, 0.000000e+000
 4.909500e-001,-2.032555e+003, 2.260055e+003, 9.850929e+002,-2.300306e+003,-3.561864e+001, 7.636864e+001,-2.240698e+003, 0.000000e+000, 0.000000e+000, 0.000000e+000
 4.910000e-001,-1.950429e+003, 2.540105e+003, 7.019099e+002,-2.470802e+003,-3.569531e+001, 8.151413e+001,-2.403814e+003, 0.000000e+000, 0.000000e+000, 0.000000e+000
 4.910500e-001,-2.094652e+003, 2.182243e+003, 1.174917e+003,-2.639033e+003,-3.669153e+001, 8.217905e+001,-2.567444e+003, 0.000000e+000, 0.000000e+000, 0.000000e+000
 4.911000e-001,-1.969516e+003, 2.430469e+003, 7.630872e+002,-2.807739e+003,-3.657759e+001, 8.697893e+001,-2.728355e+003, 0.000000e+000, 0.000000e+000, 0.000000e+000
 4.911500e-001,-2.154531e+003, 2.105920e+003, 1.355989e+003,-2.974016e+003,-3.770647e+001, 8.779423e+001,-2.890138e+003, 0.000000e+000, 0.000000e+000, 0.000000e+000
 4.912000e-001,-1.985615e+003, 2.314085e+003, 8.321180e+002,-3.140653e+003,-3.748946e+001, 9.211689e+001,-3.048633e+003, 0.000000e+000, 0.000000e+000, 0.000000e+000
 4.912500e-001,-2.211405e+003, 2.029582e+003, 1.525602e+003,-3.304747e+003,-3.872807e+001, 9.312175e+001,-3.208457e+003, 0.000000e+000, 0.000000e+000, 0.000000e+000
 4.913000e-001,-1.999393e+003, 2.192738e+003, 9.111151e+002,-3.469041e+003,-3.849576e+001, 9.685261e+001,-3.364359e+003, 0.000000e+000, 0.000000e+000, 0.000000e+000
 4.913500e-001,-2.264514e+003, 1.951628e+003, 1.681500e+003,-3.630728e+003,-3.981475e+001, 9.807267e+001,-3.522109e+003, 0.000000e+000, 0.000000e+000, 0.000000e+000
 4.914000e-001,-2.011424e+003, 2.068135e+003, 1.001584e+003,-3.792414e+003,-3.964324e+001, 1.011246e+002,-3.675266e+003, 0.000000e+000, 0.000000e+000, 0.000000e+000
 4.914500e-001,-2.313190e+003, 1.870543e+003, 1.822023e+003,-3.951472e+003,-4.100704e+001, 1.025733e+002,-3.830800e+003, 0.000000e+000, 0.000000e+000, 0.000000e+000
 4.915000e-001,-2.022146e+003, 1.941788e+003, 1.104322e+003,-4.110298e+003,-4.095271e+001, 1.048950e+002,-3.981079e+003, 0.000000e+000, 0.000000e+000, 0.000000e+000
 4.915500e-001,-2.356911e+003, 1.785056e+003, 1.946196e+003,-4.266509e+003,-4.232207e+001, 1.065754e+002,-4.134214e+003, 0.000000e+000, 0.000000e+000, 0.000000e+000
 4.916000e-001,-2.031838e+003, 1.814935e+003, 1.219388e+003,-4.422238e+003,-4.241898e+001, 1.081547e+002,-4.281501e+003, 0.000000e+000, 0.000000e+000, 0.000000e+000
 4.916500e-001,-2.395334e+003, 1.694243e+003, 2.053779e+003,-4.575388e+003,-4.375571e+001, 1.100601e+002,-4.432004e+003, 0.000000e+000, 0.000000e+000, 0.000000e+000
 4.917000e-001,-2.040617e+003, 1.688510e+003, 1.346137e+003,-4.727795e+003,-4.401817e+001, 1.109227e+002,-4.576204e+003, 0.000000e+000, 0.000000e+000, 0.000000e+000
 4.917500e-001,-2.428307e+003, 1.597578e+003, 2.145250e+003,-4.877671e+003,-4.529063e+001, 1.130357e+002,-4.723802e+003, 0.000000e+000, 0.000000e+000, 0.000000e+000
 4.918000e-001,-2.048460e+003, 1.563144e+003, 1.483309e+003,-5.026548e+003,-4.571899e+001, 1.132387e+002,-4.864839e+003, 0.000000e+000, 0.000000e+000, 0.000000e+000
 4.918500e-001,-2.455846e+003, 1.494903e+003, 2.221729e+003,-5.172938e+003,-4.690627e+001, 1.155304e+002,-5.009231e+003, 0.000000e+000, 0.000000e+000, 0.000000e+000
 4.919000e-001,-2.055234e+003, 1.439204e+003, 1.629145e+003,-5.318081e+003,-4.749345e+001, 1.151526e+002,-5.147051e+003, 0.000000e+000, 0.000000e+000, 0.000000e+000
 4.919500e-001,-2.478089e+003, 1.386351e+003, 2.284841e+003,-5.460775e+003,-4.858648e+001, 1.175822e+002,-5.287921e+003, 0.000000e+000, 0.000000e+000, 0.000000e+000
 4.920000e-001,-2.060733e+003, 1.316840e+003, 1.781529e+003,-5.601990e+003,-4.932265e+001, 1.167152e+002,-5.422479e+003, 0.000000e+000, 0.000000e+000, 0.000000e+000
 4.920500e-001,-2.495245e+003, 1.272234e+003, 2.336552e+003,-5.740780e+003,-5.032159e+001, 1.192318e+002,-5.559508e+003, 0.000000e+000, 0.000000e+000, 0.000000e+000
 4.921000e-001,-2.064719e+003, 1.196061e+003, 1.938125e+003,-5.877875e+003,-5.119624e+001, 1.179720e+002,-5.690753e+003, 0.000000e+000, 0.000000e+000, 0.000000e+000
 4.921500e-001,-2.507531e+003, 1.152935e+003, 2.378990e+003,-6.012558e+003,-5.210503e+001, 1.205190e+002,-5.823628e+003, 0.000000e+000, 0.000000e+000, 0.000000e+000
 4.922000e-001,-2.066960e+003, 1.076802e+003, 2.096514e+003,-6.145348e+003,-5.310644e+001, 1.189631e+002,-5.951482e+003, 0.000000e+000, 0.000000e+000, 0.000000e+000
 4.922500e-001,-2.515125e+003, 1.028821e+003, 2.414287e+003,-6.275729e+003,-5.392655e+001, 1.214842e+002,-6.079896e+003, 0.000000e+000, 0.000000e+000, 0.000000e+000
 4.923000e-001,-2.067265e+003, 9.589976e+002, 2.254315e+003,-6.404034e+003,-5.504011e+001, 1.197266e+002,-6.204236e+003, 0.000000e+000, 0.000000e+000, 0.000000e+000
 4.923500e-001,-2.518142e+003, 9.001947e+002, 2.444459e+003,-6.529926e+003,-5.576580e+001, 1.221712e+002,-6.327896e+003, 0.000000e+000, 0.000000e+000, 0.000000e+000
 4.924000e-001,-2.065504e+003, 8.426239e+002, 2.409283e+003,-6.653573e+003,-5.697258e+001, 1.203037e+002,-6.448542e+003, 0.000000e+000, 0.000000e+000, 0.000000e+000
 4.924500e-001,-2.516625e+003, 7.673002e+002, 2.471339e+003,-6.774805e+003,-5.758958e+001, 1.226314e+002,-6.567175e+003, 0.000000e+000, 0.000000e+000, 0.000000e+000
 4.925000e-001,-2.061620e+003, 7.277206e+002, 2.559382e+003,-6.893627e+003,-5.886617e+001, 1.207416e+002,-6.683896e+003, 0.000000e+000, 0.000000e+000, 0.000000e+000
 4.925500e-001,-2.510564e+003, 6.303575e+002, 2.496541e+003,-7.010036e+003,-5.935403e+001, 1.229229e+002,-6.797262e+003, 0.000000e+000, 0.000000e+000, 0.000000e+000
 4.926000e-001,-2.055617e+003, 6.143695e+002, 2.702822e+003,-7.123876e+003,-6.067360e+001, 1.210935e+002,-6.909788e+003, 0.000000e+000, 0.000000e+000, 0.000000e+000
 4.926500e-001,-2.499924e+003, 4.896241e+002, 2.521469e+003,-7.235311e+003,-6.101087e+001, 1.231080e+002,-7.017693e+003, 0.000000e+000, 0.000000e+000, 0.000000e+000
 4.927000e-001,-2.047546e+003, 5.026391e+002, 2.838063e+003,-7.344017e+003,-6.234458e+001, 1.214144e+002,-7.125734e+003, 0.000000e+000, 0.000000e+000, 0.000000e+000
 4.927500e-001,-2.484675e+003, 3.454615e+002, 2.547342e+003,-7.450332e+003,-6.251473e+001, 1.232478e+002,-7.228041e+003, 0.000000e+000, 0.000000e+000, 0.000000e+000
 4.928000e-001,-2.037462e+003, 3.925066e+002, 2.963794e+003,-7.553760e+003,-6.383243e+001, 1.217561e+002,-7.331312e+003, 0.000000e+000, 0.000000e+000, 0.000000e+000
 4.928500e-001,-2.464827e+003, 1.983957e+002, 2.575212e+003,-7.654816e+003,-6.382861e+001, 1.233961e+002,-7.427936e+003, 0.000000e+000, 0.000000e+000, 0.000000e+000
 4.929000e-001,-2.025391e+003, 2.837763e+002, 3.078892e+003,-7.752831e+003,-6.509815e+001, 1.221623e+002,-7.526170e+003, 0.000000e+000, 0.000000e+000, 0.000000e+000
 4.929500e-001,-2.440458e+003, 4.916029e+001, 2.605992e+003,-7.848491e+003,-6.492540e+001, 1.235963e+002,-7.617073e+003, 0.000000e+000, 0.000000e+000, 0.000000e+000
 4.930000e-001,-2.011299e+003, 1.760178e+002, 3.182391e+003,-7.940964e+003,-6.611065e+001, 1.226658e+002,-7.710031e+003, 0.000000e+000, 0.000000e+000, 0.000000e+000
 4.930500e-001,-2.411721e+003,-1.012826e+002, 2.640457e+003,-8.031096e+003,-6.578542e+001, 1.238803e+002,-7.795201e+003, 0.000000e+000, 0.000000e+000, 0.000000e+000
 4.931000e-001,-1.995068e+003, 6.854361e+001, 3.273466e+003,-8.117907e+003,-6.684431e+001, 1.232887e+002,-7.882671e+003, 0.000000e+000, 0.000000e+000, 0.000000e+000
 4.931500e-001,-2.378855e+003,-2.517479e+002, 2.679241e+003,-8.202381e+003,-6.639206e+001, 1.242701e+002,-7.962102e+003, 0.000000e+000, 0.000000e+000, 0.000000e+000
 4.932000e-001,-1.976506e+003,-3.956462e+001, 3.351441e+003,-8.283421e+003,-6.727600e+001, 1.240431e+002,-8.043896e+003, 0.000000e+000, 0.000000e+000, 0.000000e+000
 4.932500e-001,-2.342172e+003,-4.008634e+002, 2.722819e+003,-8.362112e+003,-6.672829e+001, 1.247793e+002,-8.117570e+003, 0.000000e+000, 0.000000e+000, 0.000000e+000
 4.933000e-001,-1.955360e+003,-1.493815e+002, 3.415828e+003,-8.437278e+003,-6.738429e+001, 1.249321e+002,-8.193520e+003, 0.000000e+000, 0.000000e+000, 0.000000e+000
 4.933500e-001,-2.302039e+003,-5.471362e+002, 2.771466e+003,-8.510068e+003,-6.677640e+001, 1.254142e+002,-8.261401e+003, 0.000000e+000, 0.000000e+000, 0.000000e+000
 4.934000e-001,-1.931359e+003,-2.620288e+002, 3.466378e+003,-8.579269e+003,-6.715199e+001, 1.259489e+002,-8.331359e+003, 0.000000e+000, 0.000000e+000, 0.000000e+000
 4.934500e-001,-2.258842e+003,-6.890491e+002, 2.825221e+003,-8.646044e+003,-6.652142e+001, 1.261714e+002,-8.393394e+003, 0.000000e+000, 0.000000e+000, 0.000000e+000
 4.935000e-001,-1.904252e+003,-3.785502e+002, 3.503145e+003,-8.709189e+003,-6.657168e+001, 1.270743e+002,-8.457236e+003, 0.000000e+000, 0.000000e+000, 0.000000e+000
 4.935500e-001,-2.212952e+003,-8.251789e+002, 2.883833e+003,-8.769847e+003,-6.595716e+001, 1.270355e+002,-8.513357e+003, 0.000000e+000, 0.000000e+000, 0.000000e+000
 4.936000e-001,-1.873854e+003,-4.997906e+002, 3.526526e+003,-8.826852e+003,-6.565185e+001, 1.282737e+002,-8.570985e+003, 0.000000e+000, 0.000000e+000, 0.000000e+000
 4.936500e-001,-2.164675e+003,-9.543230e+002, 2.946717e+003,-8.881291e+003,-6.509200e+001, 1.279759e+002,-8.621132e+003, 0.000000e+000, 0.000000e+000, 0.000000e+000
 4.937000e-001,-1.840075e+003,-6.262970e+002, 3.537285e+003,-8.932072e+003,-6.442083e+001, 1.294962e+002,-8.672472e+003, 0.000000e+000, 0.000000e+000, 0.000000e+000
 4.937500e-001,-2.114215e+003,-1.075617e+003, 3.012922e+003,-8.980205e+003,-6.395154e+001, 1.289464e+002,-8.716596e+003, 0.000000e+000, 0.000000e+000, 0.000000e+000
 4.938000e-001,-1.802947e+003,-7.582508e+002, 3.536542e+003,-9.024680e+003,-6.292623e+001, 1.306768e+002,-8.761591e+003, 0.000000e+000, 0.000000e+000, 0.000000e+000
 4.938500e-001,-2.061650e+003,-1.188623e+003, 3.081137e+003,-9.066426e+003,-6.257686e+001, 1.298880e+002,-8.799661e+003, 0.000000e+000, 0.000000e+000, 0.000000e+000
 4.939000e-001,-1.762620e+003,-8.954358e+002, 3.525726e+003,-9.104513e+003,-6.122943e+001, 1.317422e+002,-8.838269e+003, 0.000000e+000, 0.000000e+000, 0.000000e+000
 4.939500e-001,-2.006915e+003,-1.293367e+003, 3.149727e+003,-9.139806e+003,-6.101836e+001, 1.307351e+002,-8.870273e+003, 0.000000e+000, 0.000000e+000, 0.000000e+000
 4.940000e-001,-1.719361e+003,-1.037242e+003, 3.506505e+003,-9.171428e+003,-5.939653e+001, 1.326189e+002,-8.902450e+003, 0.000000e+000, 0.000000e+000, 0.000000e+000
 4.940500e-001,-1.949821e+003,-1.390329e+003, 3.216818e+003,-9.200212e+003,-5.932755e+001, 1.314231e+002,-8.928391e+003, 0.000000e+000, 0.000000e+000, 0.000000e+000
 4.941000e-001,-1.673526e+003,-1.182700e+003, 3.480693e+003,-9.225302e+003,-5.748872e+001, 1.332416e+002,-8.954086e+003, 0.000000e+000, 0.000000e+000, 0.000000e+000
 4.941500e-001,-1.890085e+003,-1.480373e+003, 3.280415e+003,-9.247536e+003,-5.754953e+001, 1.318947e+002,-8.973974e+003, 0.000000e+000, 0.000000e+000, 0.000000e+000
 4.942000e-001,-1.625534e+003,-1.330547e+003, 3.450134e+003,-9.266033e+003,-5.555506e+001, 1.335596e+002,-8.993129e+003, 0.000000e+000, 0.000000e+000, 0.000000e+000
 4.942500e-001,-1.827378e+003,-1.564642e+003, 3.338545e+003,-9.281691e+003,-5.571872e+001, 1.321043e+002,-9.006981e+003, 0.000000e+000, 0.000000e+000, 0.000000e+000
 4.943000e-001,-1.575829e+003,-1.479310e+003, 3.416588e+003,-9.293548e+003,-5.362954e+001, 1.335387e+002,-9.019533e+003, 0.000000e+000, 0.000000e+000, 0.000000e+000
 4.943500e-001,-1.761379e+003,-1.644430e+003, 3.389398e+003,-9.302614e+003,-5.385874e+001, 1.320188e+002,-9.027375e+003, 0.000000e+000, 0.000000e+000, 0.000000e+000
 4.944000e-001,-1.524832e+003,-1.627410e+003, 3.381614e+003,-9.307797e+003,-5.173278e+001, 1.331604e+002,-9.033269e+003, 0.000000e+000, 0.000000e+000, 0.000000e+000
 4.944500e-001,-1.691828e+003,-1.721054e+003, 3.431461e+003,-9.310266e+003,-5.198584e+001, 1.316151e+002,-9.035128e+003, 0.000000e+000, 0.000000e+000, 0.000000e+000
 4.945000e-001,-1.472908e+003,-1.773272e+003, 3.346461e+003,-9.308755e+003,-4.987666e+001, 1.324187e+002,-9.034324e+003, 0.000000e+000, 0.000000e+000, 0.000000e+000
 4.945500e-001,-1.618566e+003,-1.795746e+003, 3.463611e+003,-9.304626e+003,-5.011356e+001, 1.308779e+002,-9.030233e+003, 0.000000e+000, 0.000000e+000, 0.000000e+000
 4.946000e-001,-1.420324e+003,-1.915426e+003, 3.311993e+003,-9.296416e+003,-4.806947e+001, 1.313154e+002,-9.022723e+003, 0.000000e+000, 0.000000e+000, 0.000000e+000
 4.946500e-001,-1.541559e+003,-1.869568e+003, 3.485169e+003,-9.285697e+003,-4.825644e+001, 1.297970e+002,-9.012707e+003, 0.000000e+000, 0.000000e+000, 0.000000e+000
 4.947000e-001,-1.367223e+003,-2.052593e+003, 3.278637e+003,-9.270794e+003,-4.631943e+001, 1.298579e+002,-8.998508e+003, 0.000000e+000, 0.000000e+000, 0.000000e+000
 4.947500e-001,-1.460912e+003,-1.943370e+003, 3.495915e+003,-9.253497e+003,-4.643110e+001, 1.283672e+002,-8.982585e+003, 0.000000e+000, 0.000000e+000, 0.000000e+000
 4.948000e-001,-1.313619e+003,-2.183739e+003, 3.246383e+003,-9.231925e+003,-4.463528e+001, 1.280583e+002,-8.961740e+003, 0.000000e+000, 0.000000e+000, 0.000000e+000
 4.948500e-001,-1.376857e+003,-2.017765e+003, 3.496053e+003,-9.208066e+003,-4.465439e+001, 1.265893e+002,-8.939904e+003, 0.000000e+000, 0.000000e+000, 0.000000e+000
 4.949000e-001,-1.259398e+003,-2.308094e+003, 3.214826e+003,-9.179859e+003,-4.302449e+001, 1.259334e+002,-8.912479e+003, 0.000000e+000, 0.000000e+000, 0.000000e+000
 4.949500e-001,-1.289736e+003,-2.093142e+003, 3.486159e+003,-9.149466e+003,-4.293999e+001, 1.244719e+002,-8.884696e+003, 0.000000e+000, 0.000000e+000, 0.000000e+000
 4.950000e-001,-1.204347e+003,-2.425138e+003, 3.183245e+003,-9.114675e+003,-4.149047e+001, 1.235052e+002,-8.850770e+003, 0.000000e+000, 0.000000e+000, 0.000000e+000
 4.950500e-001,-1.199979e+003,-2.169682e+003, 3.467083e+003,-9.077777e+003,-4.129511e+001, 1.220321e+002,-8.816980e+003, 0.000000e+000, 0.000000e+000, 0.000000e+000
 4.951000e-001,-1.148184e+003,-2.534557e+003, 3.150715e+003,-9.036467e+003,-4.003058e+001, 1.208000e+002,-8.776636e+003, 0.000000e+000, 0.000000e+000, 0.000000e+000
 4.951500e-001,-1.108065e+003,-2.247398e+003, 3.439855e+003,-8.993108e+003,-3.971907e+001, 1.192941e+002,-8.736763e+003, 0.000000e+000, 0.000000e+000, 0.000000e+000
 4.952000e-001,-1.090598e+003,-2.636190e+003, 3.116226e+003,-8.945353e+003,-3.863607e+001, 1.178462e+002,-8.690094e+003, 0.000000e+000, 0.000000e+000, 0.000000e+000
 4.952500e-001,-1.014496e+003,-2.326169e+003, 3.405568e+003,-8.895586e+003,-3.820434e+001, 1.162863e+002,-8.644055e+003, 0.000000e+000, 0.000000e+000, 0.000000e+000
 4.953000e-001,-1.031293e+003,-2.729980e+003, 3.078793e+003,-8.841470e+003,-3.729409e+001, 1.146709e+002,-8.591164e+003, 0.000000e+000, 0.000000e+000, 0.000000e+000
 4.953500e-001,-9.197595e+002,-2.405777e+003, 3.365271e+003,-8.785359e+003,-3.673951e+001, 1.130382e+002,-8.538889e+003, 0.000000e+000, 0.000000e+000, 0.000000e+000
 4.954000e-001,-9.700102e+002,-2.815934e+003, 3.037561e+003,-8.724976e+003,-3.599065e+001, 1.112977e+002,-8.479890e+003, 0.000000e+000, 0.000000e+000, 0.000000e+000
 4.954500e-001,-8.243080e+002,-2.485941e+003, 3.319877e+003,-8.662595e+003,-3.531270e+001, 1.095770e+002,-8.421334e+003, 0.000000e+000, 0.000000e+000, 0.000000e+000
 4.955000e-001,-9.065516e+002,-2.894104e+003, 2.991863e+003,-8.596044e+003,-3.471323e+001, 1.077451e+002,-8.356352e+003, 0.000000e+000, 0.000000e+000, 0.000000e+000
 4.955500e-001,-7.285352e+002,-2.566337e+003, 3.270092e+003,-8.527479e+003,-3.391399e+001, 1.059269e+002,-8.291509e+003, 0.000000e+000, 0.000000e+000, 0.000000e+000
 4.956000e-001,-8.407865e+002,-2.964592e+003, 2.941270e+003,-8.454866e+003,-3.345152e+001, 1.040276e+002,-8.220675e+003, 0.000000e+000, 0.000000e+000, 0.000000e+000
 4.956500e-001,-6.327690e+002,-2.646601e+003, 3.216370e+003,-8.380212e+003,-3.253568e+001, 1.021101e+002,-8.149580e+003, 0.000000e+000, 0.000000e+000, 0.000000e+000
 4.957000e-001,-7.726495e+002,-3.027566e+003, 2.885602e+003,-8.301649e+003,-3.219642e+001, 1.001587e+002,-8.073029e+003, 0.000000e+000, 0.000000e+000, 0.000000e+000
 4.957500e-001,-5.372727e+002,-2.726322e+003, 3.158908e+003,-8.221014e+003,-3.117078e+001, 9.814878e+001,-7.995754e+003, 0.000000e+000, 0.000000e+000, 0.000000e+000
 4.958000e-001,-7.021323e+002,-3.083279e+003, 2.824927e+003,-8.136622e+003,-3.093760e+001, 9.615298e+001,-7.913616e+003, 0.000000e+000, 0.000000e+000, 0.000000e+000
 4.958500e-001,-4.422550e+002,-2.805023e+003, 3.097673e+003,-8.050121e+003,-2.981056e+001, 9.406656e+001,-7.830271e+003, 0.000000e+000, 0.000000e+000, 0.000000e+000
 4.959000e-001,-6.292736e+002,-3.132091e+003, 2.759535e+003,-7.960025e+003,-2.966129e+001, 9.202839e+001,-7.742668e+003, 0.000000e+000, 0.000000e+000, 0.000000e+000
 4.959500e-001,-3.478857e+002,-2.882133e+003, 3.032437e+003,-7.867788e+003,-2.844283e+001, 8.988854e+001,-7.653387e+003, 0.000000e+000, 0.000000e+000, 0.000000e+000
 4.960000e-001,-5.541490e+002,-3.174474e+003, 2.689908e+003,-7.772123e+003,-2.834958e+001, 8.780485e+001,-7.560435e+003, 0.000000e+000, 0.000000e+000, 0.000000e+000
 4.960500e-001,-2.543124e+002,-2.956970e+003, 2.962841e+003,-7.674284e+003,-2.705186e+001, 8.563908e+001,-7.465381e+003, 0.000000e+000, 0.000000e+000, 0.000000e+000
 4.961000e-001,-4.768622e+002,-3.211008e+003, 2.616677e+003,-7.573192e+003,-2.698202e+001, 8.350156e+001,-7.367190e+003, 0.000000e+000, 0.000000e+000, 0.000000e+000
 4.961500e-001,-1.616721e+002,-3.028742e+003, 2.888442e+003,-7.469897e+003,-2.562043e+001, 8.133812e+001,-7.266549e+003, 0.000000e+000, 0.000000e+000, 0.000000e+000
 4.962000e-001,-3.975395e+002,-3.242365e+003, 2.540568e+003,-7.363525e+003,-2.553903e+001, 7.913295e+001,-7.163232e+003, 0.000000e+000, 0.000000e+000, 0.000000e+000
 4.962500e-001,-7.009581e+001,-3.096561e+003, 2.808760e+003,-7.254926e+003,-2.413327e+001, 7.699751e+001,-7.057212e+003, 0.000000e+000, 0.000000e+000, 0.000000e+000
 4.963000e-001,-3.163272e+002,-3.269272e+003, 2.462359e+003,-7.143428e+003,-2.400617e+001, 7.470550e+001,-6.948886e+003, 0.000000e+000, 0.000000e+000, 0.000000e+000
 4.963500e-001, 2.029520e+001,-3.159492e+003, 2.723312e+003,-7.029680e+003,-2.258045e+001, 7.261891e+001,-6.837716e+003, 0.000000e+000, 0.000000e+000, 0.000000e+000
 4.964000e-001,-2.333925e+002,-3.292474e+003, 2.382822e+003,-6.913213e+003,-2.237743e+001, 7.021654e+001,-6.724509e+003, 0.000000e+000, 0.000000e+000, 0.000000e+000
 4.964500e-001, 1.094006e+002,-3.216614e+003, 2.631635e+003,-6.794479e+003,-2.095935e+001, 6.819429e+001,-6.608431e+003, 0.000000e+000, 0.000000e+000, 0.000000e+000
 4.965000e-001,-1.489272e+002,-3.312678e+003, 2.302688e+003,-6.673206e+003,-2.065644e+001, 6.565588e+001,-6.490478e+003, 0.000000e+000, 0.000000e+000, 0.000000e+000
 4.965500e-001, 1.971550e+002,-3.267092e+003, 2.533309e+003,-6.549655e+003,-1.927453e+001, 6.370883e+001,-6.369744e+003, 0.000000e+000, 0.000000e+000, 0.000000e+000
 4.966000e-001,-6.315372e+001,-3.330500e+003, 2.222615e+003,-6.423740e+003,-1.885515e+001, 6.100951e+001,-6.247185e+003, 0.000000e+000, 0.000000e+000, 0.000000e+000
 4.966500e-001, 2.835408e+002,-3.310244e+003, 2.427979e+003,-6.295549e+003,-1.753538e+001, 5.914528e+001,-6.122052e+003, 0.000000e+000, 0.000000e+000, 0.000000e+000
 4.967000e-001, 2.366730e+001,-3.346417e+003, 2.143156e+003,-6.165163e+003,-1.699045e+001, 5.626399e+001,-5.995028e+003, 0.000000e+000, 0.000000e+000, 0.000000e+000
 4.967500e-001, 3.685955e+002,-3.345600e+003, 2.315383e+003,-6.032515e+003,-1.575267e+001, 5.448810e+001,-5.865751e+003, 0.000000e+000, 0.000000e+000, 0.000000e+000
 4.968000e-001, 1.112325e+002,-3.360717e+003, 2.064748e+003,-5.897833e+003,-1.507993e+001, 5.141016e+001,-5.734403e+003, 0.000000e+000, 0.000000e+000, 0.000000e+000
 4.968500e-001, 4.524113e+002,-3.372925e+003, 2.195385e+003,-5.760921e+003,-1.393515e+001, 4.972617e+001,-5.601232e+003, 0.000000e+000, 0.000000e+000, 0.000000e+000
 4.969000e-001, 1.991951e+002,-3.373477e+003, 1.987681e+003,-5.622123e+003,-1.313826e+001, 4.644486e+001,-5.465705e+003, 0.000000e+000, 0.000000e+000, 0.000000e+000
 4.969500e-001, 5.351262e+002,-3.392230e+003, 2.068019e+003,-5.481149e+003,-1.208750e+001, 4.485341e+001,-5.328888e+003, 0.000000e+000, 0.000000e+000, 0.000000e+000
 4.970000e-001, 2.871728e+002,-3.384559e+003, 1.912077e+003,-5.338422e+003,-1.117512e+001, 4.137088e+001,-5.189331e+003, 0.000000e+000, 0.000000e+000, 0.000000e+000
 4.970500e-001, 6.169062e+002,-3.403748e+003, 1.933522e+003,-5.193594e+003,-1.020996e+001, 3.986790e+001,-5.049114e+003, 0.000000e+000, 0.000000e+000, 0.000000e+000
 4.971000e-001, 3.747630e+002,-3.393627e+003, 1.837852e+003,-5.047130e+003,-9.194899e+000, 3.619567e+001,-4.905691e+003, 0.000000e+000, 0.000000e+000, 0.000000e+000
 4.971500e-001, 6.979230e+002,-3.407885e+003, 1.792372e+003,-4.898663e+003,-8.299583e+000, 3.477052e+001,-4.762319e+003, 0.000000e+000, 0.000000e+000, 0.000000e+000
 4.972000e-001, 4.615676e+002,-3.400201e+003, 1.764679e+003,-4.748661e+003,-7.197741e+000, 3.093003e+001,-4.615211e+003, 0.000000e+000, 0.000000e+000, 0.000000e+000
 4.972500e-001, 7.783276e+002,-3.405171e+003, 1.645318e+003,-4.596775e+003,-6.352139e+000, 2.956417e+001,-4.468927e+003, 0.000000e+000, 0.000000e+000, 0.000000e+000
 4.973000e-001, 5.472213e+002,-3.403714e+003, 1.691960e+003,-4.443440e+003,-5.181107e+000, 2.558769e+001,-4.318335e+003, 0.000000e+000, 0.000000e+000, 0.000000e+000
 4.973500e-001, 8.582240e+002,-3.396183e+003, 1.493391e+003,-4.288357e+003,-4.363808e+000, 2.425440e+001,-4.169374e+003, 0.000000e+000, 0.000000e+000, 0.000000e+000
 4.974000e-001, 6.314209e+002,-3.403592e+003, 1.618802e+003,-4.131903e+003,-3.141021e+000, 2.018591e+001,-4.015523e+003, 0.000000e+000, 0.000000e+000, 0.000000e+000
 4.974500e-001, 9.376447e+002,-3.381482e+003, 1.337913e+003,-3.973847e+003,-2.331983e+000, 1.885095e+001,-3.864104e+003, 0.000000e+000, 0.000000e+000, 0.000000e+000
 4.975000e-001, 7.139503e+002,-3.399321e+003, 1.544026e+003,-3.814494e+003,-1.072628e+000, 1.474645e+001,-3.707238e+003, 0.000000e+000, 0.000000e+000, 0.000000e+000
 4.975500e-001, 1.016532e+003,-3.361556e+003, 1.180481e+003,-3.653693e+003,-2.550594e-001, 1.336939e+001,-3.553559e+003, 0.000000e+000, 0.000000e+000, 0.000000e+000
 4.976000e-001, 7.946958e+002,-3.390502e+003, 1.466200e+003,-3.491668e+003, 1.029822e+000, 9.295994e+000,-3.393936e+003, 0.000000e+000, 0.000000e+000, 0.000000e+000
 4.976500e-001, 1.094727e+003,-3.336773e+003, 1.022926e+003,-3.328349e+003, 1.868373e+000, 7.831770e+000,-3.238170e+003, 0.000000e+000, 0.000000e+000, 0.000000e+000
 4.977000e-001, 8.736500e+002,-3.376888e+003, 1.383699e+003,-3.163889e+003, 3.173079e+000, 3.865045e+000,-3.076064e+003, 0.000000e+000, 0.000000e+000, 0.000000e+000
 4.977500e-001, 1.171970e+003,-3.307358e+003, 8.672545e+002,-2.998280e+003, 4.040284e+000, 2.265588e+000,-2.918357e+003, 0.000000e+000, 0.000000e+000, 0.000000e+000
 4.978000e-001, 9.509035e+002,-3.358391e+003, 1.294795e+003,-2.831629e+003, 5.364560e+000,-1.514804e+000,-2.754051e+003, 0.000000e+000, 0.000000e+000, 0.000000e+000
 4.978500e-001, 1.247910e+003,-3.273390e+003, 7.155529e+002,-2.663959e+003, 6.263362e+000,-3.298855e+000,-2.594529e+003, 0.000000e+000, 0.000000e+000, 0.000000e+000
 4.979000e-001, 1.026625e+003,-3.335064e+003, 1.197765e+003,-2.495366e+003, 7.611316e+000,-6.814682e+000,-2.428320e+003, 0.000000e+000, 0.000000e+000, 0.000000e+000
 4.979500e-001, 1.322130e+003,-3.234829e+003, 5.698769e+002,-2.325863e+003, 8.540386e+000,-8.831782e+000,-2.267095e+003, 0.000000e+000, 0.000000e+000, 0.000000e+000
 4.980000e-001, 1.101033e+003,-3.307065e+003, 1.091009e+003,-2.155581e+003, 9.918458e+000,-1.201203e+001,-2.099286e+003, 0.000000e+000, 0.000000e+000, 0.000000e+000
 4.980500e-001, 1.394175e+003,-3.191554e+003, 4.321182e+002,-1.984478e+003, 1.087307e+001,-1.430674e+001,-1.936468e+003, 0.000000e+000, 0.000000e+000, 0.000000e+000
 4.981000e-001, 1.174362e+003,-3.274608e+003, 9.731700e+002,-1.812760e+003, 1.228755e+001,-1.709275e+001,-1.767369e+003, 0.000000e+000, 0.000000e+000, 0.000000e+000
 4.981500e-001, 1.463596e+003,-3.143423e+003, 3.038712e+002,-1.640289e+003, 1.326092e+001,-1.970183e+001,-1.603075e+003, 0.000000e+000, 0.000000e+000, 0.000000e+000
 4.982000e-001, 1.246830e+003,-3.237905e+003, 8.432484e+002,-1.467392e+003, 1.471559e+001,-2.205113e+001,-1.432996e+003, 0.000000e+000, 0.000000e+000, 0.000000e+000
 4.982500e-001, 1.529985e+003,-3.090334e+003, 1.863099e+002,-1.293788e+003, 1.570059e+001,-2.499912e+001,-1.267359e+003, 0.000000e+000, 0.000000e+000, 0.000000e+000
 4.983000e-001, 1.318601e+003,-3.197117e+003, 7.007036e+002,-1.119965e+003, 1.719500e+001,-2.688779e+001,-1.096602e+003, 0.000000e+000, 0.000000e+000, 0.000000e+000
 4.983500e-001, 1.593011e+003,-3.032277e+003, 8.008914e+001,-9.454669e+002, 1.818608e+001,-3.018277e+001,-9.297743e+002, 0.000000e+000, 0.000000e+000, 0.000000e+000
 4.984000e-001, 1.389763e+003,-3.152313e+003, 5.455322e+002,-7.709711e+002, 1.971465e+001,-3.160651e+001,-7.586252e+002, 0.000000e+000, 0.000000e+000, 0.000000e+000
 4.984500e-001, 1.652444e+003,-2.969373e+003,-1.471752e+001,-5.958221e+002, 2.070958e+001,-3.523698e+001,-5.907875e+002, 0.000000e+000, 0.000000e+000, 0.000000e+000
 4.985000e-001, 1.460303e+003,-3.103442e+003, 3.783175e+002,-4.209023e+002, 2.226159e+001,-3.621137e+001,-4.195117e+002, 0.000000e+000, 0.000000e+000, 0.000000e+000
 4.985500e-001, 1.708169e+003,-2.901892e+003,-9.863921e+001,-2.453511e+002, 2.326260e+001,-4.014508e+001,-2.508706e+002, 0.000000e+000, 0.000000e+000, 0.000000e+000
 4.986000e-001, 1.530098e+003,-3.050324e+003, 2.002419e+002,-7.025392e+001, 2.482276e+001,-4.070523e+001,-7.970904e+001, 0.000000e+000, 0.000000e+000, 0.000000e+000
 4.986500e-001, 1.760185e+003,-2.830248e+003,-1.727878e+002, 1.054465e+002, 2.583670e+001,-4.489022e+001, 8.949867e+001, 0.000000e+000, 0.000000e+000, 0.000000e+000
 4.987000e-001, 1.598922e+003,-2.992664e+003, 1.305931e+001, 2.804776e+002, 2.738618e+001,-4.509001e+001, 2.603282e+002, 0.000000e+000, 0.000000e+000, 0.000000e+000
 4.987500e-001, 1.808598e+003,-2.754968e+003,-2.388002e+002, 4.560709e+002, 2.842369e+001,-4.945773e+001, 4.298366e+002, 0.000000e+000, 0.000000e+000, 0.000000e+000
 4.988000e-001, 1.666450e+003,-2.930083e+003,-1.809729e+002, 6.307956e+002, 2.994120e+001,-4.936831e+001, 6.001353e+002, 0.000000e+000, 0.000000e+000, 0.000000e+000
 4.988500e-001, 1.853598e+003,-2.676652e+003,-2.987501e+002, 8.060233e+002, 3.101486e+001,-5.383806e+001, 7.696519e+002, 0.000000e+000, 0.000000e+000, 0.000000e+000
 4.989000e-001, 1.732288e+003,-2.862158e+003,-3.791995e+002, 9.802045e+002, 3.247788e+001,-5.354527e+001, 9.392342e+002, 0.000000e+000, 0.000000e+000, 0.000000e+000
 4.989500e-001, 1.895435e+003,-2.595919e+003,-3.550361e+002, 1.154807e+003, 3.359994e+001,-5.802920e+001, 1.108445e+003, 0.000000e+000, 0.000000e+000, 0.000000e+000
 4.990000e-001, 1.795997e+003,-2.788475e+003,-5.786985e+002, 1.328211e+003, 3.498584e+001,-5.762967e+001, 1.277133e+003, 0.000000e+000, 0.000000e+000, 0.000000e+000
 4.990500e-001, 1.934389e+003,-2.513353e+003,-4.102538e+002, 1.501932e+003, 3.616587e+001,-6.203751e+001, 1.445710e+003, 0.000000e+000, 0.000000e+000, 0.000000e+000
 4.991000e-001, 1.857126e+003,-2.708682e+003,-7.764276e+002, 1.674325e+003, 3.745314e+001,-6.163362e+001, 1.613328e+003, 0.000000e+000, 0.000000e+000, 0.000000e+000
 4.991500e-001, 1.970748e+003,-2.429463e+003,-4.670600e+002, 1.846908e+003, 3.869620e+001,-6.587676e+001, 1.780941e+003, 0.000000e+000, 0.000000e+000, 0.000000e+000
 4.992000e-001, 1.915243e+003,-2.622535e+003,-9.693711e+002, 2.018062e+003, 3.986561e+001,-6.557083e+001, 1.947312e+003, 0.000000e+000, 0.000000e+000, 0.000000e+000
 4.992500e-001, 2.004779e+003,-2.344646e+003,-5.280354e+002, 2.189255e+003, 4.117127e+001,-6.956579e+001, 2.113638e+003, 0.000000e+000, 0.000000e+000, 0.000000e+000
 4.993000e-001, 1.969959e+003,-2.529924e+003,-1.154678e+003, 2.358940e+003, 4.220692e+001,-6.945428e+001, 2.278580e+003, 0.000000e+000, 0.000000e+000, 0.000000e+000
 4.993500e-001, 2.036712e+003,-2.259171e+003,-5.955549e+002, 2.528496e+003, 4.356915e+001,-7.312569e+001, 2.443313e+003, 0.000000e+000, 0.000000e+000, 0.000000e+000
 4.994000e-001, 2.020943e+003,-2.430889e+003,-1.329779e+003, 2.696482e+003, 4.445925e+001,-7.329423e+001, 2.606639e+003, 0.000000e+000, 0.000000e+000, 0.000000e+000
 4.994500e-001, 2.066725e+003,-2.173181e+003,-6.716725e+002, 2.864156e+003, 4.586717e+001,-7.657759e+001, 2.769493e+003, 0.000000e+000, 0.000000e+000, 0.000000e+000
 4.995000e-001, 2.067932e+003,-2.325615e+003,-1.492487e+003, 3.030216e+003, 4.660442e+001,-7.709725e+001, 2.931006e+003, 0.000000e+000, 0.000000e+000, 0.000000e+000
 4.995500e-001, 2.094940e+003,-2.086703e+003,-7.580280e+002, 3.195769e+003, 4.804363e+001,-7.994154e+001, 3.091722e+003, 0.000000e+000, 0.000000e+000, 0.000000e+000
 4.996000e-001, 2.110732e+003,-2.214407e+003,-1.641064e+003, 3.359674e+003, 4.862505e+001,-8.086655e+001, 3.251214e+003, 0.000000e+000, 0.000000e+000, 0.000000e+000
 4.996500e-001, 2.121419e+003,-1.999675e+003,-8.557797e+002, 3.522871e+003, 5.007921e+001,-8.323641e+001, 3.409553e+003, 0.000000e+000, 0.000000e+000, 0.000000e+000
 4.997000e-001, 2.149213e+003,-2.097657e+003,-1.774276e+003, 3.684393e+003, 5.050556e+001,-8.460300e+001, 3.566804e+003, 0.000000e+000, 0.000000e+000, 0.000000e+000
 4.997500e-001, 2.146177e+003,-1.911982e+003,-9.655662e+002, 3.845004e+003, 5.195802e+001,-8.648025e+001, 3.722545e+003, 0.000000e+000, 0.000000e+000, 0.000000e+000
 4.998000e-001, 2.183300e+003,-1.975811e+003,-1.891423e+003, 4.003917e+003, 5.223289e+001,-8.830612e+001, 3.877324e+003, 0.000000e+000, 0.000000e+000, 0.000000e+000
 4.998500e-001, 2.169185e+003,-1.823485e+003,-1.087493e+003, 4.161717e+003, 5.366806e+001,-8.969012e+001, 4.030260e+003, 0.000000e+000, 0.000000e+000, 0.000000e+000
 4.999000e-001, 2.212967e+003,-1.849331e+003,-1.992343e+003, 4.317795e+003, 5.379698e+001,-9.197434e+001, 4.182326e+003, 0.000000e+000, 0.000000e+000, 0.000000e+000
 4.999500e-001, 2.190380e+003,-1.734051e+003,-1.221144e+003, 4.472563e+003, 5.520139e+001,-9.288119e+001, 4.332259e+003, 0.000000e+000, 0.000000e+000, 0.000000e+000
 5.000000e-001, 2.238225e+003,-1.718668e+003,-2.077405e+003, 4.625584e+003, 5.519106e+001,-9.560409e+001, 4.481368e+003, 0.000000e+000, 0.000000e+000, 0.000000e+000
 5.000500e-001, 2.209678e+003,-1.643575e+003,-1.365603e+003, 4.777103e+003, 5.655397e+001,-9.606480e+001, 4.628107e+003, 0.000000e+000, 0.000000e+000, 0.000000e+000
 5.001000e-001, 2.259116e+003,-1.584249e+003,-2.147477e+003, 4.926849e+003, 5.641186e+001,-9.918825e+001, 4.774018e+003, 0.000000e+000, 0.000000e+000, 0.000000e+000
 5.001500e-001, 2.226977e+003,-1.551988e+003,-1.519500e+003, 5.074906e+003, 5.772540e+001,-9.924646e+001, 4.917375e+003, 0.000000e+000, 0.000000e+000, 0.000000e+000
 5.002000e-001, 2.275710e+003,-1.446473e+003,-2.203879e+003, 5.221160e+003, 5.745976e+001,-1.027147e+002, 5.059854e+003, 0.000000e+000, 0.000000e+000, 0.000000e+000
 5.002500e-001, 2.242158e+003,-1.459247e+003,-1.681052e+003, 5.365546e+003, 5.871854e+001,-1.024242e+002, 5.199646e+003, 0.000000e+000, 0.000000e+000, 0.000000e+000
 5.003000e-001, 2.288102e+003,-1.305720e+003,-2.248320e+003, 5.508095e+003, 5.833871e+001,-1.061659e+002, 5.338472e+003, 0.000000e+000, 0.000000e+000, 0.000000e+000
 5.003500e-001, 2.255090e+003,-1.365324e+003,-1.848130e+003, 5.648609e+003, 5.953909e+001,-1.055887e+002, 5.474519e+003, 0.000000e+000, 0.000000e+000, 0.000000e+000
 5.004000e-001, 2.296408e+003,-1.162374e+003,-2.282820e+003, 5.787243e+003, 5.905603e+001,-1.095197e+002, 5.609485e+003, 0.000000e+000, 0.000000e+000, 0.000000e+000
 5.004500e-001, 2.265620e+003,-1.270177e+003,-2.018321e+003, 5.923688e+003, 6.019494e+001,-1.087241e+002, 5.741609e+003, 0.000000e+000, 0.000000e+000, 0.000000e+000
 5.005000e-001, 2.300771e+003,-1.016843e+003,-2.309632e+003, 6.058201e+003, 5.962179e+001,-1.127516e+002, 5.872523e+003, 0.000000e+000, 0.000000e+000, 0.000000e+000
 5.005500e-001, 2.273576e+003,-1.173725e+003,-2.189013e+003, 6.190383e+003, 6.069553e+001,-1.118110e+002, 6.000545e+003, 0.000000e+000, 0.000000e+000, 0.000000e+000
 5.006000e-001, 2.301354e+003,-8.695869e+002,-2.331150e+003, 6.320576e+003, 6.004802e+001,-1.158376e+002, 6.127228e+003, 0.000000e+000, 0.000000e+000, 0.000000e+000
 5.006500e-001, 2.278767e+003,-1.075827e+003,-2.357490e+003, 6.448312e+003, 6.105112e+001,-1.148286e+002, 6.250972e+003, 0.000000e+000, 0.000000e+000, 0.000000e+000
 5.007000e-001, 2.298348e+003,-7.211346e+002,-2.349819e+003, 6.573988e+003, 6.034775e+001,-1.187573e+002, 6.373251e+003, 0.000000e+000, 0.000000e+000, 0.000000e+000
 5.007500e-001, 2.280983e+003,-9.762595e+002,-2.521028e+003, 6.697100e+003, 6.127211e+001,-1.177569e+002, 6.492543e+003, 0.000000e+000, 0.000000e+000, 0.000000e+000
 5.008000e-001, 2.291961e+003,-5.720967e+002,-2.368038e+003, 6.818072e+003, 6.053409e+001,-1.214943e+002, 6.610256e+003, 0.000000e+000, 0.000000e+000, 0.000000e+000
 5.008500e-001, 2.280009e+003,-8.747206e+002,-2.677007e+003, 6.936389e+003, 6.136866e+001,-1.205772e+002, 6.724927e+003, 0.000000e+000, 0.000000e+000, 0.000000e+000
 5.009000e-001, 2.282413e+003,-4.231626e+002,-2.388068e+003, 7.052475e+003, 6.061946e+001,-1.240373e+002, 6.837913e+003, 0.000000e+000, 0.000000e+000, 0.000000e+000
 5.009500e-001, 2.275629e+003,-7.708345e+002,-2.823010e+003, 7.165833e+003, 6.135048e+001,-1.232716e+002, 6.947801e+003, 0.000000e+000, 0.000000e+000, 0.000000e+000
 5.010000e-001, 2.269928e+003,-2.750867e+002,-2.411935e+003, 7.276859e+003, 6.061512e+001,-1.263782e+002, 7.055906e+003, 0.000000e+000, 0.000000e+000, 0.000000e+000
 5.010500e-001, 2.267649e+003,-6.641757e+002,-2.956925e+003, 7.385101e+003, 6.122689e+001,-1.258220e+002, 7.160858e+003, 0.000000e+000, 0.000000e+000, 0.000000e+000
 5.011000e-001, 2.254713e+003,-1.286618e+002,-2.441341e+003, 7.490900e+003, 6.053095e+001,-1.285107e+002, 7.263935e+003, 0.000000e+000, 0.000000e+000, 0.000000e+000
 5.011500e-001, 2.255902e+003,-5.542999e+002,-3.077020e+003, 7.593876e+003, 6.100705e+001,-1.282088e+002, 7.363808e+003, 0.000000e+000, 0.000000e+000, 0.000000e+000
 5.012000e-001, 2.236950e+003, 1.531649e+001,-2.477586e+003, 7.694290e+003, 6.037550e+001,-1.304293e+002, 7.461710e+003, 0.000000e+000, 0.000000e+000, 0.000000e+000
 5.012500e-001, 2.240270e+003,-4.407831e+002,-3.182010e+003, 7.791855e+003, 6.070017e+001,-1.304106e+002, 7.556372e+003, 0.000000e+000, 0.000000e+000, 0.000000e+000
 5.013000e-001, 2.216773e+003, 1.560896e+002,-2.521506e+003, 7.886736e+003, 6.015614e+001,-1.321287e+002, 7.648958e+003, 0.000000e+000, 0.000000e+000, 0.000000e+000
 5.013500e-001, 2.220695e+003,-3.232612e+002,-3.271100e+003, 7.978751e+003, 6.031574e+001,-1.324055e+002, 7.738283e+003, 0.000000e+000, 0.000000e+000, 0.000000e+000
 5.014000e-001, 2.194260e+003, 2.929754e+002,-2.573435e+003, 8.067960e+003, 5.987925e+001,-1.336043e+002, 7.825416e+003, 0.000000e+000, 0.000000e+000, 0.000000e+000
 5.014500e-001, 2.197184e+003,-2.014656e+002,-3.344002e+003, 8.154292e+003, 5.986351e+001,-1.341727e+002, 7.909284e+003, 0.000000e+000, 0.000000e+000, 0.000000e+000
 5.015000e-001, 2.169426e+003, 4.254029e+002,-2.633204e+003, 8.237701e+003, 5.955049e+001,-1.348535e+002, 7.990829e+003, 0.000000e+000, 0.000000e+000, 0.000000e+000
 5.015500e-001, 2.169819e+003,-7.525234e+001,-3.400932e+003, 8.318224e+003, 5.935337e+001,-1.356942e+002, 8.069121e+003, 0.000000e+000, 0.000000e+000, 0.000000e+000
 5.016000e-001, 2.142219e+003, 5.529362e+002,-2.700154e+003, 8.395716e+003, 5.917487e+001,-1.358760e+002, 8.144948e+003, 0.000000e+000, 0.000000e+000, 0.000000e+000
 5.016500e-001, 2.138749e+003, 5.538024e+001,-3.442577e+003, 8.470308e+003, 5.879508e+001,-1.369562e+002, 8.217550e+003, 0.000000e+000, 0.000000e+000, 0.000000e+000
 5.017000e-001, 2.112529e+003, 6.752888e+002,-2.773193e+003, 8.541777e+003, 5.875686e+001,-1.366742e+002, 8.287536e+003, 0.000000e+000, 0.000000e+000, 0.000000e+000
 5.017500e-001, 2.104188e+003, 1.902857e+002,-3.470041e+003, 8.610325e+003, 5.819780e+001,-1.379495e+002, 8.354331e+003, 0.000000e+000, 0.000000e+000, 0.000000e+000
 5.018000e-001, 2.080196e+003, 7.923234e+002,-2.850866e+003, 8.675677e+003, 5.830031e+001,-1.372523e+002, 8.418362e+003, 0.000000e+000, 0.000000e+000, 0.000000e+000
 5.018500e-001, 2.066398e+003, 3.291756e+002,-3.484768e+003, 8.738076e+003, 5.756967e+001,-1.386692e+002, 8.479243e+003, 0.000000e+000, 0.000000e+000, 0.000000e+000
 5.019000e-001, 2.045032e+003, 9.040426e+002,-2.931444e+003, 8.797225e+003, 5.780831e+001,-1.376150e+002, 8.537218e+003, 0.000000e+000, 0.000000e+000, 0.000000e+000
 5.019500e-001, 2.025674e+003, 4.716349e+002,-3.488451e+003, 8.853377e+003, 5.691731e+001,-1.391133e+002, 8.592077e+003, 0.000000e+000, 0.000000e+000, 0.000000e+000
 5.020000e-001, 2.006834e+003, 1.010569e+003,-3.013023e+003, 8.906247e+003, 5.728299e+001,-1.377662e+002, 8.643907e+003, 0.000000e+000, 0.000000e+000, 0.000000e+000
 5.020500e-001, 1.982321e+003, 6.171446e+002,-3.482922e+003, 8.956065e+003, 5.624546e+001,-1.392825e+002, 8.692651e+003, 0.000000e+000, 0.000000e+000, 0.000000e+000
 5.021000e-001, 1.965409e+003, 1.112121e+003,-3.093623e+003, 9.002589e+003, 5.672529e+001,-1.377082e+002, 8.738264e+003, 0.000000e+000, 0.000000e+000, 0.000000e+000
 5.021500e-001, 1.936635e+003, 7.651060e+002,-3.470054e+003, 9.045995e+003, 5.555673e+001,-1.391790e+002, 8.780805e+003, 0.000000e+000, 0.000000e+000, 0.000000e+000
 5.022000e-001, 1.920589e+003, 1.208988e+003,-3.171290e+003, 9.086115e+003, 5.613487e+001,-1.374423e+002, 8.820141e+003, 0.000000e+000, 0.000000e+000, 0.000000e+000
 5.022500e-001, 1.888885e+003, 9.148650e+002,-3.451656e+003, 9.123042e+003, 5.485166e+001,-1.388072e+002, 8.856401e+003, 0.000000e+000, 0.000000e+000, 0.000000e+000
 5.023000e-001, 1.872248e+003, 1.301506e+003,-3.244181e+003, 9.156709e+003, 5.551012e+001,-1.369692e+002, 8.889412e+003, 0.000000e+000, 0.000000e+000, 0.000000e+000
 5.023500e-001, 1.839301e+003, 1.065731e+003,-3.429395e+003, 9.187099e+003, 5.412906e+001,-1.381744e+002, 8.919327e+003, 0.000000e+000, 0.000000e+000, 0.000000e+000
 5.024000e-001, 1.820314e+003, 1.390041e+003,-3.310641e+003, 9.214270e+003, 5.484844e+001,-1.362901e+002, 8.945975e+003, 0.000000e+000, 0.000000e+000, 0.000000e+000
 5.024500e-001, 1.788062e+003, 1.216992e+003,-3.404725e+003, 9.238078e+003, 5.338657e+001,-1.372906e+002, 8.969488e+003, 0.000000e+000, 0.000000e+000, 0.000000e+000
 5.025000e-001, 1.764776e+003, 1.474974e+003,-3.369266e+003, 9.258719e+003, 5.414667e+001,-1.354075e+002, 8.989741e+003, 0.000000e+000, 0.000000e+000, 0.000000e+000
 5.025500e-001, 1.735295e+003, 1.367920e+003,-3.378847e+003, 9.275913e+003, 5.262141e+001,-1.361684e+002, 9.006811e+003, 0.000000e+000, 0.000000e+000, 0.000000e+000
 5.026000e-001, 1.705682e+003, 1.556705e+003,-3.418936e+003, 9.289996e+003, 5.340166e+001,-1.343253e+002, 9.020646e+003, 0.000000e+000, 0.000000e+000, 0.000000e+000
 5.026500e-001, 1.681081e+003, 1.517774e+003,-3.352685e+003, 9.300553e+003, 5.183113e+001,-1.348218e+002, 9.031239e+003, 0.000000e+000, 0.000000e+000, 0.000000e+000
 5.027000e-001, 1.643138e+003, 1.635644e+003,-3.458844e+003, 9.308060e+003, 5.261078e+001,-1.330476e+002, 9.038641e+003, 0.000000e+000, 0.000000e+000, 0.000000e+000
 5.027500e-001, 1.625454e+003, 1.665798e+003,-3.326875e+003, 9.311968e+003, 5.101410e+001,-1.332646e+002, 9.042738e+003, 0.000000e+000, 0.000000e+000, 0.000000e+000
 5.028000e-001, 1.577298e+003, 1.712225e+003,-3.488486e+003, 9.312885e+003, 5.177224e+001,-1.315774e+002, 9.043697e+003, 0.000000e+000, 0.000000e+000, 0.000000e+000
 5.028500e-001, 1.568417e+003, 1.811220e+003,-3.301779e+003, 9.310144e+003, 5.016974e+001,-1.315087e+002, 9.041298e+003, 0.000000e+000, 0.000000e+000, 0.000000e+000
 5.029000e-001, 1.508354e+003, 1.786906e+003,-3.507648e+003, 9.304469e+003, 5.088520e+001,-1.299163e+002, 9.035813e+003, 0.000000e+000, 0.000000e+000, 0.000000e+000
 5.029500e-001, 1.509946e+003, 1.953248e+003,-3.277500e+003, 9.295085e+003, 4.929844e+001,-1.295627e+002, 9.026925e+003, 0.000000e+000, 0.000000e+000, 0.000000e+000
 5.030000e-001, 1.436523e+003, 1.860171e+003,-3.516377e+003, 9.282822e+003, 4.994968e+001,-1.280635e+002, 9.015006e+003, 0.000000e+000, 0.000000e+000, 0.000000e+000
 5.030500e-001, 1.450005e+003, 2.091076e+003,-3.253912e+003, 9.266814e+003, 4.840111e+001,-1.274324e+002, 8.999653e+003, 0.000000e+000, 0.000000e+000, 0.000000e+000
 5.031000e-001, 1.362038e+003, 1.932529e+003,-3.514936e+003, 9.247978e+003, 4.896626e+001,-1.260166e+002, 8.981314e+003, 0.000000e+000, 0.000000e+000, 0.000000e+000
 5.031500e-001, 1.388549e+003, 2.223889e+003,-3.230695e+003, 9.225374e+003, 4.747872e+001,-1.251208e+002, 8.959534e+003, 0.000000e+000, 0.000000e+000, 0.000000e+000
 5.032000e-001, 1.285137e+003, 2.004496e+003,-3.503767e+003, 9.199984e+003, 4.793582e+001,-1.237728e+002, 8.934798e+003, 0.000000e+000, 0.000000e+000, 0.000000e+000
 5.032500e-001, 1.325533e+003, 2.350884e+003,-3.207377e+003, 9.170820e+003, 4.653176e+001,-1.226300e+002, 8.906638e+003, 0.000000e+000, 0.000000e+000, 0.000000e+000
 5.033000e-001, 1.206060e+003, 2.076583e+003,-3.483447e+003, 9.138911e+003, 4.685933e+001,-1.213304e+002, 8.875532e+003, 0.000000e+000, 0.000000e+000, 0.000000e+000
 5.033500e-001, 1.260918e+003, 2.471285e+003,-3.183373e+003, 9.103233e+003, 4.555989e+001,-1.199624e+002, 8.841051e+003, 0.000000e+000, 0.000000e+000, 0.000000e+000
 5.034000e-001, 1.125045e+003, 2.149263e+003,-3.454650e+003, 9.064845e+003, 4.573773e+001,-1.186897e+002, 8.803611e+003, 0.000000e+000, 0.000000e+000, 0.000000e+000
 5.034500e-001, 1.194669e+003, 2.584376e+003,-3.158032e+003, 9.022708e+003, 4.456173e+001,-1.171214e+002, 8.762879e+003, 0.000000e+000, 0.000000e+000, 0.000000e+000
 5.035000e-001, 1.042326e+003, 2.222950e+003,-3.418111e+003, 8.977892e+003, 4.457190e+001,-1.158537e+002, 8.719146e+003, 0.000000e+000, 0.000000e+000, 0.000000e+000
 5.035500e-001, 1.126761e+003, 2.689529e+003,-3.130675e+003, 8.929360e+003, 4.353487e+001,-1.141116e+002, 8.672243e+003, 0.000000e+000, 0.000000e+000, 0.000000e+000
 5.036000e-001, 9.581370e+002, 2.297962e+003,-3.374583e+003, 8.878176e+003, 4.336262e+001,-1.128278e+002, 8.622266e+003, 0.000000e+000, 0.000000e+000, 0.000000e+000
 5.036500e-001, 1.057175e+003, 2.786229e+003,-3.100639e+003, 8.823323e+003, 4.247577e+001,-1.109388e+002, 8.569285e+003, 0.000000e+000, 0.000000e+000, 0.000000e+000
 5.037000e-001, 8.727097e+002, 2.374501e+003,-3.324813e+003, 8.765841e+003, 4.211041e+001,-1.096190e+002, 8.513120e+003, 0.000000e+000, 0.000000e+000, 0.000000e+000
 5.037500e-001, 9.858973e+002, 2.874106e+003,-3.067304e+003, 8.704749e+003, 4.137982e+001,-1.076087e+002, 8.454165e+003, 0.000000e+000, 0.000000e+000, 0.000000e+000
 5.038000e-001, 7.862747e+002, 2.452626e+003,-3.269496e+003, 8.641048e+003, 4.081535e+001,-1.062355e+002, 8.391881e+003, 0.000000e+000, 0.000000e+000, 0.000000e+000
 5.038500e-001, 9.129224e+002, 2.952949e+003,-3.030132e+003, 8.573809e+003, 4.024136e+001,-1.041269e+002, 8.327063e+003, 0.000000e+000, 0.000000e+000, 0.000000e+000
 5.039000e-001, 6.990602e+002, 2.532243e+003,-3.209254e+003, 8.503975e+003, 3.947673e+001,-1.026860e+002, 8.258738e+003, 0.000000e+000, 0.000000e+000, 0.000000e+000
 5.039500e-001, 8.382507e+002, 3.022713e+003,-2.988687e+003, 8.430688e+003, 3.905367e+001,-1.004987e+002, 8.188176e+003, 0.000000e+000, 0.000000e+000, 0.000000e+000
 5.040000e-001, 6.112885e+002, 2.613100e+003,-3.144602e+003, 8.354820e+003, 3.809289e+001,-9.897986e+001, 8.113898e+003, 0.000000e+000, 0.000000e+000, 0.000000e+000
 5.040500e-001, 7.618932e+002, 3.083525e+003,-2.942657e+003, 8.275594e+003, 3.780924e+001,-9.672955e+001, 8.037713e+003, 0.000000e+000, 0.000000e+000, 0.000000e+000
 5.041000e-001, 5.231729e+002, 2.694788e+003,-3.075927e+003, 8.193796e+003, 3.666122e+001,-9.512753e+001, 7.957583e+003, 0.000000e+000, 0.000000e+000, 0.000000e+000
 5.041500e-001, 6.838746e+002, 3.135665e+003,-2.891879e+003, 8.108746e+003, 3.650012e+001,-9.282561e+001, 7.875896e+003, 0.000000e+000, 0.000000e+000, 0.000000e+000
 5.042000e-001, 4.349126e+002, 2.776762e+003,-3.003477e+003, 8.021134e+003, 3.517831e+001,-9.114077e+001, 7.790027e+003, 0.000000e+000, 0.000000e+000, 0.000000e+000
 5.042500e-001, 6.042391e+002, 3.179555e+003,-2.836338e+003, 7.930384e+003, 3.511851e+001,-8.879430e+001, 7.702955e+003, 0.000000e+000, 0.000000e+000, 0.000000e+000
 5.043000e-001, 3.466888e+002, 2.858351e+003,-2.927357e+003, 7.837082e+003, 3.364044e+001,-8.703271e+001, 7.611476e+003, 0.000000e+000, 0.000000e+000, 0.000000e+000
 5.043500e-001, 5.230537e+002, 3.215732e+003,-2.776177e+003, 7.740764e+003, 3.365734e+001,-8.464443e+001, 7.519128e+003, 0.000000e+000, 0.000000e+000, 0.000000e+000
 5.044000e-001, 2.586612e+002, 2.938793e+003,-2.847537e+003, 7.641904e+003, 3.204403e+001,-8.281733e+001, 7.422184e+003, 0.000000e+000, 0.000000e+000, 0.000000e+000
 5.044500e-001, 4.404117e+002, 3.244822e+003,-2.711682e+003, 7.540156e+003, 3.211084e+001,-8.038585e+001, 7.324667e+003, 0.000000e+000, 0.000000e+000, 0.000000e+000
 5.045000e-001, 1.709662e+002, 3.017258e+003,-2.763868e+003, 7.435880e+003, 3.038600e+001,-7.850864e+001, 7.222420e+003, 0.000000e+000, 0.000000e+000, 0.000000e+000
 5.045500e-001, 3.564326e+002, 3.267516e+003,-2.643262e+003, 7.328848e+003, 3.047475e+001,-7.602888e+001, 7.119831e+003, 0.000000e+000, 0.000000e+000, 0.000000e+000
 5.046000e-001, 8.371718e+001, 3.092876e+003,-2.676114e+003, 7.219305e+003, 2.866401e+001,-7.411970e+001, 7.012467e+003, 0.000000e+000, 0.000000e+000, 0.000000e+000
 5.046500e-001, 2.712598e+002, 3.284547e+003,-2.571413e+003, 7.107140e+003, 2.874634e+001,-7.158380e+001, 6.904899e+003, 0.000000e+000, 0.000000e+000, 0.000000e+000
 5.047000e-001,-2.992321e+000, 3.164763e+003,-2.583984e+003, 6.992488e+003, 2.687632e+001,-6.966183e+001, 6.792619e+003, 0.000000e+000, 0.000000e+000, 0.000000e+000
 5.047500e-001, 1.850546e+002, 3.296665e+003,-2.496672e+003, 6.875350e+003, 2.692403e+001,-6.706058e+001, 6.680163e+003, 0.000000e+000, 0.000000e+000, 0.000000e+000
 5.048000e-001,-8.908308e+001, 3.232040e+003,-2.487183e+003, 6.755753e+003, 2.502156e+001,-6.514445e+001, 6.563187e+003, 0.000000e+000, 0.000000e+000, 0.000000e+000
 5.048500e-001, 9.798847e+001, 3.304619e+003,-2.419567e+003, 6.633806e+003, 2.500707e+001,-6.246904e+001, 6.445933e+003, 0.000000e+000, 0.000000e+000, 0.000000e+000
 5.049000e-001,-1.744821e+002, 3.293853e+003,-2.385459e+003, 6.509438e+003, 2.309844e+001,-6.057524e+001, 6.324492e+003, 0.000000e+000, 0.000000e+000, 0.000000e+000
 5.049500e-001, 1.023365e+001, 3.309145e+003,-2.340563e+003, 6.382855e+003, 2.299516e+001,-5.781933e+001, 6.202534e+003, 0.000000e+000, 0.000000e+000, 0.000000e+000
 5.050000e-001,-2.591134e+002, 3.349384e+003,-2.278653e+003, 6.253894e+003, 2.110564e+001,-5.596077e+001, 6.076869e+003, 0.000000e+000, 0.000000e+000, 0.000000e+000
 5.050500e-001,-7.804613e+001, 3.310947e+003,-2.260011e+003, 6.122854e+003, 2.088841e+001,-5.312236e+001, 5.950307e+003, 0.000000e+000, 0.000000e+000, 0.000000e+000
 5.051000e-001,-3.428882e+002, 3.397863e+003,-2.166751e+003, 5.989484e+003, 1.904189e+001,-5.130702e+001, 5.820660e+003, 0.000000e+000, 0.000000e+000, 0.000000e+000
 5.051500e-001,-1.667041e+002, 3.310685e+003,-2.178108e+003, 5.854172e+003, 1.868755e+001,-4.839000e+001, 5.689608e+003, 0.000000e+000, 0.000000e+000, 0.000000e+000
 5.052000e-001,-4.256967e+002, 3.438580e+003,-2.049919e+003, 5.716585e+003, 1.690631e+001,-4.661973e+001, 5.556218e+003, 0.000000e+000, 0.000000e+000, 0.000000e+000
 5.052500e-001,-2.556168e+002, 3.308964e+003,-2.094863e+003, 5.577196e+003, 1.639443e+001,-4.363468e+001, 5.420806e+003, 0.000000e+000, 0.000000e+000, 0.000000e+000
 5.053000e-001,-5.074032e+002, 3.470902e+003,-1.928534e+003, 5.435585e+003, 1.469888e+001,-4.190431e+001, 5.283909e+003, 0.000000e+000, 0.000000e+000, 0.000000e+000
 5.053500e-001,-3.446871e+002, 3.306314e+003,-2.010085e+003, 5.292317e+003, 1.401250e+001,-3.886867e+001, 5.144288e+003, 0.000000e+000, 0.000000e+000, 0.000000e+000
 5.054000e-001,-5.878442e+002, 3.494285e+003,-1.803190e+003, 5.146883e+003, 1.242082e+001,-3.716545e+001, 5.004105e+003, 0.000000e+000, 0.000000e+000, 0.000000e+000
 5.054500e-001,-4.338444e+002, 3.303176e+003,-1.923379e+003, 4.999943e+003, 1.154722e+001,-3.410294e+001, 4.860452e+003, 0.000000e+000, 0.000000e+000, 0.000000e+000
 5.055000e-001,-6.668317e+002, 3.508297e+003,-1.674689e+003, 4.850890e+003, 1.007482e+001,-3.240670e+001, 4.717194e+003, 0.000000e+000, 0.000000e+000, 0.000000e+000
 5.055500e-001,-5.230402e+002, 3.299885e+003,-1.834169e+003, 4.700488e+003, 9.006248e+000,-2.934624e+001, 4.569712e+003, 0.000000e+000, 0.000000e+000, 0.000000e+000
 5.056000e-001,-7.441602e+002, 3.512640e+003,-1.544013e+003, 4.548023e+003, 7.665001e+000,-2.763020e+001, 4.423574e+003, 0.000000e+000, 0.000000e+000, 0.000000e+000
 5.056500e-001,-6.122406e+002, 3.296644e+003,-1.741726e+003, 4.394377e+003, 6.399216e+000,-2.460447e+001, 4.272495e+003, 0.000000e+000, 0.000000e+000, 0.000000e+000
 5.057000e-001,-8.196178e+002, 3.507168e+003,-1.412276e+003, 4.238712e+003, 5.196658e+000,-2.283687e+001, 4.123656e+003, 0.000000e+000, 0.000000e+000, 0.000000e+000
 5.057500e-001,-7.014160e+002, 3.293515e+003,-1.645223e+003, 4.082042e+003, 3.737414e+000,-1.988054e+001, 3.969234e+003, 0.000000e+000, 0.000000e+000, 0.000000e+000
 5.058000e-001,-8.929985e+002, 3.491906e+003,-1.280665e+003, 3.923394e+003, 2.675979e+000,-1.802690e+001, 3.817858e+003, 0.000000e+000, 0.000000e+000, 0.000000e+000
 5.058500e-001,-7.905280e+002, 3.290393e+003,-1.543793e+003, 3.763923e+003, 1.033311e+000,-1.517480e+001, 3.660373e+003, 0.000000e+000, 0.000000e+000, 0.000000e+000
 5.059000e-001,-9.641163e+002, 3.467065e+003,-1.150377e+003, 3.602514e+003, 1.097928e-001,-1.320051e+001, 3.506610e+003, 0.000000e+000, 0.000000e+000, 0.000000e+000
 5.059500e-001,-8.795170e+002, 3.287003e+003,-1.436598e+003, 3.440469e+003,-1.699862e+000,-1.048556e+001, 3.346356e+003, 0.000000e+000, 0.000000e+000, 0.000000e+000
 5.060000e-001,-1.032817e+003, 3.433044e+003,-1.022542e+003, 3.276525e+003,-2.494507e+000,-8.358585e+000, 3.190347e+003, 0.000000e+000, 0.000000e+000, 0.000000e+000
 5.060500e-001,-9.682899e+002, 3.282898e+003,-1.322899e+003, 3.112136e+003,-4.448438e+000,-5.809806e+000, 3.027633e+003, 0.000000e+000, 0.000000e+000, 0.000000e+000
 5.061000e-001,-1.098990e+003, 3.390424e+003,-8.981625e+002, 2.945888e+003,-5.128891e+000,-3.503138e+000, 2.869514e+003, 0.000000e+000, 0.000000e+000, 0.000000e+000
 5.061500e-001,-1.056711e+003, 3.277465e+003,-1.202122e+003, 2.779386e+003,-7.198563e+000,-1.143612e+000, 2.704655e+003, 0.000000e+000, 0.000000e+000, 0.000000e+000
 5.062000e-001,-1.162574e+003, 3.339957e+003,-7.780483e+002, 2.611070e+003,-7.784558e+000, 1.362642e+000, 2.544562e+003, 0.000000e+000, 0.000000e+000, 0.000000e+000
 5.062500e-001,-1.144598e+003, 3.269950e+003,-1.073917e+003, 2.442688e+003,-9.936448e+000, 3.517523e+000, 2.377879e+003, 0.000000e+000, 0.000000e+000, 0.000000e+000
 5.063000e-001,-1.223562e+003, 3.282535e+003,-6.627687e+002, 2.272544e+003,-1.045186e+001, 6.234584e+000, 2.215952e+003, 0.000000e+000, 0.000000e+000, 0.000000e+000
 5.063500e-001,-1.231717e+003, 3.259489e+003,-9.381961e+002, 2.102515e+003,-1.264871e+001, 8.178470e+000, 2.047765e+003, 0.000000e+000, 0.000000e+000, 0.000000e+000
 5.064000e-001,-1.281996e+003, 3.219157e+003,-5.526160e+002, 1.930789e+003,-1.312041e+001, 1.110785e+001, 1.884155e+003, 0.000000e+000, 0.000000e+000, 0.000000e+000
 5.064500e-001,-1.317794e+003, 3.245148e+003,-7.951661e+002, 1.759348e+003,-1.532285e+001, 1.284419e+001, 1.714778e+003, 0.000000e+000, 0.000000e+000, 0.000000e+000
 5.065000e-001,-1.337969e+003, 3.150887e+003,-4.475872e+002, 1.586288e+003,-1.577936e+001, 1.597719e+001, 1.549649e+003, 0.000000e+000, 0.000000e+000, 0.000000e+000
 5.065500e-001,-1.402515e+003, 3.225972e+003,-6.453322e+002, 1.413670e+003,-1.794774e+001, 1.751931e+001, 1.379387e+003, 0.000000e+000, 0.000000e+000, 0.000000e+000
 5.066000e-001,-1.391609e+003, 3.078800e+003,-3.473810e+002, 1.239528e+003,-1.841779e+001, 2.083696e+001, 1.212917e+003, 0.000000e+000, 0.000000e+000, 0.000000e+000
 5.066500e-001,-1.485540e+003, 3.201031e+003,-4.894918e+002, 1.065969e+003,-2.051411e+001, 2.220751e+001, 1.042064e+003, 0.000000e+000, 0.000000e+000, 0.000000e+000
 5.067000e-001,-1.443072e+003, 3.003934e+003,-2.514145e+002, 8.909991e+002,-2.102517e+001, 2.568108e+001, 8.744481e+002, 0.000000e+000, 0.000000e+000, 0.000000e+000
 5.067500e-001,-1.566518e+003, 3.169474e+003,-3.287098e+002, 7.167370e+002,-2.301477e+001, 2.691087e+001, 7.032834e+002, 0.000000e+000, 0.000000e+000, 0.000000e+000
 5.068000e-001,-1.492526e+003, 2.927245e+003,-1.588538e+002, 5.411946e+002,-2.359153e+001, 3.050287e+001, 5.347303e+002, 0.000000e+000, 0.000000e+000, 0.000000e+000
 5.068500e-001,-1.645097e+003, 3.130566e+003,-1.642806e+002, 3.664681e+002,-2.544457e+001, 3.162936e+001, 3.635190e+002, 0.000000e+000, 0.000000e+000, 0.000000e+000
 5.069000e-001,-1.540139e+003, 2.849559e+003,-6.865961e+001, 1.906100e+002,-2.610758e+001, 3.529508e+001, 1.942524e+002, 0.000000e+000, 0.000000e+000, 0.000000e+000
 5.069500e-001,-1.720939e+003, 3.083727e+003, 2.320724e+000, 1.565933e+001,-2.780002e+001, 3.636061e+001, 2.324432e+001, 0.000000e+000, 0.000000e+000, 0.000000e+000
 5.070000e-001,-1.586062e+003, 2.771547e+003, 2.035805e+001,-1.602578e+002,-2.856456e+001, 4.005004e+001,-1.464987e+002, 0.000000e+000, 0.000000e+000, 0.000000e+000
 5.070500e-001,-1.793731e+003, 3.028556e+003, 1.694961e+002,-3.351909e+002,-3.007875e+001, 4.109996e+001,-3.170678e+002, 0.000000e+000, 0.000000e+000, 0.000000e+000
 5.071000e-001,-1.630426e+003, 2.693698e+003, 1.094782e+002,-5.109110e+002,-3.095402e+001, 4.476011e+001,-4.870381e+002, 0.000000e+000, 0.000000e+000, 0.000000e+000
 5.071500e-001,-1.863193e+003, 2.964847e+003, 3.355868e+002,-6.855840e+002,-3.227890e+001, 4.584083e+001,-6.569448e+002, 0.000000e+000, 0.000000e+000, 0.000000e+000
 5.072000e-001,-1.673324e+003, 2.616316e+003, 2.000046e+002,-8.608525e+002,-3.326775e+001, 4.941810e+001,-8.268827e+002, 0.000000e+000, 0.000000e+000, 0.000000e+000
 5.072500e-001,-1.929089e+003, 2.892589e+003, 4.989391e+002,-1.035021e+003,-3.439875e+001, 5.057514e+001,-9.959139e+002, 0.000000e+000, 0.000000e+000, 0.000000e+000
 5.073000e-001,-1.714817e+003, 2.539522e+003, 2.932024e+002,-1.209586e+003,-3.549778e+001, 5.401768e+001,-1.165551e+003, 0.000000e+000, 0.000000e+000, 0.000000e+000
 5.073500e-001,-1.991228e+003, 2.811961e+003, 6.579688e+002,-1.383006e+003,-3.643642e+001, 5.529366e+001,-1.333502e+003, 0.000000e+000, 0.000000e+000, 0.000000e+000
 5.074000e-001,-1.754921e+003, 2.463268e+003, 3.902363e+002,-1.556616e+003,-3.763671e+001, 5.855350e+001,-1.502564e+003, 0.000000e+000, 0.000000e+000, 0.000000e+000
 5.074500e-001,-2.049466e+003, 2.723311e+003, 8.112223e+002,-1.729043e+003,-3.839005e+001, 5.998616e+001,-1.669239e+003, 0.000000e+000, 0.000000e+000, 0.000000e+000
 5.075000e-001,-1.793616e+003, 2.387361e+003, 4.921151e+002,-1.901451e+003,-3.967799e+001, 6.302105e+001,-1.837444e+003, 0.000000e+000, 0.000000e+000, 0.000000e+000
 5.075500e-001,-2.103707e+003, 2.627136e+003, 9.574318e+002,-2.072639e+003,-4.025790e+001, 6.464141e+001,-2.002652e+003, 0.000000e+000, 0.000000e+000, 0.000000e+000
 5.076000e-001,-1.830842e+003, 2.311490e+003, 5.996420e+002,-2.243600e+003,-4.161639e+001, 6.741627e+001,-2.169719e+003, 0.000000e+000, 0.000000e+000, 0.000000e+000
 5.076500e-001,-2.153899e+003, 2.524043e+003, 1.095561e+003,-2.413305e+003,-4.203862e+001, 6.924706e+001,-2.333276e+003, 0.000000e+000, 0.000000e+000, 0.000000e+000
 5.077000e-001,-1.866505e+003, 2.235256e+003, 7.133732e+002,-2.582577e+003,-4.344812e+001, 7.173522e+001,-2.498921e+003, 0.000000e+000, 0.000000e+000, 0.000000e+000
 5.077500e-001,-2.200034e+003, 2.414728e+003, 1.224843e+003,-2.750555e+003,-4.373129e+001, 7.378959e+001,-2.660646e+003, 0.000000e+000, 0.000000e+000, 0.000000e+000
 5.078000e-001,-1.900482e+003, 2.158201e+003, 8.335866e+002,-2.917901e+003,-4.517094e+001, 7.597369e+001,-2.824586e+003, 0.000000e+000, 0.000000e+000, 0.000000e+000
 5.078500e-001,-2.242135e+003, 2.299933e+003, 1.344801e+003,-3.083909e+003,-4.533540e+001, 7.825449e+001,-2.984303e+003, 0.000000e+000, 0.000000e+000, 0.000000e+000
 5.079000e-001,-1.932623e+003, 2.079839e+003, 9.602620e+002,-3.249092e+003,-4.678382e+001, 8.012707e+001,-3.146255e+003, 0.000000e+000, 0.000000e+000, 0.000000e+000
 5.079500e-001,-2.280259e+003, 2.180426e+003, 1.455268e+003,-3.412890e+003,-4.685062e+001, 8.262663e+001,-3.303788e+003, 0.000000e+000, 0.000000e+000, 0.000000e+000
 5.080000e-001,-1.962757e+003, 1.999681e+003, 1.093073e+003,-3.575680e+003,-4.828667e+001, 8.419044e+001,-3.463473e+003, 0.000000e+000, 0.000000e+000, 0.000000e+000
 5.080500e-001,-2.314487e+003, 2.056969e+003, 1.556379e+003,-3.737028e+003,-4.827658e+001, 8.689081e+001,-3.618649e+003, 0.000000e+000, 0.000000e+000, 0.000000e+000
 5.081000e-001,-1.990698e+003, 1.917261e+003, 1.231394e+003,-3.897198e+003,-4.967997e+001, 8.815867e+001,-3.775790e+003, 0.000000e+000, 0.000000e+000, 0.000000e+000
 5.081500e-001,-2.344917e+003, 1.930302e+003, 1.648568e+003,-4.055861e+003,-4.961268e+001, 9.103235e+001,-3.928435e+003, 0.000000e+000, 0.000000e+000, 0.000000e+000
 5.082000e-001,-2.016253e+003, 1.832153e+003, 1.374318e+003,-4.213188e+003,-5.096455e+001, 9.202659e+001,-4.082761e+003, 0.000000e+000, 0.000000e+000, 0.000000e+000
 5.082500e-001,-2.371665e+003, 1.801120e+003, 1.732534e+003,-4.368935e+003,-5.085810e+001, 9.503757e+001,-4.232700e+003, 0.000000e+000, 0.000000e+000, 0.000000e+000
 5.083000e-001,-2.039224e+003, 1.743989e+003, 1.520689e+003,-4.523198e+003,-5.214152e+001, 9.578899e+001,-4.383945e+003, 0.000000e+000, 0.000000e+000, 0.000000e+000
 5.083500e-001,-2.394852e+003, 1.670067e+003, 1.809215e+003,-4.675802e+003,-5.201189e+001, 9.889418e+001,-4.531003e+003, 0.000000e+000, 0.000000e+000, 0.000000e+000
 5.084000e-001,-2.059420e+003, 1.652469e+003, 1.669147e+003,-4.826788e+003,-5.321232e+001, 9.944048e+001,-4.678910e+003, 0.000000e+000, 0.000000e+000, 0.000000e+000
 5.084500e-001,-2.414600e+003, 1.537718e+003, 1.879733e+003,-4.976026e+003,-5.307320e+001, 1.025913e+002,-4.822911e+003, 0.000000e+000, 0.000000e+000, 0.000000e+000
 5.085000e-001,-2.076661e+003, 1.557373e+003, 1.818177e+003,-5.123524e+003,-5.417883e+001, 1.029753e+002,-4.967232e+003, 0.000000e+000, 0.000000e+000, 0.000000e+000
 5.085500e-001,-2.431025e+003, 1.404574e+003, 1.945343e+003,-5.269178e+003,-5.404139e+001, 1.061196e+002,-5.108000e+003, 0.000000e+000, 0.000000e+000, 0.000000e+000
 5.086000e-001,-2.090785e+003, 1.458566e+003, 1.966171e+003,-5.412983e+003,-5.504339e+001, 1.063871e+002,-5.248499e+003, 0.000000e+000, 0.000000e+000, 0.000000e+000
 5.086500e-001,-2.444231e+003, 1.271055e+003, 2.007374e+003,-5.554842e+003,-5.491614e+001, 1.094713e+002,-5.385856e+003, 0.000000e+000, 0.000000e+000, 0.000000e+000
 5.087000e-001,-2.101657e+003, 1.355999e+003, 2.111487e+003,-5.694752e+003,-5.580871e+001, 1.096690e+002,-5.522309e+003, 0.000000e+000, 0.000000e+000, 0.000000e+000
 5.087500e-001,-2.454301e+003, 1.137499e+003, 2.067157e+003,-5.832610e+003,-5.569736e+001, 1.126399e+002,-5.656076e+003, 0.000000e+000, 0.000000e+000, 0.000000e+000
 5.088000e-001,-2.109173e+003, 1.249714e+003, 2.252517e+003,-5.968429e+003,-5.647771e+001, 1.128134e+002,-5.788272e+003, 0.000000e+000, 0.000000e+000, 0.000000e+000
 5.088500e-001,-2.461293e+003, 1.004157e+003, 2.125975e+003,-6.102087e+003,-5.638514e+001, 1.156207e+002,-5.918268e+003, 0.000000e+000, 0.000000e+000, 0.000000e+000
 5.089000e-001,-2.113266e+003, 1.139838e+003, 2.387743e+003,-6.233624e+003,-5.705332e+001, 1.158123e+002,-6.046010e+003, 0.000000e+000, 0.000000e+000, 0.000000e+000
 5.089500e-001,-2.465234e+003, 8.712036e+002, 2.184991e+003,-6.362891e+003,-5.697965e+001, 1.184104e+002,-6.172052e+003, 0.000000e+000, 0.000000e+000, 0.000000e+000
 5.090000e-001,-2.113909e+003, 1.026581e+003, 2.515795e+003,-6.489957e+003,-5.753831e+001, 1.186574e+002,-6.295157e+003, 0.000000e+000, 0.000000e+000, 0.000000e+000
 5.090500e-001,-2.466120e+003, 7.387361e+002, 2.245212e+003,-6.614650e+003,-5.748119e+001, 1.210071e+002,-6.417059e+003, 0.000000e+000, 0.000000e+000, 0.000000e+000
 5.091000e-001,-2.111118e+003, 9.102264e+002, 2.635500e+003,-6.737064e+003,-5.793532e+001, 1.213404e+002,-6.535357e+003, 0.000000e+000, 0.000000e+000, 0.000000e+000
 5.091500e-001,-2.463914e+003, 6.067915e+002, 2.307437e+003,-6.857007e+003,-5.789040e+001, 1.234101e+002,-6.652931e+003, 0.000000e+000, 0.000000e+000, 0.000000e+000
 5.092000e-001,-2.104948e+003, 7.911185e+002, 2.745910e+003,-6.974593e+003,-5.824694e+001, 1.238532e+002,-6.766269e+003, 0.000000e+000, 0.000000e+000, 0.000000e+000
 5.092500e-001,-2.458552e+003, 4.753587e+002, 2.372235e+003,-7.089616e+003,-5.820850e+001, 1.256193e+002,-6.879325e+003, 0.000000e+000, 0.000000e+000, 0.000000e+000
 5.093000e-001,-2.095493e+003, 6.696456e+002, 2.846332e+003,-7.202204e+003,-5.847592e+001, 1.261872e+002,-6.987562e+003, 0.000000e+000, 0.000000e+000, 0.000000e+000
 5.093500e-001,-2.449945e+003, 3.443962e+002, 2.439930e+003,-7.312148e+003,-5.843763e+001, 1.276351e+002,-7.095910e+003, 0.000000e+000, 0.000000e+000, 0.000000e+000
 5.094000e-001,-2.082876e+003, 5.462210e+002, 2.936336e+003,-7.419573e+003,-5.862536e+001, 1.283342e+002,-7.198920e+003, 0.000000e+000, 0.000000e+000, 0.000000e+000
 5.094500e-001,-2.437984e+003, 2.138511e+002, 2.510593e+003,-7.524286e+003,-5.858097e+001, 1.294578e+002,-7.302370e+003, 0.000000e+000, 0.000000e+000, 0.000000e+000
 5.095000e-001,-2.067243e+003, 4.212616e+002, 3.015748e+003,-7.626390e+003,-5.869872e+001, 1.302860e+002,-7.400046e+003, 0.000000e+000, 0.000000e+000, 0.000000e+000
 5.095500e-001,-2.422556e+003, 8.367880e+001, 2.584054e+003,-7.725726e+003,-5.864280e+001, 1.310871e+002,-7.498406e+003, 0.000000e+000, 0.000000e+000, 0.000000e+000
 5.096000e-001,-2.048753e+003, 2.951664e+002, 3.084639e+003,-7.822359e+003,-5.869979e+001, 1.320343e+002,-7.590653e+003, 0.000000e+000, 0.000000e+000, 0.000000e+000
 5.096500e-001,-2.403546e+003,-4.613757e+001, 2.659921e+003,-7.916182e+003,-5.862821e+001, 1.325225e+002,-7.683736e+003, 0.000000e+000, 0.000000e+000, 0.000000e+000
 5.097000e-001,-2.027567e+003, 1.682970e+002, 3.143303e+003,-8.007202e+003,-5.863243e+001, 1.335719e+002,-7.770474e+003, 0.000000e+000, 0.000000e+000, 0.000000e+000
 5.097500e-001,-2.380850e+003,-1.755709e+002, 2.737604e+003,-8.095382e+003,-5.854275e+001, 1.337631e+002,-7.858092e+003, 0.000000e+000, 0.000000e+000, 0.000000e+000
 5.098000e-001,-2.003841e+003, 4.096218e+001, 3.192220e+003,-8.180654e+003,-5.850031e+001, 1.348919e+002,-7.939253e+003, 0.000000e+000, 0.000000e+000, 0.000000e+000
 5.098500e-001,-2.354381e+003,-3.045374e+002, 2.816349e+003,-8.263069e+003,-5.839205e+001, 1.348080e+002,-8.021226e+003, 0.000000e+000, 0.000000e+000, 0.000000e+000
 5.099000e-001,-1.977716e+003,-8.659261e+001, 3.232028e+003,-8.342469e+003,-5.830673e+001, 1.359889e+002,-8.096753e+003, 0.000000e+000, 0.000000e+000, 0.000000e+000
 5.099500e-001,-2.324080e+003,-4.328885e+002, 2.895280e+003,-8.419004e+003,-5.818140e+001, 1.356560e+002,-8.172904e+003, 0.000000e+000, 0.000000e+000, 0.000000e+000
 5.100000e-001,-1.949311e+003,-2.141888e+002, 3.263481e+003,-8.492416e+003,-5.805450e+001, 1.368588e+002,-8.242752e+003, 0.000000e+000, 0.000000e+000, 0.000000e+000
 5.100500e-001,-2.289919e+003,-5.604108e+002, 2.973428e+003,-8.562964e+003,-5.791557e+001, 1.363063e+002,-8.312912e+003, 0.000000e+000, 0.000000e+000, 0.000000e+000
 5.101000e-001,-1.918725e+003,-3.417122e+002, 3.287417e+003,-8.630281e+003,-5.774604e+001, 1.374989e+002,-8.377041e+003, 0.000000e+000, 0.000000e+000, 0.000000e+000
 5.101500e-001,-2.251900e+003,-6.868306e+002, 3.049776e+003,-8.694743e+003,-5.759868e+001, 1.367581e+002,-8.441053e+003, 0.000000e+000, 0.000000e+000, 0.000000e+000
 5.102000e-001,-1.886030e+003,-4.691038e+002, 3.304721e+003,-8.755869e+003,-5.738351e+001, 1.379076e+002,-8.499430e+003, 0.000000e+000, 0.000000e+000, 0.000000e+000
 5.102500e-001,-2.210062e+003,-8.118270e+002, 3.123288e+003,-8.814153e+003,-5.723419e+001, 1.370108e+002,-8.557150e+003, 0.000000e+000, 0.000000e+000, 0.000000e+000
 5.103000e-001,-1.851275e+003,-5.963454e+002, 3.316290e+003,-8.869001e+003,-5.696898e+001, 1.380845e+002,-8.609743e+003, 0.000000e+000, 0.000000e+000, 0.000000e+000
 5.103500e-001,-2.164472e+003,-9.350483e+002, 3.192945e+003,-8.921025e+003,-5.682491e+001, 1.370637e+002,-8.661045e+003, 0.000000e+000, 0.000000e+000, 0.000000e+000
 5.104000e-001,-1.814490e+003,-7.234417e+002, 3.323008e+003,-8.969518e+003,-5.650457e+001, 1.380302e+002,-8.707826e+003, 0.000000e+000, 0.000000e+000, 0.000000e+000
 5.104500e-001,-2.115223e+003,-1.056133e+003, 3.257768e+003,-9.015205e+003,-5.637302e+001, 1.369162e+002,-8.752600e+003, 0.000000e+000, 0.000000e+000, 0.000000e+000
 5.105000e-001,-1.775691e+003,-8.503993e+002, 3.325718e+003,-9.057274e+003,-5.599244e+001, 1.377461e+002,-8.793537e+003, 0.000000e+000, 0.000000e+000, 0.000000e+000
 5.105500e-001,-2.062428e+003,-1.174733e+003, 3.316842e+003,-9.096561e+003,-5.587995e+001, 1.365677e+002,-8.831693e+003, 0.000000e+000, 0.000000e+000, 0.000000e+000
 5.106000e-001,-1.734882e+003,-9.772066e+002, 3.325197e+003,-9.132148e+003,-5.543466e+001, 1.372345e+002,-8.866752e+003, 0.000000e+000, 0.000000e+000, 0.000000e+000
 5.106500e-001,-2.006216e+003,-1.290531e+003, 3.369343e+003,-9.164974e+003,-5.534632e+001, 1.360180e+002,-8.898226e+003, 0.000000e+000, 0.000000e+000, 0.000000e+000
 5.107000e-001,-1.692063e+003,-1.103814e+003, 3.322139e+003,-9.194032e+003,-5.483306e+001, 1.364987e+002,-8.927365e+003, 0.000000e+000, 0.000000e+000, 0.000000e+000
 5.107500e-001,-1.946724e+003,-1.403263e+003, 3.414549e+003,-9.220349e+003,-5.477186e+001, 1.352673e+002,-8.952110e+003, 0.000000e+000, 0.000000e+000, 0.000000e+000
 5.108000e-001,-1.647238e+003,-1.230119e+003, 3.317140e+003,-9.242840e+003,-5.418906e+001, 1.355428e+002,-8.975285e+003, 0.000000e+000, 0.000000e+000, 0.000000e+000
 5.108500e-001,-1.884094e+003,-1.512728e+003, 3.451859e+003,-9.262608e+003,-5.415549e+001, 1.343159e+002,-8.993280e+003, 0.000000e+000, 0.000000e+000, 0.000000e+000
 5.109000e-001,-1.600411e+003,-1.355955e+003, 3.310682e+003,-9.278500e+003,-5.350352e+001, 1.343718e+002,-9.010438e+003, 0.000000e+000, 0.000000e+000, 0.000000e+000
 5.109500e-001,-1.818469e+003,-1.618797e+003, 3.480806e+003,-9.291691e+003,-5.349540e+001, 1.331650e+002,-9.021683e+003, 0.000000e+000, 0.000000e+000, 0.000000e+000
 5.110000e-001,-1.551594e+003,-1.481086e+003, 3.303120e+003,-9.300965e+003,-5.277677e+001, 1.329914e+002,-9.032768e+003, 0.000000e+000, 0.000000e+000, 0.000000e+000
 5.110500e-001,-1.749991e+003,-1.721415e+003, 3.501066e+003,-9.307560e+003,-5.278926e+001, 1.318158e+002,-9.037283e+003, 0.000000e+000, 0.000000e+000, 0.000000e+000
 5.111000e-001,-1.500810e+003,-1.605209e+003, 3.294680e+003,-9.310203e+003,-5.200860e+001, 1.314080e+002,-9.042237e+003, 0.000000e+000, 0.000000e+000, 0.000000e+000
 5.111500e-001,-1.678805e+003,-1.820598e+003, 3.512463e+003,-9.310190e+003,-5.203445e+001, 1.302701e+002,-9.040063e+003, 0.000000e+000, 0.000000e+000, 0.000000e+000
 5.112000e-001,-1.448084e+003,-1.727958e+003, 3.285452e+003,-9.306202e+003,-5.119834e+001, 1.296283e+002,-9.038828e+003, 0.000000e+000, 0.000000e+000, 0.000000e+000
 5.112500e-001,-1.605054e+003,-1.916421e+003, 3.514974e+003,-9.299581e+003,-5.122830e+001, 1.285298e+002,-9.030021e+003, 0.000000e+000, 0.000000e+000, 0.000000e+000
 5.113000e-001,-1.393450e+003,-1.848921e+003, 3.275386e+003,-9.288969e+003,-5.034483e+001, 1.276592e+002,-9.022542e+003, 0.000000e+000, 0.000000e+000, 0.000000e+000
 5.113500e-001,-1.528882e+003,-2.009012e+003, 3.508722e+003,-9.275748e+003,-5.036811e+001, 1.265975e+002,-9.007174e+003, 0.000000e+000, 0.000000e+000, 0.000000e+000
 5.114000e-001,-1.336946e+003,-1.967647e+003, 3.264302e+003,-9.258529e+003,-4.944645e+001, 1.255081e+002,-8.993401e+003, 0.000000e+000, 0.000000e+000, 0.000000e+000
 5.114500e-001,-1.450438e+003,-2.098531e+003, 3.493975e+003,-9.238728e+003,-4.945127e+001, 1.244761e+002,-8.971553e+003, 0.000000e+000, 0.000000e+000, 0.000000e+000
 5.115000e-001,-1.278609e+003,-2.083670e+003, 3.251898e+003,-9.214929e+003,-4.850105e+001, 1.231824e+002,-8.951448e+003, 0.000000e+000, 0.000000e+000, 0.000000e+000
 5.115500e-001,-1.369877e+003,-2.185156e+003, 3.471124e+003,-9.188572e+003,-4.847516e+001, 1.221693e+002,-8.923211e+003, 0.000000e+000, 0.000000e+000, 0.000000e+000
 5.116000e-001,-1.218477e+003,-2.196522e+003, 3.237765e+003,-9.158229e+003,-4.750591e+001, 1.206897e+002,-8.896743e+003, 0.000000e+000, 0.000000e+000, 0.000000e+000
 5.116500e-001,-1.287357e+003,-2.269067e+003, 3.440674e+003,-9.125356e+003,-4.743715e+001, 1.196819e+002,-8.862213e+003, 0.000000e+000, 0.000000e+000, 0.000000e+000
 5.117000e-001,-1.156587e+003,-2.305749e+003, 3.221409e+003,-9.088516e+003,-4.645781e+001, 1.180378e+002,-8.829368e+003, 0.000000e+000, 0.000000e+000, 0.000000e+000
 5.117500e-001,-1.203046e+003,-2.350430e+003, 3.403216e+003,-9.049171e+003,-4.633465e+001, 1.170192e+002,-8.788645e+003, 0.000000e+000, 0.000000e+000, 0.000000e+000
 5.118000e-001,-1.092976e+003,-2.410927e+003, 3.202277e+003,-9.005887e+003,-4.535313e+001, 1.152344e+002,-8.749420e+003, 0.000000e+000, 0.000000e+000, 0.000000e+000
 5.118500e-001,-1.117117e+003,-2.429382e+003, 3.359403e+003,-8.960126e+003,-4.516521e+001, 1.141874e+002,-8.702605e+003, 0.000000e+000, 0.000000e+000, 0.000000e+000
 5.119000e-001,-1.027680e+003,-2.511670e+003, 3.179781e+003,-8.910463e+003,-4.418815e+001, 1.122867e+002,-8.657018e+003, 0.000000e+000, 0.000000e+000, 0.000000e+000
 5.119500e-001,-1.029747e+003,-2.506024e+003, 3.309919e+003,-8.858350e+003,-4.392669e+001, 1.111934e+002,-8.604216e+003, 0.000000e+000, 0.000000e+000, 0.000000e+000
 5.120000e-001,-9.607353e+002,-2.607647e+003, 3.153335e+003,-8.802381e+003,-4.295922e+001, 1.092016e+002,-8.552296e+003, 0.000000e+000, 0.000000e+000, 0.000000e+000
 5.120500e-001,-9.411173e+002,-2.580407e+003, 3.255451e+003,-8.743988e+003,-4.261748e+001, 1.080440e+002,-8.493613e+003, 0.000000e+000, 0.000000e+000, 0.000000e+000
 5.121000e-001,-8.921833e+002,-2.698584e+003, 3.122375e+003,-8.681796e+003,-4.166312e+001, 1.059851e+002,-8.435407e+003, 0.000000e+000, 0.000000e+000, 0.000000e+000
 5.121500e-001,-8.514099e+002,-2.652533e+003, 3.196659e+003,-8.617206e+003,-4.123658e+001, 1.047467e+002,-8.370951e+003, 0.000000e+000, 0.000000e+000, 0.000000e+000
 5.122000e-001,-8.220685e+002,-2.784270e+003, 3.086396e+003,-8.548881e+003,-4.029714e+001, 1.026424e+002,-8.306523e+003, 0.000000e+000, 0.000000e+000, 0.000000e+000
 5.122500e-001,-7.608047e+002,-2.722346e+003, 3.134148e+003,-8.478185e+003,-3.978374e+001, 1.013087e+002,-8.236404e+003, 0.000000e+000, 0.000000e+000, 0.000000e+000
 5.123000e-001,-7.504421e+002,-2.864563e+003, 3.044966e+003,-8.403825e+003,-3.885925e+001, 9.917820e+001,-8.165832e+003, 0.000000e+000, 0.000000e+000, 0.000000e+000
 5.123500e-001,-6.694786e+002,-2.789731e+003, 3.068449e+003,-8.327121e+003,-3.825938e+001, 9.773755e+001,-8.090163e+003, 0.000000e+000, 0.000000e+000, 0.000000e+000
 5.124000e-001,-6.773621e+002,-2.939392e+003, 2.997753e+003,-8.246836e+003,-3.734801e+001, 9.559660e+001,-8.013536e+003, 0.000000e+000, 0.000000e+000, 0.000000e+000
 5.124500e-001,-5.776033e+002,-2.854517e+003, 3.000001e+003,-8.164232e+003,-3.666449e+001, 9.404057e+001,-7.932434e+003, 0.000000e+000, 0.000000e+000, 0.000000e+000
 5.125000e-001,-6.028947e+002,-3.008751e+003, 2.944532e+003,-8.078137e+003,-3.576258e+001, 9.190143e+001,-7.849855e+003, 0.000000e+000, 0.000000e+000, 0.000000e+000
 5.125500e-001,-4.853454e+002,-2.916478e+003, 2.929140e+003,-7.989750e+003,-3.500049e+001, 9.022530e+001,-7.763441e+003, 0.000000e+000, 0.000000e+000, 0.000000e+000
 5.126000e-001,-5.271136e+002,-3.072705e+003, 2.885196e+003,-7.897968e+003,-3.410260e+001, 8.809643e+001,-7.675026e+003, 0.000000e+000, 0.000000e+000, 0.000000e+000
 5.126500e-001,-3.928662e+002,-2.975334e+003, 2.856099e+003,-7.803922e+003,-3.326916e+001, 8.629914e+001,-7.583426e+003, 0.000000e+000, 0.000000e+000, 0.000000e+000
 5.127000e-001,-4.500999e+002,-3.131377e+003, 2.819751e+003,-7.706585e+003,-3.236816e+001, 8.418533e+001,-7.489298e+003, 0.000000e+000, 0.000000e+000, 0.000000e+000
 5.127500e-001,-3.003222e+002,-3.030760e+003, 2.781008e+003,-7.607014e+003,-3.147247e+001, 8.226936e+001,-7.392642e+003, 0.000000e+000, 0.000000e+000, 0.000000e+000
 5.128000e-001,-3.719409e+002,-3.184948e+003, 2.748314e+003,-7.504260e+003,-3.055986e+001, 8.017194e+001,-7.292938e+003, 0.000000e+000, 0.000000e+000, 0.000000e+000
 5.128500e-001,-2.078661e+002,-3.082391e+003, 2.703907e+003,-7.399305e+003,-2.961262e+001, 7.814291e+001,-7.191361e+003, 0.000000e+000, 0.000000e+000, 0.000000e+000
 5.129000e-001,-2.927294e+002,-3.233643e+003, 2.671099e+003,-7.291281e+003,-2.867885e+001, 7.606017e+001,-7.086229e+003, 0.000000e+000, 0.000000e+000, 0.000000e+000
 5.129500e-001,-1.156472e+002,-3.129835e+003, 2.624756e+003,-7.181091e+003,-2.769196e+001, 7.392634e+001,-6.979869e+003, 0.000000e+000, 0.000000e+000, 0.000000e+000
 5.130000e-001,-2.125622e+002,-3.277719e+003, 2.588403e+003,-7.067951e+003,-2.672688e+001, 7.185409e+001,-6.869465e+003, 0.000000e+000, 0.000000e+000, 0.000000e+000
 5.130500e-001,-2.381198e+001,-3.172689e+003, 2.543452e+003,-6.952680e+003,-2.571295e+001, 6.962576e+001,-6.758467e+003, 0.000000e+000, 0.000000e+000, 0.000000e+000
 5.131000e-001,-1.315403e+002,-3.317453e+003, 2.500584e+003,-6.834586e+003,-2.470632e+001, 6.755796e+001,-6.642961e+003, 0.000000e+000, 0.000000e+000, 0.000000e+000
 5.131500e-001, 6.749632e+001,-3.210551e+003, 2.459850e+003,-6.714399e+003,-2.367815e+001, 6.524692e+001,-6.527469e+003, 0.000000e+000, 0.000000e+000, 0.000000e+000
 5.132000e-001,-4.976818e+001,-3.353123e+003, 2.408044e+003,-6.591518e+003,-2.262023e+001, 6.317641e+001,-6.407042e+003, 0.000000e+000, 0.000000e+000, 0.000000e+000
 5.132500e-001, 1.581383e+002,-3.243040e+003, 2.373781e+003,-6.466584e+003,-2.159010e+001, 6.079520e+001,-6.287205e+003, 0.000000e+000, 0.000000e+000, 0.000000e+000
 5.133000e-001, 3.264510e+001,-3.384990e+003, 2.311211e+003,-6.339091e+003,-2.047223e+001, 5.871442e+001,-6.162049e+003, 0.000000e+000, 0.000000e+000, 0.000000e+000
 5.133500e-001, 2.479797e+002,-3.269815e+003, 2.285071e+003,-6.209588e+003,-1.945125e+001, 5.627582e+001,-6.038013e+003, 0.000000e+000, 0.000000e+000, 0.000000e+000
 5.134000e-001, 1.155849e+002,-3.413279e+003, 2.210513e+003,-6.077665e+003,-1.826649e+001, 5.417739e+001,-5.908333e+003, 0.000000e+000, 0.000000e+000, 0.000000e+000
 5.134500e-001, 3.368933e+002,-3.290596e+003, 2.193562e+003,-5.943776e+003,-1.726393e+001, 5.169379e+001,-5.780248e+003, 0.000000e+000, 0.000000e+000, 0.000000e+000
 5.135000e-001, 1.989290e+002,-3.438160e+003, 2.106369e+003,-5.807608e+003,-1.600764e+001, 4.957109e+001,-5.646259e+003, 0.000000e+000, 0.000000e+000, 0.000000e+000
 5.135500e-001, 4.247608e+002,-3.305179e+003, 2.099120e+003,-5.669525e+003,-1.503033e+001, 4.705400e+001,-5.514271e+003, 0.000000e+000, 0.000000e+000, 0.000000e+000
 5.136000e-001, 2.825463e+002,-3.459730e+003, 1.999172e+003,-5.529306e+003,-1.370072e+001, 4.490154e+001,-5.376199e+003, 0.000000e+000, 0.000000e+000, 0.000000e+000
 5.136500e-001, 5.114749e+002,-3.313452e+003, 2.001658e+003,-5.387224e+003,-1.275259e+001, 4.236111e+001,-5.240459e+003, 0.000000e+000, 0.000000e+000, 0.000000e+000
 5.137000e-001, 3.662942e+002,-3.478003e+003, 1.889278e+003,-5.243151e+003,-1.135114e+001, 4.017484e+001,-5.098540e+003, 0.000000e+000, 0.000000e+000, 0.000000e+000
 5.137500e-001, 5.969413e+002,-3.315408e+003, 1.901135e+003,-5.097274e+003,-1.043291e+001, 3.761958e+001,-4.959198e+003, 0.000000e+000, 0.000000e+000, 0.000000e+000
 5.138000e-001, 4.500184e+002,-3.492898e+003, 1.776998e+003,-4.949551e+003,-8.964665e+000, 3.539706e+001,-4.813675e+003, 0.000000e+000, 0.000000e+000, 0.000000e+000
 5.138500e-001, 6.810799e+002,-3.311147e+003, 1.797566e+003,-4.800087e+003,-8.073646e+000, 3.283363e+001,-4.670884e+003, 0.000000e+000, 0.000000e+000, 0.000000e+000
 5.139000e-001, 5.335515e+002,-3.504237e+003, 1.662594e+003,-4.648921e+003,-6.547294e+000, 3.057417e+001,-4.522008e+003, 0.000000e+000, 0.000000e+000, 0.000000e+000
 5.139500e-001, 7.638252e+002,-3.300882e+003, 1.691025e+003,-4.496083e+003,-5.677470e+000, 2.800737e+001,-4.375925e+003, 0.000000e+000, 0.000000e+000, 0.000000e+000
 5.140000e-001, 6.167137e+002,-3.511746e+003, 1.546277e+003,-4.341688e+003,-4.105209e+000, 2.571202e+001,-4.223952e+003, 0.000000e+000, 0.000000e+000, 0.000000e+000
 5.140500e-001, 8.451265e+002,-3.284932e+003, 1.581639e+003,-4.185696e+003,-3.247420e+000, 2.314488e+001,-4.074738e+003, 0.000000e+000, 0.000000e+000, 0.000000e+000
 5.141000e-001, 6.993143e+002,-3.515065e+003, 1.428212e+003,-4.028287e+003,-1.644626e+000, 2.081641e+001,-3.919927e+003, 0.000000e+000, 0.000000e+000, 0.000000e+000
 5.141500e-001, 9.249464e+002,-3.263708e+003, 1.469590e+003,-3.869365e+003,-7.869578e-001, 1.825041e+001,-3.767751e+003, 0.000000e+000, 0.000000e+000, 0.000000e+000
 5.142000e-001, 7.811529e+002,-3.513761e+003, 1.308517e+003,-3.709162e+003, 8.283555e-001, 1.589316e+001,-3.610362e+003, 0.000000e+000, 0.000000e+000, 0.000000e+000
 5.142500e-001, 1.003259e+003,-3.237703e+003, 1.355102e+003,-3.547538e+003, 1.700018e+000, 1.332852e+001,-3.455398e+003, 0.000000e+000, 0.000000e+000, 0.000000e+000
 5.143000e-001, 8.620226e+002,-3.507344e+003, 1.187279e+003,-3.384766e+003, 3.307875e+000, 1.094812e+001,-3.295690e+003, 0.000000e+000, 0.000000e+000, 0.000000e+000
 5.143500e-001, 1.080046e+003,-3.207467e+003, 1.238437e+003,-3.220674e+003, 4.209157e+000, 8.384151e+000,-3.138125e+003, 0.000000e+000, 0.000000e+000, 0.000000e+000
 5.144000e-001, 9.417133e+002,-3.495293e+003, 1.064558e+003,-3.055560e+003, 5.788404e+000, 5.987188e+000,-2.976354e+003, 0.000000e+000, 0.000000e+000, 0.000000e+000
 5.144500e-001, 1.155296e+003,-3.173585e+003, 1.119881e+003,-2.889234e+003, 6.735638e+000, 3.422629e+000,-2.816384e+003, 0.000000e+000, 0.000000e+000, 0.000000e+000
 5.145000e-001, 1.020015e+003,-3.477078e+003, 9.404012e+002,-2.722010e+003, 8.264772e+000, 1.016203e+000,-2.652800e+003, 0.000000e+000, 0.000000e+000, 0.000000e+000
 5.145500e-001, 1.228999e+003,-3.136651e+003, 9.997321e+002,-2.553690e+003, 9.274129e+000,-1.550377e+000,-2.490631e+003, 0.000000e+000, 0.000000e+000, 0.000000e+000
 5.146000e-001, 1.096720e+003,-3.452184e+003, 8.148534e+002,-2.384590e+003, 1.073214e+001,-3.959123e+000,-2.325481e+003, 0.000000e+000, 0.000000e+000, 0.000000e+000
 5.146500e-001, 1.301142e+003,-3.097243e+003, 8.782896e+002,-2.214518e+003, 1.181875e+001,-6.528947e+000,-2.161334e+003, 0.000000e+000, 0.000000e+000, 0.000000e+000
 5.147000e-001, 1.171630e+003,-3.420139e+003, 6.879720e+002,-2.043779e+003, 1.318592e+001,-8.933290e+000,-1.994857e+003, 0.000000e+000, 0.000000e+000, 0.000000e+000
 5.147500e-001, 1.371709e+003,-3.055900e+003, 7.558381e+002,-1.872199e+003, 1.436303e+001,-1.150698e+001,-1.828963e+003, 0.000000e+000, 0.000000e+000, 0.000000e+000
 5.148000e-001, 1.244557e+003,-3.380535e+003, 5.598372e+002,-1.700060e+003, 1.562170e+001,-1.390103e+001,-1.661391e+003, 0.000000e+000, 0.000000e+000, 0.000000e+000
 5.148500e-001, 1.440678e+003,-3.013095e+003, 6.326373e+002,-1.527219e+003, 1.689992e+001,-1.647822e+001,-1.493993e+003, 0.000000e+000, 0.000000e+000, 0.000000e+000
 5.149000e-001, 1.315324e+003,-3.333050e+003, 4.305626e+002,-1.353922e+003, 1.803516e+001,-1.885726e+001,-1.325552e+003, 0.000000e+000, 0.000000e+000, 0.000000e+000
 5.149500e-001, 1.508015e+003,-2.969222e+003, 5.089115e+002,-1.180066e+003, 1.942184e+001,-2.143627e+001,-1.156904e+003, 0.000000e+000, 0.000000e+000, 0.000000e+000
 5.150000e-001, 1.383773e+003,-3.277467e+003, 3.003034e+002,-1.005855e+003, 2.042203e+001,-2.379698e+001,-9.878130e+002, 0.000000e+000, 0.000000e+000, 0.000000e+000
 5.150500e-001, 1.573675e+003,-2.924573e+003, 3.848418e+002,-8.312324e+002, 2.192075e+001,-2.637457e+001,-8.181768e+002, 0.000000e+000, 0.000000e+000, 0.000000e+000
 5.151000e-001, 1.449762e+003,-3.213688e+003, 1.692616e+002,-6.563535e+002, 2.277805e+001,-2.871516e+001,-6.486487e+002, 0.000000e+000, 0.000000e+000, 0.000000e+000
 5.151500e-001, 1.637602e+003,-2.879330e+003, 2.605624e+002,-4.812136e+002, 2.438826e+001,-3.128640e+001,-4.782961e+002, 0.000000e+000, 0.000000e+000, 0.000000e+000
 5.152000e-001, 1.513171e+003,-3.141741e+003, 3.768818e+001,-3.059139e+002, 2.509895e+001,-3.360662e+001,-3.085381e+002, 0.000000e+000, 0.000000e+000, 0.000000e+000
 5.152500e-001, 1.699722e+003,-2.833558e+003, 1.361602e+002,-1.305054e+002, 2.681579e+001,-3.616491e+001,-1.377457e+002, 0.000000e+000, 0.000000e+000, 0.000000e+000
 5.153000e-001, 1.573899e+003,-3.061793e+003,-9.411856e+001, 4.496658e+001, 2.738048e+001,-3.846602e+001, 3.203861e+001, 0.000000e+000, 0.000000e+000, 0.000000e+000
 5.153500e-001, 1.759949e+003,-2.787195e+003, 1.167799e+001, 2.203951e+002, 2.919472e+001,-4.100323e+001, 2.029900e+002, 0.000000e+000, 0.000000e+000, 0.000000e+000
 5.154000e-001, 1.631870e+003,-2.974143e+003,-2.258187e+002, 3.957898e+002, 2.961839e+001,-4.328775e+001, 3.725993e+002, 0.000000e+000, 0.000000e+000, 0.000000e+000
 5.154500e-001, 1.818178e+003,-2.740060e+003,-1.128786e+002, 5.709901e+002, 3.151649e+001,-4.579454e+001, 5.434269e+002, 0.000000e+000, 0.000000e+000, 0.000000e+000
 5.155000e-001, 1.687030e+003,-2.879226e+003,-3.570395e+002, 7.460578e+002, 3.180842e+001,-4.806597e+001, 7.126608e+002, 0.000000e+000, 0.000000e+000, 0.000000e+000
 5.155500e-001, 1.874287e+003,-2.691850e+003,-2.375313e+002, 9.207828e+002, 3.377277e+001,-5.053216e+001, 8.830823e+002, 0.000000e+000, 0.000000e+000, 0.000000e+000
 5.156000e-001, 1.739348e+003,-2.777601e+003,-4.873875e+002, 1.095273e+003, 3.394630e+001,-5.279459e+001, 1.051740e+003, 0.000000e+000, 0.000000e+000, 0.000000e+000
 5.156500e-001, 1.928140e+003,-2.642154e+003,-3.623170e+002, 1.269277e+003, 3.595556e+001,-5.520958e+001, 1.221475e+003, 0.000000e+000, 0.000000e+000, 0.000000e+000
 5.157000e-001, 1.788819e+003,-2.669948e+003,-6.164623e+002, 1.442940e+003, 3.602779e+001,-5.746719e+001, 1.389353e+003, 0.000000e+000, 0.000000e+000, 0.000000e+000
 5.157500e-001, 1.979583e+003,-2.590463e+003,-4.872738e+002, 1.615979e+003, 3.805738e+001,-5.982043e+001, 1.558124e+003, 0.000000e+000, 0.000000e+000, 0.000000e+000
 5.158000e-001, 1.835460e+003,-2.557043e+003,-7.438709e+002, 1.788564e+003, 3.804861e+001,-6.207700e+001, 1.725018e+003, 0.000000e+000, 0.000000e+000, 0.000000e+000
 5.158500e-001, 2.028447e+003,-2.536185e+003,-6.124277e+002, 1.960395e+003, 4.007135e+001,-6.435844e+001, 1.892555e+003, 0.000000e+000, 0.000000e+000, 0.000000e+000
 5.159000e-001, 1.879308e+003,-2.439751e+003,-8.692424e+002, 2.131656e+003, 4.000454e+001,-6.661681e+001, 2.058255e+003, 0.000000e+000, 0.000000e+000, 0.000000e+000
 5.159500e-001, 2.074550e+003,-2.478669e+003,-7.377788e+002, 2.302039e+003, 4.199140e+001,-6.881729e+001, 2.224293e+003, 0.000000e+000, 0.000000e+000, 0.000000e+000
 5.160000e-001, 1.920423e+003,-2.318992e+003,-9.922408e+002, 2.471726e+003, 4.189139e+001,-7.107901e+001, 2.388587e+003, 0.000000e+000, 0.000000e+000, 0.000000e+000
 5.160500e-001, 2.117703e+003,-2.417225e+003,-8.632897e+002, 2.640424e+003, 4.381230e+001,-7.319066e+001, 2.552869e+003, 0.000000e+000, 0.000000e+000, 0.000000e+000
 5.161000e-001, 1.958875e+003,-2.195728e+003,-1.112575e+003, 2.808293e+003, 4.370502e+001,-7.545559e+001, 2.715541e+003, 0.000000e+000, 0.000000e+000, 0.000000e+000
 5.161500e-001, 2.157712e+003,-2.351148e+003,-9.888769e+002, 2.975071e+003, 4.552983e+001,-7.747211e+001, 2.877819e+003, 0.000000e+000, 0.000000e+000, 0.000000e+000
 5.162000e-001, 1.994748e+003,-2.070926e+003,-1.230005e+003, 3.140878e+003, 4.544141e+001,-7.973830e+001, 3.038651e+003, 0.000000e+000, 0.000000e+000, 0.000000e+000
 5.162500e-001, 2.194381e+003,-2.279750e+003,-1.114405e+003, 3.305502e+003, 4.714082e+001,-8.165518e+001, 3.198682e+003, 0.000000e+000, 0.000000e+000, 0.000000e+000
 5.163000e-001, 2.028129e+003,-1.945533e+003,-1.344351e+003, 3.469008e+003, 4.709655e+001,-8.391880e+001, 3.357454e+003, 0.000000e+000, 0.000000e+000, 0.000000e+000
 5.163500e-001, 2.227524e+003,-2.202387e+003,-1.239686e+003, 3.631250e+003, 4.864312e+001,-8.573340e+001, 3.515005e+003, 0.000000e+000, 0.000000e+000, 0.000000e+000
 5.164000e-001, 2.059104e+003,-1.820450e+003,-1.455485e+003, 3.792216e+003, 4.866659e+001,-8.798882e+001, 3.671495e+003, 0.000000e+000, 0.000000e+000, 0.000000e+000
 5.164500e-001, 2.256965e+003,-2.118487e+003,-1.364479e+003, 3.951849e+003, 5.003566e+001,-8.970034e+001, 3.826340e+003, 0.000000e+000, 0.000000e+000, 0.000000e+000
 5.165000e-001, 2.087749e+003,-1.696499e+003,-1.563337e+003, 4.110044e+003, 5.014773e+001,-9.194033e+001, 3.980327e+003, 0.000000e+000, 0.000000e+000, 0.000000e+000
 5.165500e-001, 2.282552e+003,-2.027575e+003,-1.488498e+003, 4.266845e+003, 5.131837e+001,-9.354967e+001, 4.132244e+003, 0.000000e+000, 0.000000e+000, 0.000000e+000
 5.166000e-001, 2.114127e+003,-1.574396e+003,-1.667883e+003, 4.422039e+003, 5.153636e+001,-9.576559e+001, 4.283510e+003, 0.000000e+000, 0.000000e+000, 0.000000e+000
 5.166500e-001, 2.304156e+003,-1.929302e+003,-1.611416e+003, 4.575788e+003, 5.249211e+001,-9.727508e+001, 4.432284e+003, 0.000000e+000, 0.000000e+000, 0.000000e+000
 5.167000e-001, 2.138279e+003,-1.454734e+003,-1.769142e+003, 4.727759e+003, 5.282907e+001,-9.945724e+001, 4.580612e+003, 0.000000e+000, 0.000000e+000, 0.000000e+000
 5.167500e-001, 2.321684e+003,-1.823460e+003,-1.732879e+003, 4.878238e+003, 5.355862e+001,-1.008703e+002, 4.726033e+003, 0.000000e+000, 0.000000e+000, 0.000000e+000
 5.168000e-001, 2.160219e+003,-1.337959e+003,-1.867161e+003, 5.026768e+003, 5.402276e+001,-1.030082e+002, 4.871211e+003, 0.000000e+000, 0.000000e+000, 0.000000e+000
 5.168500e-001, 2.335080e+003,-1.710004e+003,-1.852512e+003, 5.173764e+003, 5.452042e+001,-1.043291e+002, 5.013073e+003, 0.000000e+000, 0.000000e+000, 0.000000e+000
 5.169000e-001, 2.179933e+003,-1.224362e+003,-1.962012e+003, 5.318641e+003, 5.511474e+001,-1.064118e+002, 5.154895e+003, 0.000000e+000, 0.000000e+000, 0.000000e+000
 5.169500e-001, 2.344327e+003,-1.589051e+003,-1.969932e+003, 5.461944e+003, 5.538070e+001,-1.076451e+002, 5.292997e+003, 0.000000e+000, 0.000000e+000, 0.000000e+000
 5.170000e-001, 2.197370e+003,-1.114067e+003,-2.053773e+003, 5.602964e+003, 5.610283e+001,-1.096617e+002, 5.431260e+003, 0.000000e+000, 0.000000e+000, 0.000000e+000
 5.170500e-001, 2.349453e+003,-1.460893e+003,-2.084758e+003, 5.742369e+003, 5.614316e+001,-1.108120e+002, 5.565407e+003, 0.000000e+000, 0.000000e+000, 0.000000e+000
 5.171000e-001, 2.212448e+003,-1.007036e+003,-2.142529e+003, 5.879331e+003, 5.698545e+001,-1.127518e+002, 5.699914e+003, 0.000000e+000, 0.000000e+000, 0.000000e+000
 5.171500e-001, 2.350526e+003,-1.325987e+003,-2.196616e+003, 6.014636e+003, 5.681195e+001,-1.138238e+002, 5.829916e+003, 0.000000e+000, 0.000000e+000, 0.000000e+000
 5.172000e-001, 2.225054e+003,-9.030764e+002,-2.228356e+003, 6.147351e+003, 5.776169e+001,-1.156764e+002, 5.960475e+003, 0.000000e+000, 0.000000e+000, 0.000000e+000
 5.172500e-001, 2.347656e+003,-1.184946e+003,-2.305152e+003, 6.278359e+003, 5.739143e+001,-1.166743e+002, 6.086148e+003, 0.000000e+000, 0.000000e+000, 0.000000e+000
 5.173000e-001, 2.235042e+003,-8.018475e+002,-2.311319e+003, 6.406640e+003, 5.843135e+001,-1.184303e+002, 6.212571e+003, 0.000000e+000, 0.000000e+000, 0.000000e+000
 5.173500e-001, 2.340989e+003,-1.038521e+003,-2.410032e+003, 6.533160e+003, 5.788610e+001,-1.193579e+002, 6.333741e+003, 0.000000e+000, 0.000000e+000, 0.000000e+000
 5.174000e-001, 2.242244e+003,-7.028853e+002,-2.391467e+003, 6.656830e+003, 5.899499e+001,-1.210088e+002, 6.455843e+003, 0.000000e+000, 0.000000e+000, 0.000000e+000
 5.174500e-001, 2.330700e+003,-8.875829e+002,-2.510951e+003, 6.778675e+003, 5.830039e+001,-1.218692e+002, 6.572341e+003, 0.000000e+000, 0.000000e+000, 0.000000e+000
 5.175000e-001, 2.246471e+003,-6.056225e+002,-2.468828e+003, 6.897564e+003, 5.945390e+001,-1.234075e+002, 6.689941e+003, 0.000000e+000, 0.000000e+000, 0.000000e+000
 5.175500e-001, 2.316994e+003,-7.330964e+002,-2.607636e+003, 7.014555e+003, 5.863859e+001,-1.242033e+002, 6.801612e+003, 0.000000e+000, 0.000000e+000, 0.000000e+000
 5.176000e-001, 2.247521e+003,-5.094150e+002,-2.543411e+003, 7.128500e+003, 5.981007e+001,-1.256226e+002, 6.914529e+003, 0.000000e+000, 0.000000e+000, 0.000000e+000
 5.176500e-001, 2.300089e+003,-5.760901e+002,-2.699842e+003, 7.240462e+003, 5.890471e+001,-1.263554e+002, 7.021228e+003, 0.000000e+000, 0.000000e+000, 0.000000e+000
 5.177000e-001, 2.245188e+003,-4.135705e+002,-2.615201e+003, 7.349309e+003, 6.006617e+001,-1.276504e+002, 7.129283e+003, 0.000000e+000, 0.000000e+000, 0.000000e+000
 5.177500e-001, 2.280218e+003,-4.176293e+002,-2.787360e+003, 7.456075e+003, 5.910239e+001,-1.283213e+002, 7.230878e+003, 0.000000e+000, 0.000000e+000, 0.000000e+000
 5.178000e-001, 2.239267e+003,-3.173770e+002,-2.684162e+003, 7.559674e+003, 6.022543e+001,-1.294878e+002, 7.333895e+003, 0.000000e+000, 0.000000e+000, 0.000000e+000
 5.178500e-001, 2.257616e+003,-2.587853e+002,-2.870011e+003, 7.661086e+003, 5.923483e+001,-1.300971e+002, 7.430267e+003, 0.000000e+000, 0.000000e+000, 0.000000e+000
 5.179000e-001, 2.229561e+003,-2.201322e+002,-2.750236e+003, 7.759297e+003, 6.029160e+001,-1.311319e+002, 7.528068e+003, 0.000000e+000, 0.000000e+000, 0.000000e+000
 5.179500e-001, 2.232513e+003,-1.006073e+002,-2.947651e+003, 7.855203e+003, 5.930477e+001,-1.316791e+002, 7.619112e+003, 0.000000e+000, 0.000000e+000, 0.000000e+000
 5.180000e-001, 2.215891e+003,-1.211710e+002,-2.813344e+003, 7.947892e+003, 6.026886e+001,-1.325803e+002, 7.711523e+003, 0.000000e+000, 0.000000e+000, 0.000000e+000
 5.180500e-001, 2.205133e+003, 5.590544e+001,-3.020164e+003, 8.038149e+003, 5.931441e+001,-1.330642e+002, 7.797145e+003, 0.000000e+000, 0.000000e+000, 0.000000e+000
 5.181000e-001, 2.198099e+003,-1.989091e+001,-2.873389e+003, 8.125190e+003, 6.016165e+001,-1.338306e+002, 7.883996e+003, 0.000000e+000, 0.000000e+000, 0.000000e+000
 5.181500e-001, 2.175678e+003, 2.098275e+002,-3.087466e+003, 8.209664e+003, 5.926547e+001,-1.342497e+002, 7.964114e+003, 0.000000e+000, 0.000000e+000, 0.000000e+000
 5.182000e-001, 2.176055e+003, 8.422514e+001,-2.930254e+003, 8.290938e+003, 5.997467e+001,-1.348814e+002, 8.045238e+003, 0.000000e+000, 0.000000e+000, 0.000000e+000
 5.182500e-001, 2.144333e+003, 3.603297e+002,-3.149499e+003, 8.369504e+003, 5.915915e+001,-1.352335e+002, 8.119782e+003, 0.000000e+000, 0.000000e+000, 0.000000e+000
 5.183000e-001, 2.149661e+003, 1.915892e+002,-2.983812e+003, 8.444898e+003, 5.971271e+001,-1.357312e+002, 8.195018e+003, 0.000000e+000, 0.000000e+000, 0.000000e+000
 5.183500e-001, 2.111255e+003, 5.066966e+002,-3.206232e+003, 8.517441e+003, 5.899619e+001,-1.360137e+002, 8.263925e+003, 0.000000e+000, 0.000000e+000, 0.000000e+000
 5.184000e-001, 2.118857e+003, 3.024926e+002,-3.033921e+003, 8.586853e+003, 5.938063e+001,-1.363790e+002, 8.333121e+003, 0.000000e+000, 0.000000e+000, 0.000000e+000
 5.184500e-001, 2.076573e+003, 6.483411e+002,-3.257652e+003, 8.653267e+003, 5.877695e+001,-1.365892e+002, 8.396337e+003, 0.000000e+000, 0.000000e+000, 0.000000e+000
 5.185000e-001, 2.083622e+003, 4.170940e+002,-3.080435e+003, 8.716597e+003, 5.898323e+001,-1.368241e+002, 8.459353e+003, 0.000000e+000, 0.000000e+000, 0.000000e+000
 5.185500e-001, 2.040382e+003, 7.848145e+002,-3.303768e+003, 8.776786e+003, 5.850141e+001,-1.369590e+002, 8.516826e+003, 0.000000e+000, 0.000000e+000, 0.000000e+000
 5.186000e-001, 2.043976e+003, 5.354123e+002,-3.123205e+003, 8.833947e+003, 5.852518e+001,-1.370661e+002, 8.573532e+003, 0.000000e+000, 0.000000e+000, 0.000000e+000
 5.186500e-001, 2.002745e+003, 9.158122e+002,-3.344598e+003, 8.887825e+003, 5.816929e+001,-1.371225e+002, 8.625218e+003, 0.000000e+000, 0.000000e+000, 0.000000e+000
 5.187000e-001, 1.999983e+003, 6.573232e+002,-3.162085e+003, 8.938734e+003, 5.801096e+001,-1.371047e+002, 8.675501e+003, 0.000000e+000, 0.000000e+000, 0.000000e+000
 5.187500e-001, 1.963688e+003, 1.041175e+003,-3.380169e+003, 8.986227e+003, 5.778009e+001,-1.370797e+002, 8.721353e+003, 0.000000e+000, 0.000000e+000, 0.000000e+000
 5.188000e-001, 1.951750e+003, 7.825608e+002,-3.196938e+003, 9.030810e+003, 5.744471e+001,-1.369395e+002, 8.765115e+003, 0.000000e+000, 0.000000e+000, 0.000000e+000
 5.188500e-001, 1.923204e+003, 1.160887e+003,-3.410509e+003, 9.071851e+003, 5.733317e+001,-1.368307e+002, 8.805089e+003, 0.000000e+000, 0.000000e+000, 0.000000e+000
 5.189000e-001, 1.899424e+003, 9.107238e+002,-3.227639e+003, 9.110041e+003, 5.683020e+001,-1.365708e+002, 8.842253e+003, 0.000000e+000, 0.000000e+000, 0.000000e+000
 5.189500e-001, 1.881253e+003, 1.275066e+003,-3.435644e+003, 9.144576e+003, 5.682777e+001,-1.363760e+002, 8.876302e+003, 0.000000e+000, 0.000000e+000, 0.000000e+000
 5.190000e-001, 1.843194e+003, 1.041286e+003,-3.254085e+003, 9.176315e+003, 5.617072e+001,-1.359987e+002, 8.906808e+003, 0.000000e+000, 0.000000e+000, 0.000000e+000
 5.190500e-001, 1.837764e+003, 1.383950e+003,-3.455590e+003, 9.204301e+003, 5.626313e+001,-1.357166e+002, 8.934886e+003, 0.000000e+000, 0.000000e+000, 0.000000e+000
 5.191000e-001, 1.783286e+003, 1.173612e+003,-3.276191e+003, 9.229539e+003, 5.546898e+001,-1.352239e+002, 8.958692e+003, 0.000000e+000, 0.000000e+000, 0.000000e+000
 5.191500e-001, 1.792638e+003, 1.487885e+003,-3.470355e+003, 9.250939e+003, 5.563852e+001,-1.348540e+002, 8.980752e+003, 0.000000e+000, 0.000000e+000, 0.000000e+000
 5.192000e-001, 1.719955e+003, 1.306974e+003,-3.293901e+003, 9.269635e+003, 5.472709e+001,-1.342473e+002, 8.997837e+003, 0.000000e+000, 0.000000e+000, 0.000000e+000
 5.192500e-001, 1.745757e+003, 1.587302e+003,-3.479932e+003, 9.284428e+003, 5.495332e+001,-1.337899e+002, 9.013829e+003, 0.000000e+000, 0.000000e+000, 0.000000e+000
 5.193000e-001, 1.653484e+003, 1.440577e+003,-3.307184e+003, 9.296548e+003, 5.394649e+001,-1.330703e+002, 9.024192e+003, 0.000000e+000, 0.000000e+000, 0.000000e+000
 5.193500e-001, 1.696984e+003, 1.682690e+003,-3.484301e+003, 9.304718e+003, 5.420707e+001,-1.325266e+002, 9.034067e+003, 0.000000e+000, 0.000000e+000, 0.000000e+000
 5.194000e-001, 1.584177e+003, 1.573583e+003,-3.316036e+003, 9.310237e+003, 5.312792e+001,-1.316947e+002, 9.037724e+003, 0.000000e+000, 0.000000e+000, 0.000000e+000
 5.194500e-001, 1.646175e+003, 1.774579e+003,-3.483434e+003, 9.311781e+003, 5.339949e+001,-1.310667e+002, 9.041433e+003, 0.000000e+000, 0.000000e+000, 0.000000e+000
 5.195000e-001, 1.512347e+003, 1.705135e+003,-3.320474e+003, 9.310687e+003, 5.227145e+001,-1.301229e+002, 9.038416e+003, 0.000000e+000, 0.000000e+000, 0.000000e+000
 5.195500e-001, 1.593184e+003, 1.863505e+003,-3.477292e+003, 9.305610e+003, 5.253054e+001,-1.294131e+002, 9.035914e+003, 0.000000e+000, 0.000000e+000, 0.000000e+000
 5.196000e-001, 1.438315e+003, 1.834389e+003,-3.320537e+003, 9.297896e+003, 5.137645e+001,-1.283574e+002, 9.026272e+003, 0.000000e+000, 0.000000e+000, 0.000000e+000
 5.196500e-001, 1.537871e+003, 1.949989e+003,-3.465836e+003, 9.286212e+003, 5.160042e+001,-1.275689e+002, 9.017517e+003, 0.000000e+000, 0.000000e+000, 0.000000e+000
 5.197000e-001, 1.362396e+003, 1.960537e+003,-3.316273e+003, 9.271882e+003, 5.044168e+001,-1.264015e+002, 9.001313e+003, 0.000000e+000, 0.000000e+000, 0.000000e+000
 5.197500e-001, 1.480109e+003, 2.034508e+003,-3.449031e+003, 9.253616e+003, 5.060953e+001,-1.255376e+002, 8.986267e+003, 0.000000e+000, 0.000000e+000, 0.000000e+000
 5.198000e-001, 1.284895e+003, 2.082831e+003,-3.307738e+003, 9.232685e+003, 4.946532e+001,-1.242590e+002, 8.963577e+003, 0.000000e+000, 0.000000e+000, 0.000000e+000
 5.198500e-001, 1.419792e+003, 2.117476e+003,-3.426854e+003, 9.207869e+003, 4.955845e+001,-1.233229e+002, 8.942209e+003, 0.000000e+000, 0.000000e+000, 0.000000e+000
 5.199000e-001, 1.206098e+003, 2.200608e+003,-3.294986e+003, 9.180360e+003, 4.844508e+001,-1.219341e+002, 8.913119e+003, 0.000000e+000, 0.000000e+000, 0.000000e+000
 5.199500e-001, 1.356842e+003, 2.199221e+003,-3.399300e+003, 9.149037e+003, 4.844794e+001,-1.209287e+002, 8.885407e+003, 0.000000e+000, 0.000000e+000, 0.000000e+000
 5.200000e-001, 1.126266e+003, 2.313302e+003,-3.278061e+003, 9.114985e+003, 4.737831e+001,-1.194315e+002, 8.850013e+003, 0.000000e+000, 0.000000e+000, 0.000000e+000
 5.200500e-001, 1.291214e+003, 2.279975e+003,-3.366390e+003, 9.077202e+003, 4.727887e+001,-1.183594e+002, 8.815944e+003, 0.000000e+000, 0.000000e+000, 0.000000e+000
 5.201000e-001, 1.045633e+003, 2.420460e+003,-3.256992e+003, 9.036653e+003, 4.626215e+001,-1.167567e+002, 8.774349e+003, 0.000000e+000, 0.000000e+000, 0.000000e+000
 5.201500e-001, 1.222896e+003, 2.359861e+003,-3.328178e+003, 8.992469e+003, 4.605214e+001,-1.156195e+002, 8.733921e+003, 0.000000e+000, 0.000000e+000, 0.000000e+000
 5.202000e-001, 9.643988e+002, 2.521750e+003,-3.231787e+003, 8.945479e+003, 4.509363e+001,-1.139153e+002, 8.686234e+003, 0.000000e+000, 0.000000e+000, 0.000000e+000
 5.202500e-001, 1.151918e+003, 2.438893e+003,-3.284756e+003, 8.894957e+003, 4.476867e+001,-1.127139e+002, 8.639458e+003, 0.000000e+000, 0.000000e+000, 0.000000e+000
 5.203000e-001, 8.827304e+002, 2.616956e+003,-3.202428e+003, 8.841591e+003, 4.386982e+001,-1.109134e+002, 8.585794e+003, 0.000000e+000, 0.000000e+000, 0.000000e+000
 5.203500e-001, 1.078347e+003, 2.516975e+003,-3.236254e+003, 8.784806e+003, 4.342929e+001,-1.096478e+002, 8.532691e+003, 0.000000e+000, 0.000000e+000, 0.000000e+000
 5.204000e-001, 8.007605e+002, 2.705977e+003,-3.168872e+003, 8.725140e+003, 4.258796e+001,-1.077575e+002, 8.473170e+003, 0.000000e+000, 0.000000e+000, 0.000000e+000
 5.204500e-001, 1.002286e+003, 2.593913e+003,-3.182844e+003, 8.662172e+003, 4.203473e+001,-1.064265e+002, 8.413778e+003, 0.000000e+000, 0.000000e+000, 0.000000e+000
 5.205000e-001, 7.185901e+002, 2.788818e+003,-3.131048e+003, 8.596293e+003, 4.124552e+001,-1.044541e+002, 8.348521e+003, 0.000000e+000, 0.000000e+000, 0.000000e+000
 5.205500e-001, 9.238740e+002, 2.669423e+003,-3.124734e+003, 8.527231e+003, 4.058549e+001,-1.030556e+002, 8.282892e+003, 0.000000e+000, 0.000000e+000, 0.000000e+000
 5.206000e-001, 6.362919e+002, 2.865575e+003,-3.088861e+003, 8.455234e+003, 3.984032e+001,-1.010100e+002, 8.212021e+003, 0.000000e+000, 0.000000e+000, 0.000000e+000
 5.206500e-001, 8.432798e+002, 2.743151e+003,-3.062168e+003, 8.380176e+003, 3.908186e+001,-9.954122e+001, 8.140222e+003, 0.000000e+000, 0.000000e+000, 0.000000e+000
 5.207000e-001, 5.539143e+002, 2.936415e+003,-3.042200e+003, 8.302167e+003, 3.837057e+001,-9.743201e+001, 8.063865e+003, 0.000000e+000, 0.000000e+000, 0.000000e+000
 5.207500e-001, 7.606964e+002, 2.814690e+003,-2.995417e+003, 8.221215e+003, 3.752384e+001,-9.588951e+001, 7.985978e+003, 0.000000e+000, 0.000000e+000, 0.000000e+000
 5.208000e-001, 4.714874e+002, 3.001559e+003,-2.990941e+003, 8.137308e+003, 3.683492e+001,-9.372702e+001, 7.904260e+003, 0.000000e+000, 0.000000e+000, 0.000000e+000
 5.208500e-001, 6.763351e+002, 2.883603e+003,-2.924773e+003, 8.050576e+003, 3.591121e+001,-9.210708e+001, 7.820382e+003, 0.000000e+000, 0.000000e+000, 0.000000e+000
 5.209000e-001, 3.890292e+002, 3.061258e+003,-2.934955e+003, 7.960894e+003, 3.523252e+001,-8.990192e+001, 7.733429e+003, 0.000000e+000, 0.000000e+000, 0.000000e+000
 5.209500e-001, 5.904192e+002, 2.949444e+003,-2.850537e+003, 7.868501e+003, 3.424351e+001,-8.820082e+001, 7.643677e+003, 0.000000e+000, 0.000000e+000, 0.000000e+000
 5.210000e-001, 3.065515e+002, 3.115776e+003,-2.874125e+003, 7.773176e+003, 3.356301e+001,-8.596352e+001, 7.551614e+003, 0.000000e+000, 0.000000e+000, 0.000000e+000
 5.210500e-001, 5.031768e+002, 3.011776e+003,-2.773011e+003, 7.675251e+003, 3.252014e+001,-8.417789e+001, 7.456118e+003, 0.000000e+000, 0.000000e+000, 0.000000e+000
 5.211000e-001, 2.240670e+002, 3.165365e+003,-2.808347e+003, 7.574421e+003, 3.182659e+001,-8.191854e+001, 7.359070e+003, 0.000000e+000, 0.000000e+000, 0.000000e+000
 5.211500e-001, 4.148348e+002, 3.070195e+003,-2.692484e+003, 7.471101e+003, 3.074042e+001,-8.004568e+001, 7.257977e+003, 0.000000e+000, 0.000000e+000, 0.000000e+000
 5.212000e-001, 1.415946e+002, 3.210250e+003,-2.737549e+003, 7.364915e+003, 3.002393e+001,-7.777348e+001, 7.156067e+003, 0.000000e+000, 0.000000e+000, 0.000000e+000
 5.212500e-001, 3.256126e+002, 3.124342e+003,-2.609226e+003, 7.256341e+003, 2.890367e+001,-7.581166e+001, 7.049540e+003, 0.000000e+000, 0.000000e+000, 0.000000e+000
 5.213000e-001, 5.916452e+001, 3.250617e+003,-2.661694e+003, 7.144952e+003, 2.815623e+001,-7.353463e+001, 6.942892e+003, 0.000000e+000, 0.000000e+000, 0.000000e+000
 5.213500e-001, 2.357174e+002, 3.173920e+003,-2.523475e+003, 7.031279e+003, 2.700933e+001,-7.148338e+001, 6.831109e+003, 0.000000e+000, 0.000000e+000, 0.000000e+000
 5.214000e-001,-2.317722e+001, 3.286596e+003,-2.580793e+003, 6.914848e+003, 2.622513e+001,-6.920802e+001, 6.719845e+003, 0.000000e+000, 0.000000e+000, 0.000000e+000
 5.214500e-001, 1.453401e+002, 3.218699e+003,-2.435428e+003, 6.796235e+003, 2.505704e+001,-6.706836e+001, 6.603000e+003, 0.000000e+000, 0.000000e+000, 0.000000e+000
 5.215000e-001,-1.053662e+002, 3.318262e+003,-2.494912e+003, 6.674929e+003, 2.423266e+001,-6.479942e+001, 6.487239e+003, 0.000000e+000, 0.000000e+000, 0.000000e+000
 5.215500e-001, 5.465268e+001, 3.258523e+003,-2.345240e+003, 6.551543e+003, 2.304673e+001,-6.257405e+001, 6.365539e+003, 0.000000e+000, 0.000000e+000, 0.000000e+000
 5.216000e-001,-1.873182e+002, 3.345625e+003,-2.404171e+003, 6.425536e+003, 2.218121e+001,-6.031440e+001, 6.245404e+003, 0.000000e+000, 0.000000e+000, 0.000000e+000
 5.216500e-001,-3.619290e+001, 3.293310e+003,-2.253012e+003, 6.297553e+003, 2.097871e+001,-5.800777e+001, 6.119070e+003, 0.000000e+000, 0.000000e+000, 0.000000e+000
 5.217000e-001,-2.689285e+002, 3.368640e+003,-2.308753e+003, 6.167023e+003, 2.007343e+001,-5.575837e+001, 5.994682e+003, 0.000000e+000, 0.000000e+000, 0.000000e+000
 5.217500e-001,-1.270644e+002, 3.323046e+003,-2.158802e+003, 6.034625e+003, 1.885377e+001,-5.337664e+001, 5.863944e+003, 0.000000e+000, 0.000000e+000, 0.000000e+000
 5.218000e-001,-3.500741e+002, 3.387204e+003,-2.208896e+003, 5.899758e+003, 1.791223e+001,-5.113663e+001, 5.735426e+003, 0.000000e+000, 0.000000e+000, 0.000000e+000
 5.218500e-001,-2.178476e+002, 3.347781e+003,-2.062615e+003, 5.763132e+003, 1.667325e+001,-4.868756e+001, 5.600526e+003, 0.000000e+000, 0.000000e+000, 0.000000e+000
 5.219000e-001,-4.306158e+002, 3.401177e+003,-2.104892e+003, 5.624119e+003, 1.570070e+001,-4.645440e+001, 5.468004e+003, 0.000000e+000, 0.000000e+000, 0.000000e+000
 5.219500e-001,-3.084434e+002, 3.367613e+003,-1.964422e+003, 5.483461e+003, 1.443910e+001,-4.394714e+001, 5.329192e+003, 0.000000e+000, 0.000000e+000, 0.000000e+000
 5.220000e-001,-5.104024e+002, 3.410386e+003,-1.997078e+003, 5.340499e+003, 1.344210e+001,-4.171693e+001, 5.192797e+003, 0.000000e+000, 0.000000e+000, 0.000000e+000
 5.220500e-001,-3.987631e+002, 3.382675e+003,-1.864157e+003, 5.196010e+003, 1.215397e+001,-3.916164e+001, 5.050327e+003, 0.000000e+000, 0.000000e+000, 0.000000e+000
 5.221000e-001,-5.892761e+002, 3.414647e+003,-1.885825e+003, 5.049299e+003, 1.113982e+001,-3.692949e+001, 4.910195e+003, 0.000000e+000, 0.000000e+000, 0.000000e+000
 5.221500e-001,-4.887239e+002, 3.393119e+003,-1.761737e+003, 4.901187e+003, 9.821183e+000,-3.433695e+001, 4.764327e+003, 0.000000e+000, 0.000000e+000, 0.000000e+000
 5.222000e-001,-6.670780e+002, 3.413777e+003,-1.771527e+003, 4.750933e+003, 8.797352e+000,-3.209739e+001, 4.620602e+003, 0.000000e+000, 0.000000e+000, 0.000000e+000
 5.222500e-001,-5.782427e+002, 3.399099e+003,-1.657072e+003, 4.599409e+003, 7.444770e+000,-2.947856e+001, 4.471595e+003, 0.000000e+000, 0.000000e+000, 0.000000e+000
 5.223000e-001,-7.436544e+002, 3.407616e+003,-1.654581e+003, 4.445825e+003, 6.418304e+000,-2.722611e+001, 4.324431e+003, 0.000000e+000, 0.000000e+000, 0.000000e+000
 5.223500e-001,-6.672304e+002, 3.400752e+003,-1.550079e+003, 4.291104e+003, 5.029427e+000,-2.459158e+001, 4.172544e+003, 0.000000e+000, 0.000000e+000, 0.000000e+000
 5.224000e-001,-8.188632e+002, 3.396040e+003,-1.535378e+003, 4.134408e+003, 4.006383e+000,-2.232123e+001, 4.022106e+003, 0.000000e+000, 0.000000e+000, 0.000000e+000
 5.224500e-001,-7.555860e+002, 3.398186e+003,-1.440700e+003, 3.976711e+003, 2.580474e+000,-1.968078e+001, 3.867596e+003, 0.000000e+000, 0.000000e+000, 0.000000e+000
 5.225000e-001,-8.925796e+002, 3.378980e+003,-1.414286e+003, 3.817123e+003, 1.565420e+000,-1.738850e+001, 3.714061e+003, 0.000000e+000, 0.000000e+000, 0.000000e+000
 5.225500e-001,-8.431918e+002, 3.391461e+003,-1.328910e+003, 3.656674e+003, 1.037891e-001,-1.475066e+001, 3.557178e+003, 0.000000e+000, 0.000000e+000, 0.000000e+000
 5.226000e-001,-9.647010e+002, 3.356431e+003,-1.291633e+003, 3.494421e+003,-9.005874e-001,-1.243386e+001, 3.400738e+003, 0.000000e+000, 0.000000e+000, 0.000000e+000
 5.226500e-001,-9.299089e+002, 3.380580e+003,-1.214735e+003, 3.331447e+003,-2.394266e+000,-9.805541e+000, 3.241725e+003, 0.000000e+000, 0.000000e+000, 0.000000e+000
 5.227000e-001,-1.035151e+003, 3.328461e+003,-1.167703e+003, 3.166760e+003,-3.387419e+000,-7.463387e+000, 3.082587e+003, 0.000000e+000, 0.000000e+000, 0.000000e+000
 5.227500e-001,-1.015575e+003, 3.365486e+003,-1.098256e+003, 3.001490e+003,-4.906929e+000,-4.849602e+000, 2.921679e+003, 0.000000e+000, 0.000000e+000, 0.000000e+000
 5.228000e-001,-1.103880e+003, 3.295217e+003,-1.042723e+003, 2.834605e+003,-5.890564e+000,-2.483242e+000, 2.760064e+003, 0.000000e+000, 0.000000e+000, 0.000000e+000
 5.228500e-001,-1.100004e+003, 3.346055e+003,-9.796178e+002, 2.667272e+003,-7.427139e+000, 1.129977e-001, 2.597487e+003, 0.000000e+000, 0.000000e+000, 0.000000e+000
 5.229000e-001,-1.170869e+003, 3.256924e+003,-9.168627e+002, 2.498428e+003,-8.405156e+000, 2.500360e+000, 2.433634e+003, 0.000000e+000, 0.000000e+000, 0.000000e+000
 5.229500e-001,-1.182986e+003, 3.322103e+003,-8.590259e+002, 2.329265e+003,-9.947634e+000, 5.078043e+000, 2.269602e+003, 0.000000e+000, 0.000000e+000, 0.000000e+000
 5.230000e-001,-1.236122e+003, 3.213877e+003,-7.902347e+002, 2.158705e+003,-1.092591e+001, 7.481242e+000, 2.103763e+003, 0.000000e+000, 0.000000e+000, 0.000000e+000
 5.230500e-001,-1.264291e+003, 3.293392e+003,-7.367446e+002, 1.987948e+003,-1.246107e+001, 1.004117e+001, 1.938483e+003, 0.000000e+000, 0.000000e+000, 0.000000e+000
 5.231000e-001,-1.299668e+003, 3.166433e+003,-6.629012e+002, 1.815918e+003,-1.344709e+001, 1.245333e+001, 1.770925e+003, 0.000000e+000, 0.000000e+000, 0.000000e+000
 5.231500e-001,-1.343674e+003, 3.259643e+003,-6.130869e+002, 1.643804e+003,-1.496014e+001, 1.499779e+001, 1.604594e+003, 0.000000e+000, 0.000000e+000, 0.000000e+000
 5.232000e-001,-1.361553e+003, 3.114995e+003,-5.348840e+002, 1.470553e+003,-1.596249e+001, 1.741069e+001, 1.435596e+003, 0.000000e+000, 0.000000e+000, 0.000000e+000
 5.232500e-001,-1.420883e+003, 3.220556e+003,-4.884024e+002, 1.297323e+003,-1.743770e+001, 1.994298e+001, 1.268403e+003, 0.000000e+000, 0.000000e+000, 0.000000e+000
 5.233000e-001,-1.421832e+003, 3.059993e+003,-4.061789e+002, 1.123100e+003,-1.846542e+001, 2.234758e+001, 1.098255e+003, 0.000000e+000, 0.000000e+000, 0.000000e+000
 5.233500e-001,-1.495663e+003, 3.175823e+003,-3.630605e+002, 9.489933e+002,-1.988683e+001, 2.487142e+001, 9.303831e+002, 0.000000e+000, 0.000000e+000, 0.000000e+000
 5.234000e-001,-1.480559e+003, 3.001865e+003,-2.767731e+002, 7.740521e+002,-2.094876e+001, 2.725843e+001, 7.593816e+002, 0.000000e+000, 0.000000e+000, 0.000000e+000
 5.234500e-001,-1.567771e+003, 3.125156e+003,-2.374321e+002, 5.993108e+002,-2.230097e+001, 2.977735e+001, 5.910096e+002, 0.000000e+000, 0.000000e+000, 0.000000e+000
 5.235000e-001,-1.537786e+003, 2.941031e+003,-1.466629e+002, 4.239027e+002,-2.340501e+001, 3.213787e+001, 4.194571e+002, 0.000000e+000, 0.000000e+000, 0.000000e+000
 5.235500e-001,-1.636982e+003, 3.068308e+003,-1.118700e+002, 2.487710e+002,-2.467395e+001, 3.465452e+001, 2.507623e+002, 0.000000e+000, 0.000000e+000, 0.000000e+000
 5.236000e-001,-1.593543e+003, 2.877874e+003,-1.587373e+001, 7.314837e+001,-2.582632e+001, 3.698069e+001, 7.896290e+001, 0.000000e+000, 0.000000e+000, 0.000000e+000
 5.236500e-001,-1.703095e+003, 3.005091e+003, 1.330940e+001,-1.021284e+002,-2.699998e+001, 3.949624e+001,-8.987719e+001, 0.000000e+000, 0.000000e+000, 0.000000e+000
 5.237000e-001,-1.647838e+003, 2.812718e+003, 1.155235e+002,-2.777139e+002,-2.820463e+001, 4.178177e+001,-2.616199e+002, 0.000000e+000, 0.000000e+000, 0.000000e+000
 5.237500e-001,-1.765948e+003, 2.935400e+003, 1.378432e+002,-4.528894e+002,-2.927372e+001, 4.429542e+001,-4.304251e+002, 0.000000e+000, 0.000000e+000, 0.000000e+000
 5.238000e-001,-1.700646e+003, 2.745811e+003, 2.473972e+002,-6.281872e+002,-3.053173e+001, 4.653613e+001,-6.018114e+002, 0.000000e+000, 0.000000e+000, 0.000000e+000
 5.238500e-001,-1.825419e+003, 2.859225e+003, 2.615348e+002,-8.030135e+002,-3.149021e+001, 4.904466e+001,-7.703966e+002, 0.000000e+000, 0.000000e+000, 0.000000e+000
 5.239000e-001,-1.751904e+003, 2.677309e+003, 3.795444e+002,-9.777750e+002,-3.279945e+001, 5.123875e+001,-9.411328e+002, 0.000000e+000, 0.000000e+000, 0.000000e+000
 5.239500e-001,-1.881434e+003, 2.776662e+003, 3.842630e+002,-1.152003e+003,-3.364486e+001, 5.373635e+001,-1.109307e+003, 0.000000e+000, 0.000000e+000, 0.000000e+000
 5.240000e-001,-1.801508e+003, 2.607271e+003, 5.116859e+002,-1.325982e+003,-3.499974e+001, 5.588461e+001,-1.279108e+003, 0.000000e+000, 0.000000e+000, 0.000000e+000
 5.240500e-001,-1.933966e+003, 2.687922e+003, 5.059847e+002,-1.499363e+003,-3.573341e+001, 5.836278e+001,-1.446671e+003, 0.000000e+000, 0.000000e+000, 0.000000e+000
 5.241000e-001,-1.849312e+003, 2.535653e+003, 6.434661e+002,-1.672315e+003,-3.712486e+001, 6.046851e+001,-1.615261e+003, 0.000000e+000, 0.000000e+000, 0.000000e+000
 5.241500e-001,-1.983040e+003, 2.593328e+003, 6.267322e+002,-1.844599e+003,-3.775187e+001, 6.291626e+001,-1.782007e+003, 0.000000e+000, 0.000000e+000, 0.000000e+000
 5.242000e-001,-1.895129e+003, 2.462312e+003, 7.744595e+002,-2.016282e+003,-3.916756e+001, 6.498502e+001,-1.949122e+003, 0.000000e+000, 0.000000e+000, 0.000000e+000
 5.242500e-001,-2.028726e+003, 2.493309e+003, 7.466045e+002,-2.187220e+003,-3.969651e+001, 6.738922e+001,-2.114833e+003, 0.000000e+000, 0.000000e+000, 0.000000e+000
 5.243000e-001,-1.938737e+003, 2.387013e+003, 9.041832e+002,-2.357397e+003,-4.112116e+001, 6.942842e+001,-2.280222e+003, 0.000000e+000, 0.000000e+000, 0.000000e+000
 5.243500e-001,-2.071134e+003, 2.388391e+003, 8.657525e+002,-2.526739e+003,-4.156380e+001, 7.177436e+001,-2.444673e+003, 0.000000e+000, 0.000000e+000, 0.000000e+000
 5.244000e-001,-1.979883e+003, 2.309446e+003, 1.032114e+003,-2.695175e+003,-4.297974e+001, 7.379259e+001,-2.608096e+003, 0.000000e+000, 0.000000e+000, 0.000000e+000
 5.244500e-001,-2.110411e+003, 2.279176e+003, 9.843600e+002,-2.862674e+003,-4.335035e+001, 7.606468e+001,-2.771055e+003, 0.000000e+000, 0.000000e+000, 0.000000e+000
 5.245000e-001,-2.018293e+003, 2.229240e+003, 1.157711e+003,-3.029136e+003,-4.473820e+001, 7.807102e+001,-2.932283e+003, 0.000000e+000, 0.000000e+000, 0.000000e+000
 5.245500e-001,-2.146725e+003, 2.166325e+003, 1.102620e+003,-3.194546e+003,-4.505293e+001, 8.025359e+001,-3.093510e+003, 0.000000e+000, 0.000000e+000, 0.000000e+000
 5.246000e-001,-2.053680e+003, 2.145992e+003, 1.280439e+003,-3.358807e+003,-4.639240e+001, 8.225673e+001,-3.252327e+003, 0.000000e+000, 0.000000e+000, 0.000000e+000
 5.246500e-001,-2.180261e+003, 2.050532e+003, 1.220711e+003,-3.521885e+003,-4.666839e+001, 8.433496e+001,-3.411578e+003, 0.000000e+000, 0.000000e+000, 0.000000e+000
 5.247000e-001,-2.085760e+003, 2.059283e+003, 1.399798e+003,-3.683719e+003,-4.793913e+001, 8.634234e+001,-3.567777e+003, 0.000000e+000, 0.000000e+000, 0.000000e+000
 5.247500e-001,-2.211205e+003, 1.932499e+003, 1.338768e+003,-3.844225e+003,-4.819371e+001, 8.830313e+001,-3.724803e+003, 0.000000e+000, 0.000000e+000, 0.000000e+000
 5.248000e-001,-2.114259e+003, 1.968710e+003, 1.515344e+003,-4.003408e+003,-4.937621e+001, 9.032011e+001,-3.878188e+003, 0.000000e+000, 0.000000e+000, 0.000000e+000
 5.248500e-001,-2.239734e+003, 1.812908e+003, 1.456861e+003,-4.161107e+003,-4.962602e+001, 9.215291e+001,-4.032739e+003, 0.000000e+000, 0.000000e+000, 0.000000e+000
 5.249000e-001,-2.138926e+003, 1.873911e+003, 1.626719e+003,-4.317421e+003,-5.070247e+001, 9.418197e+001,-4.183119e+003, 0.000000e+000, 0.000000e+000, 0.000000e+000
 5.249500e-001,-2.266006e+003, 1.692400e+003, 1.574969e+003,-4.472083e+003,-5.096261e+001, 9.587955e+001,-4.334944e+003, 0.000000e+000, 0.000000e+000, 0.000000e+000
 5.250000e-001,-2.159545e+003, 1.774585e+003, 1.733669e+003,-4.625311e+003,-5.191771e+001, 9.791965e+001,-4.482139e+003, 0.000000e+000, 0.000000e+000, 0.000000e+000
 5.250500e-001,-2.290148e+003, 1.571545e+003, 1.692968e+003,-4.776709e+003,-5.220102e+001, 9.947863e+001,-4.630989e+003, 0.000000e+000, 0.000000e+000, 0.000000e+000
 5.251000e-001,-2.175944e+003, 1.670518e+003, 1.836058e+003,-4.926638e+003,-5.302270e+001, 1.015247e+002,-4.774821e+003, 0.000000e+000, 0.000000e+000, 0.000000e+000
 5.251500e-001,-2.312249e+003, 1.450829e+003, 1.810610e+003,-5.074553e+003,-5.333908e+001, 1.029460e+002,-4.920452e+003, 0.000000e+000, 0.000000e+000, 0.000000e+000
 5.252000e-001,-2.188000e+003, 1.561600e+003, 1.933883e+003,-5.220972e+003,-5.401907e+001, 1.049888e+002,-5.060750e+003, 0.000000e+000, 0.000000e+000, 0.000000e+000
 5.252500e-001,-2.332350e+003, 1.330631e+003, 1.927527e+003,-5.365192e+003,-5.437500e+001, 1.062777e+002,-5.202920e+003, 0.000000e+000, 0.000000e+000, 0.000000e+000
 5.253000e-001,-2.195649e+003, 1.447836e+003, 2.027271e+003,-5.507893e+003,-5.490921e+001, 1.083037e+002,-5.339519e+003, 0.000000e+000, 0.000000e+000, 0.000000e+000
 5.253500e-001,-2.350445e+003, 1.211215e+003, 2.043223e+003,-5.648213e+003,-5.530743e+001, 1.094698e+002,-5.477992e+003, 0.000000e+000, 0.000000e+000, 0.000000e+000
 5.254000e-001,-2.198887e+003, 1.329357e+003, 2.116477e+003,-5.786993e+003,-5.569620e+001, 1.114613e+002,-5.610727e+003, 0.000000e+000, 0.000000e+000, 0.000000e+000
 5.254500e-001,-2.366474e+003, 1.092727e+003, 2.157090e+003,-5.923213e+003,-5.613548e+001, 1.125182e+002,-5.745277e+003, 0.000000e+000, 0.000000e+000, 0.000000e+000
 5.255000e-001,-2.197772e+003, 1.206420e+003, 2.201874e+003,-6.057871e+003,-5.638359e+001, 1.144543e+002,-5.873988e+003, 0.000000e+000, 0.000000e+000, 0.000000e+000
 5.255500e-001,-2.380327e+003, 9.751880e+002, 2.268418e+003,-6.189802e+003,-5.685884e+001, 1.154189e+002,-6.004393e+003, 0.000000e+000, 0.000000e+000, 0.000000e+000
 5.256000e-001,-2.192418e+003, 1.079404e+003, 2.283930e+003,-6.320142e+003,-5.697533e+001, 1.172754e+002,-6.128926e+003, 0.000000e+000, 0.000000e+000, 0.000000e+000
 5.256500e-001,-2.391846e+003, 8.585060e+002, 2.376424e+003,-6.447600e+003,-5.747777e+001, 1.181674e+002,-6.254973e+003, 0.000000e+000, 0.000000e+000, 0.000000e+000
 5.257000e-001,-2.182997e+003, 9.488065e+002, 2.363185e+003,-6.573430e+003,-5.747559e+001, 1.199186e+002,-6.375175e+003, 0.000000e+000, 0.000000e+000, 0.000000e+000
 5.257500e-001,-2.400828e+003, 7.424835e+002, 2.480273e+003,-6.696240e+003,-5.799316e+001, 1.207593e+002,-6.496659e+003, 0.000000e+000, 0.000000e+000, 0.000000e+000
 5.258000e-001,-2.169727e+003, 8.152231e+002, 2.440221e+003,-6.817375e+003,-5.788860e+001, 1.223783e+002,-6.612381e+003, 0.000000e+000, 0.000000e+000, 0.000000e+000
 5.258500e-001,-2.407040e+003, 6.268345e+002, 2.579117e+003,-6.935369e+003,-5.840654e+001, 1.231894e+002,-6.729108e+003, 0.000000e+000, 0.000000e+000, 0.000000e+000
 5.259000e-001,-2.152866e+003, 6.793324e+002, 2.515628e+003,-7.051626e+003,-5.821861e+001, 1.246499e+002,-6.840207e+003, 0.000000e+000, 0.000000e+000, 0.000000e+000
 5.259500e-001,-2.410220e+003, 5.112050e+002, 2.672126e+003,-7.164646e+003,-5.872011e+001, 1.254526e+002,-6.951990e+003, 0.000000e+000, 0.000000e+000, 0.000000e+000
 5.260000e-001,-2.132699e+003, 5.418718e+002, 2.589969e+003,-7.275851e+003,-5.846967e+001, 1.267297e+002,-7.058324e+003, 0.000000e+000, 0.000000e+000, 0.000000e+000
 5.260500e-001,-2.410095e+003, 3.951964e+002, 2.758526e+003,-7.383744e+003,-5.893673e+001, 1.275431e+002,-7.164985e+003, 0.000000e+000, 0.000000e+000, 0.000000e+000
 5.261000e-001,-2.109530e+003, 4.036129e+002, 2.663743e+003,-7.489729e+003,-5.864562e+001, 1.286146e+002,-7.266419e+003, 0.000000e+000, 0.000000e+000, 0.000000e+000
 5.261500e-001,-2.406385e+003, 2.783918e+002, 2.837636e+003,-7.592350e+003,-5.905987e+001, 1.294550e+002,-7.367792e+003, 0.000000e+000, 0.000000e+000, 0.000000e+000
 5.262000e-001,-2.083669e+003, 2.653335e+002, 2.737352e+003,-7.692954e+003,-5.874995e+001, 1.303027e+002,-7.464196e+003, 0.000000e+000, 0.000000e+000, 0.000000e+000
 5.262500e-001,-2.398826e+003, 1.603827e+002, 2.908895e+003,-7.790166e+003,-5.909359e+001, 1.311823e+002,-7.560123e+003, 0.000000e+000, 0.000000e+000, 0.000000e+000
 5.263000e-001,-2.055418e+003, 1.277901e+002, 2.811069e+003,-7.885237e+003,-5.878578e+001, 1.317928e+002,-7.651368e+003, 0.000000e+000, 0.000000e+000, 0.000000e+000
 5.263500e-001,-2.387169e+003, 4.079673e+001, 2.971897e+003,-7.976910e+003,-5.904243e+001, 1.327186e+002,-7.741702e+003, 0.000000e+000, 0.000000e+000, 0.000000e+000
 5.264000e-001,-2.025061e+003,-8.309136e+000, 2.885016e+003,-8.066304e+003,-5.875578e+001, 1.330843e+002,-7.827667e+003, 0.000000e+000, 0.000000e+000, 0.000000e+000
 5.264500e-001,-2.371202e+003,-8.067722e+001, 3.026411e+003,-8.152314e+003,-5.891132e+001, 1.340578e+002,-7.912272e+003, 0.000000e+000, 0.000000e+000, 0.000000e+000
 5.265000e-001,-1.992855e+003,-1.423293e+002, 2.959143e+003,-8.235898e+003,-5.866219e+001, 1.341772e+002,-7.992840e+003, 0.000000e+000, 0.000000e+000, 0.000000e+000
 5.265500e-001,-2.350753e+003,-2.042657e+002, 3.072391e+003,-8.316129e+003,-5.870546e+001, 1.351939e+002,-8.071590e+003, 0.000000e+000, 0.000000e+000, 0.000000e+000
 5.266000e-001,-1.959018e+003,-2.737308e+002, 3.033217e+003,-8.393777e+003,-5.850680e+001, 1.350721e+002,-8.146649e+003, 0.000000e+000, 0.000000e+000, 0.000000e+000
 5.266500e-001,-2.325701e+003,-3.300916e+002, 3.109993e+003,-8.468119e+003,-5.843024e+001, 1.361211e+002,-8.219432e+003, 0.000000e+000, 0.000000e+000, 0.000000e+000
 5.267000e-001,-1.923724e+003,-4.020868e+002, 3.106823e+003,-8.539717e+003,-5.829098e+001, 1.357699e+002,-8.288872e+003, 0.000000e+000, 0.000000e+000, 0.000000e+000
 5.267500e-001,-2.295977e+003,-4.581590e+002, 3.139563e+003,-8.608066e+003,-5.809102e+001, 1.368344e+002,-8.355585e+003, 0.000000e+000, 0.000000e+000, 0.000000e+000
 5.268000e-001,-1.887099e+003,-5.270954e+002, 3.179366e+003,-8.673509e+003,-5.801572e+001, 1.362718e+002,-8.419303e+003, 0.000000e+000, 0.000000e+000, 0.000000e+000
 5.268500e-001,-2.261576e+003,-5.883446e+002, 3.161632e+003,-8.735771e+003,-5.769308e+001, 1.373291e+002,-8.479858e+003, 0.000000e+000, 0.000000e+000, 0.000000e+000
 5.269000e-001,-1.849217e+003,-6.485870e+002, 3.250089e+003,-8.794966e+003,-5.768174e+001, 1.365789e+002,-8.537755e+003, 0.000000e+000, 0.000000e+000, 0.000000e+000
 5.269500e-001,-2.222549e+003,-7.203940e+002, 3.176896e+003,-8.851050e+003,-5.724141e+001, 1.376015e+002,-8.592075e+003, 0.000000e+000, 0.000000e+000, 0.000000e+000
 5.270000e-001,-1.810102e+003,-7.665245e+002, 3.318097e+003,-8.903913e+003,-5.728947e+001, 1.366924e+002,-8.644056e+003, 0.000000e+000, 0.000000e+000, 0.000000e+000
 5.270500e-001,-2.179006e+003,-8.539247e+002, 3.186188e+003,-8.953737e+003,-5.674063e+001, 1.376490e+002,-8.692077e+003, 0.000000e+000, 0.000000e+000, 0.000000e+000
 5.271000e-001,-1.769729e+003,-8.809981e+002, 3.382384e+003,-9.000197e+003,-5.683920e+001, 1.366134e+002,-8.738051e+003, 0.000000e+000, 0.000000e+000, 0.000000e+000
 5.271500e-001,-2.131111e+003,-9.884347e+002, 3.190445e+003,-9.043688e+003,-5.619484e+001, 1.374699e+002,-8.779723e+003, 0.000000e+000, 0.000000e+000, 0.000000e+000
 5.272000e-001,-1.728031e+003,-9.922144e+002, 3.441873e+003,-9.083682e+003,-5.633112e+001, 1.363428e+002,-8.819606e+003, 0.000000e+000, 0.000000e+000, 0.000000e+000
 5.272500e-001,-2.079077e+003,-1.123317e+003, 3.190671e+003,-9.120771e+003,-5.560747e+001, 1.370635e+002,-8.854888e+003, 0.000000e+000, 0.000000e+000, 0.000000e+000
 5.273000e-001,-1.684903e+003,-1.100479e+003, 3.495455e+003,-9.154249e+003,-5.576536e+001, 1.358811e+002,-8.888603e+003, 0.000000e+000, 0.000000e+000, 0.000000e+000
 5.273500e-001,-2.023154e+003,-1.257879e+003, 3.187891e+003,-9.184877e+003,-5.498127e+001, 1.364305e+002,-8.917467e+003, 0.000000e+000, 0.000000e+000, 0.000000e+000
 5.274000e-001,-1.640215e+003,-1.206179e+003, 3.542032e+003,-9.211799e+003,-5.514208e+001, 1.352289e+002,-8.944939e+003, 0.000000e+000, 0.000000e+000, 0.000000e+000
 5.274500e-001,-1.963626e+003,-1.391365e+003, 3.183115e+003,-9.235916e+003,-5.431819e+001, 1.355728e+002,-8.967371e+003, 0.000000e+000, 0.000000e+000, 0.000000e+000
 5.275000e-001,-1.593817e+003,-1.309751e+003, 3.580559e+003,-9.256249e+003,-5.446150e+001, 1.343862e+002,-8.988538e+003, 0.000000e+000, 0.000000e+000, 0.000000e+000
 5.275500e-001,-1.900795e+003,-1.522983e+003, 3.177287e+003,-9.273813e+003,-5.361934e+001, 1.344935e+002,-9.004530e+003, 0.000000e+000, 0.000000e+000, 0.000000e+000
 5.276000e-001,-1.545552e+003,-1.411665e+003, 3.610089e+003,-9.287539e+003,-5.372394e+001, 1.333529e+002,-9.019334e+003, 0.000000e+000, 0.000000e+000, 0.000000e+000
 5.276500e-001,-1.834973e+003,-1.651932e+003, 3.171253e+003,-9.298519e+003,-5.288503e+001, 1.331967e+002,-9.028892e+003, 0.000000e+000, 0.000000e+000, 0.000000e+000
 5.277000e-001,-1.495266e+003,-1.512387e+003, 3.629806e+003,-9.305623e+003,-5.292986e+001, 1.321290e+002,-9.037284e+003, 0.000000e+000, 0.000000e+000, 0.000000e+000
 5.277500e-001,-1.766472e+003,-1.777431e+003, 3.165718e+003,-9.309995e+003,-5.211476e+001, 1.316877e+002,-9.040421e+003, 0.000000e+000, 0.000000e+000, 0.000000e+000
 5.278000e-001,-1.442817e+003,-1.612359e+003, 3.639065e+003,-9.310476e+003,-5.207982e+001, 1.307142e+002,-9.042364e+003, 0.000000e+000, 0.000000e+000, 0.000000e+000
 5.278500e-001,-1.695593e+003,-1.898743e+003, 3.161220e+003,-9.308229e+003,-5.130728e+001, 1.299725e+002,-9.039103e+003, 0.000000e+000, 0.000000e+000, 0.000000e+000
 5.279000e-001,-1.388087e+003,-1.711968e+003, 3.637413e+003,-9.302092e+003,-5.117455e+001, 1.291084e+002,-9.034568e+003, 0.000000e+000, 0.000000e+000, 0.000000e+000
 5.279500e-001,-1.622616e+003,-2.015205e+003, 3.158107e+003,-9.293222e+003,-5.046067e+001, 1.280581e+002,-9.024936e+003, 0.000000e+000, 0.000000e+000, 0.000000e+000
 5.280000e-001,-1.330984e+003,-1.811525e+003, 3.624613e+003,-9.280482e+003,-5.021487e+001, 1.273114e+002,-9.013908e+003, 0.000000e+000, 0.000000e+000, 0.000000e+000
 5.280500e-001,-1.547798e+003,-2.126248e+003, 3.156518e+003,-9.264999e+003,-4.957246e+001, 1.259519e+002,-8.997942e+003, 0.000000e+000, 0.000000e+000, 0.000000e+000
 5.281000e-001,-1.271457e+003,-1.911246e+003, 3.600650e+003,-9.245680e+003,-4.920168e+001, 1.253238e+002,-8.980416e+003, 0.000000e+000, 0.000000e+000, 0.000000e+000
 5.281500e-001,-1.471359e+003,-2.231410e+003, 3.156381e+003,-9.223602e+003,-4.863966e+001, 1.236620e+002,-8.958159e+003, 0.000000e+000, 0.000000e+000, 0.000000e+000
 5.282000e-001,-1.209492e+003,-2.011235e+003, 3.565738e+003,-9.197732e+003,-4.813587e+001, 1.231463e+002,-8.934143e+003, 0.000000e+000, 0.000000e+000, 0.000000e+000
 5.282500e-001,-1.393486e+003,-2.330359e+003, 3.157414e+003,-9.169089e+003,-4.765899e+001, 1.211965e+002,-8.905643e+003, 0.000000e+000, 0.000000e+000, 0.000000e+000
 5.283000e-001,-1.145120e+003,-2.111477e+003, 3.520308e+003,-9.136710e+003,-4.701835e+001, 1.207802e+002,-8.875157e+003, 0.000000e+000, 0.000000e+000, 0.000000e+000
 5.283500e-001,-1.314326e+003,-2.422891e+003, 3.159133e+003,-9.101542e+003,-4.662689e+001, 1.185639e+002,-8.840467e+003, 0.000000e+000, 0.000000e+000, 0.000000e+000
 5.284000e-001,-1.078416e+003,-2.211829e+003, 3.464999e+003,-9.062699e+003,-4.584990e+001, 1.182276e+002,-8.803545e+003, 0.000000e+000, 0.000000e+000, 0.000000e+000
 5.284500e-001,-1.233988e+003,-2.508938e+003, 3.160877e+003,-9.021058e+003,-4.553976e+001, 1.157723e+002,-8.762725e+003, 0.000000e+000, 0.000000e+000, 0.000000e+000
 5.285000e-001,-1.009495e+003,-2.312025e+003, 3.400628e+003,-8.975807e+003,-4.463121e+001, 1.154912e+002,-8.719412e+003, 0.000000e+000, 0.000000e+000, 0.000000e+000
 5.285500e-001,-1.152546e+003,-2.588563e+003, 3.161827e+003,-8.927752e+003,-4.439404e+001, 1.128301e+002,-8.672525e+003, 0.000000e+000, 0.000000e+000, 0.000000e+000
 5.286000e-001,-9.385137e+002,-2.411681e+003, 3.328167e+003,-8.876155e+003,-4.336273e+001, 1.125748e+002,-8.622882e+003, 0.000000e+000, 0.000000e+000, 0.000000e+000
 5.286500e-001,-1.070042e+003,-2.661951e+003, 3.161046e+003,-8.821760e+003,-4.318630e+001, 1.097449e+002,-8.569998e+003, 0.000000e+000, 0.000000e+000, 0.000000e+000
 5.287000e-001,-8.656620e+002,-2.510303e+003, 3.248707e+003,-8.763888e+003,-4.204475e+001, 1.094828e+002,-8.514094e+003, 0.000000e+000, 0.000000e+000, 0.000000e+000
 5.287500e-001,-9.864902e+002,-2.729397e+003, 3.157508e+003,-8.703233e+003,-4.191347e+001, 1.065243e+002,-8.455289e+003, 0.000000e+000, 0.000000e+000, 0.000000e+000
 5.288000e-001,-7.911576e+002,-2.607309e+003, 3.163414e+003,-8.639165e+003,-4.067726e+001, 1.062208e+002,-8.393206e+003, 0.000000e+000, 0.000000e+000, 0.000000e+000
 5.288500e-001,-9.018858e+002,-2.791289e+003, 3.150143e+003,-8.572343e+003,-4.057282e+001, 1.031751e+002,-8.328561e+003, 0.000000e+000, 0.000000e+000, 0.000000e+000
 5.289000e-001,-7.152384e+002,-2.702045e+003, 3.073496e+003,-8.502166e+003,-3.926001e+001, 1.027949e+002,-8.260395e+003, 0.000000e+000, 0.000000e+000, 0.000000e+000
 5.289500e-001,-8.162110e+002,-2.848082e+003, 3.137877e+003,-8.429275e+003,-3.916215e+001, 9.970381e+001,-8.189995e+003, 0.000000e+000, 0.000000e+000, 0.000000e+000
 5.290000e-001,-6.381548e+002,-2.793807e+003, 2.980153e+003,-8.353084e+003,-3.779248e+001, 9.921246e+001,-8.115850e+003, 0.000000e+000, 0.000000e+000, 0.000000e+000
 5.290500e-001,-7.294431e+002,-2.900283e+003, 3.119675e+003,-8.274236e+003,-3.767979e+001, 9.611626e+001,-8.039790e+003, 0.000000e+000, 0.000000e+000, 0.000000e+000
 5.291000e-001,-5.601613e+002,-2.881867e+003, 2.884545e+003,-8.192135e+003,-3.627386e+001, 9.548139e+001,-7.959782e+003, 0.000000e+000, 0.000000e+000, 0.000000e+000
 5.291500e-001,-6.415631e+002,-2.948418e+003, 3.094575e+003,-8.107445e+003,-3.612468e+001, 9.241779e+001,-7.878159e+003, 0.000000e+000, 0.000000e+000, 0.000000e+000
 5.292000e-001,-4.815076e+002,-2.965499e+003, 2.787747e+003,-8.019547e+003,-3.470314e+001, 9.161034e+001,-7.792414e+003, 0.000000e+000, 0.000000e+000, 0.000000e+000
 5.292500e-001,-5.525630e+002,-2.993011e+003, 3.061730e+003,-7.929141e+003,-3.449639e+001, 8.861322e+001,-7.705333e+003, 0.000000e+000, 0.000000e+000, 0.000000e+000
 5.293000e-001,-4.024315e+002,-3.044004e+003, 2.690718e+003,-7.835567e+003,-3.307908e+001, 8.760856e+001,-7.613988e+003, 0.000000e+000, 0.000000e+000, 0.000000e+000
 5.293500e-001,-4.624533e+002,-3.034562e+003, 3.020436e+003,-7.739578e+003,-3.279515e+001, 8.470692e+001,-7.521560e+003, 0.000000e+000, 0.000000e+000, 0.000000e+000
 5.294000e-001,-3.231514e+002,-3.116732e+003, 2.594271e+003,-7.640458e+003,-3.140034e+001, 8.348569e+001,-7.424758e+003, 0.000000e+000, 0.000000e+000, 0.000000e+000
 5.294500e-001,-3.712686e+002,-3.073515e+003, 2.970157e+003,-7.539025e+003,-3.102181e+001, 8.070287e+001,-7.327100e+003, 0.000000e+000, 0.000000e+000, 0.000000e+000
 5.295000e-001,-2.438606e+002,-3.183108e+003, 2.499055e+003,-7.434498e+003,-2.966550e+001, 7.925167e+001,-7.224998e+003, 0.000000e+000, 0.000000e+000, 0.000000e+000
 5.295500e-001,-2.790734e+002,-3.110249e+003, 2.910545e+003,-7.327768e+003,-2.917784e+001, 7.660477e+001,-7.122232e+003, 0.000000e+000, 0.000000e+000, 0.000000e+000
 5.296000e-001,-1.647227e+002,-3.242647e+003, 2.405535e+003,-7.217981e+003,-2.787320e+001, 7.491657e+001,-7.014991e+003, 0.000000e+000, 0.000000e+000, 0.000000e+000
 5.296500e-001,-1.859644e+002,-3.145052e+003, 2.841449e+003,-7.106106e+003,-2.726529e+001, 7.241613e+001,-6.907247e+003, 0.000000e+000, 0.000000e+000, 0.000000e+000
 5.297000e-001,-8.586877e+001,-3.294969e+003, 2.313987e+003,-6.991216e+003,-2.602215e+001, 7.049041e+001,-6.795040e+003, 0.000000e+000, 0.000000e+000, 0.000000e+000
 5.297500e-001,-9.207311e+001,-3.178117e+003, 2.762919e+003,-6.874356e+003,-2.528672e+001, 6.814034e+001,-6.682451e+003, 0.000000e+000, 0.000000e+000, 0.000000e+000
 5.298000e-001,-7.396022e+000,-3.339813e+003, 2.224500e+003,-6.754526e+003,-2.411133e+001, 6.598302e+001,-6.565458e+003, 0.000000e+000, 0.000000e+000, 0.000000e+000
 5.298500e-001, 2.434837e+000,-3.209524e+003, 2.675200e+003,-6.632846e+003,-2.324516e+001, 6.378082e+001,-6.448165e+003, 0.000000e+000, 0.000000e+000, 0.000000e+000
 5.299000e-001, 7.063146e+001,-3.377041e+003, 2.136981e+003,-6.508250e+003,-2.214000e+001, 6.140390e+001,-6.326574e+003, 0.000000e+000, 0.000000e+000, 0.000000e+000
 5.299500e-001, 9.736113e+001,-3.239246e+003, 2.578720e+003,-6.381919e+003,-2.114400e+001, 5.934114e+001,-6.204721e+003, 0.000000e+000, 0.000000e+000, 0.000000e+000
 5.300000e-001, 1.481806e+002,-3.406635e+003, 2.051175e+003,-6.252735e+003,-2.010783e+001, 5.676210e+001,-6.078727e+003, 0.000000e+000, 0.000000e+000, 0.000000e+000
 5.300500e-001, 1.924783e+002,-3.267147e+003, 2.474074e+003,-6.121931e+003,-1.898697e+001, 5.482509e+001,-5.952466e+003, 0.000000e+000, 0.000000e+000, 0.000000e+000
 5.301000e-001, 2.252454e+002,-3.428700e+003, 1.966680e+003,-5.988347e+003,-1.801500e+001, 5.206610e+001,-5.822270e+003, 0.000000e+000, 0.000000e+000, 0.000000e+000
 5.301500e-001, 2.875345e+002,-3.292988e+003, 2.361996e+003,-5.853251e+003,-1.677804e+001, 5.023674e+001,-5.691760e+003, 0.000000e+000, 0.000000e+000, 0.000000e+000
 5.302000e-001, 3.018421e+002,-3.443451e+003, 1.882979e+003,-5.715462e+003,-1.586225e+001, 4.732377e+001,-5.557568e+003, 0.000000e+000, 0.000000e+000, 0.000000e+000
 5.302500e-001, 3.822596e+002,-3.316437e+003, 2.243330e+003,-5.576262e+003,-1.452136e+001, 4.558051e+001,-5.422973e+003, 0.000000e+000, 0.000000e+000, 0.000000e+000
 5.303000e-001, 3.780027e+002,-3.451202e+003, 1.799470e+003,-5.434467e+003,-1.365095e+001, 4.254224e+001,-5.284996e+003, 0.000000e+000, 0.000000e+000, 0.000000e+000
 5.303500e-001, 4.763719e+002,-3.337085e+003, 2.119000e+003,-5.291354e+003,-1.222122e+001, 4.086126e+001,-5.146487e+003, 0.000000e+000, 0.000000e+000, 0.000000e+000
 5.304000e-001, 4.537684e+002,-3.452347e+003, 1.715492e+003,-5.145761e+003,-1.138320e+001, 3.772796e+001,-5.004941e+003, 0.000000e+000, 0.000000e+000, 0.000000e+000
 5.304500e-001, 5.695858e+002,-3.354463e+003, 1.989977e+003,-4.998934e+003,-9.882023e+000, 3.608419e+001,-4.862698e+003, 0.000000e+000, 0.000000e+000, 0.000000e+000
 5.305000e-001, 5.291825e+002,-3.447350e+003, 1.630368e+003,-4.849753e+003,-9.061777e+000, 3.288665e+001,-4.717798e+003, 0.000000e+000, 0.000000e+000, 0.000000e+000
 5.305500e-001, 6.616186e+002,-3.368062e+003, 1.857242e+003,-4.699417e+003,-7.508221e+000, 3.125496e+001,-4.572009e+003, 0.000000e+000, 0.000000e+000, 0.000000e+000
 5.306000e-001, 6.042834e+002,-3.436715e+003, 1.543429e+003,-4.546865e+003,-6.690248e+000, 2.802338e+001,-4.423973e+003, 0.000000e+000, 0.000000e+000, 0.000000e+000
 5.306500e-001, 7.521985e+002,-3.377348e+003, 1.721761e+003,-4.393226e+003,-5.104333e+000, 2.637957e+001,-4.274835e+003, 0.000000e+000, 0.000000e+000, 0.000000e+000
 5.307000e-001, 6.790978e+002,-3.420974e+003, 1.454047e+003,-4.237525e+003,-4.272900e+000, 2.314258e+001,-4.123879e+003, 0.000000e+000, 0.000000e+000, 0.000000e+000
 5.307500e-001, 8.410705e+002,-3.381790e+003, 1.584447e+003,-4.080798e+003,-2.674927e+000, 2.146436e+001,-3.971600e+003, 0.000000e+000, 0.000000e+000, 0.000000e+000
 5.308000e-001, 7.536355e+002,-3.400661e+003, 1.361663e+003,-3.922171e+003,-1.814743e+000, 1.824817e+001,-3.817941e+003, 0.000000e+000, 0.000000e+000, 0.000000e+000
 5.308500e-001, 9.280024e+002,-3.380874e+003, 1.446145e+003,-3.762575e+003,-2.246188e-001, 1.651593e+001,-3.662737e+003, 0.000000e+000, 0.000000e+000, 0.000000e+000
 5.309000e-001, 8.278840e+002,-3.376297e+003, 1.265805e+003,-3.601251e+003, 6.785318e-001, 1.334369e+001,-3.506589e+003, 0.000000e+000, 0.000000e+000, 0.000000e+000
 5.309500e-001, 1.012789e+003,-3.374126e+003, 1.307605e+003,-3.439009e+003, 2.241913e+000, 1.154111e+001,-3.348685e+003, 0.000000e+000, 0.000000e+000, 0.000000e+000
 5.310000e-001, 9.018057e+002,-3.348370e+003, 1.166108e+003,-3.275219e+003, 3.200614e+000, 8.432345e+000,-3.190260e+003, 0.000000e+000, 0.000000e+000, 0.000000e+000
 5.310500e-001, 1.095255e+003,-3.361125e+003, 1.169472e+003,-3.110560e+003, 4.719908e+000, 6.546852e+000,-3.029894e+003, 0.000000e+000, 0.000000e+000, 0.000000e+000
 5.311000e-001, 9.753358e+002,-3.317320e+003, 1.062321e+003,-2.944536e+003, 5.744638e+000, 3.517197e+000,-2.869400e+003, 0.000000e+000, 0.000000e+000, 0.000000e+000
 5.311500e-001, 1.175256e+003,-3.341517e+003, 1.032277e+003,-2.777692e+003, 7.204510e+000, 1.540164e+000,-2.706816e+003, 0.000000e+000, 0.000000e+000, 0.000000e+000
 5.312000e-001, 1.048382e+003,-3.283527e+003, 9.543162e+002,-2.609671e+003, 8.303264e+000,-1.398749e+000,-2.544460e+003, 0.000000e+000, 0.000000e+000, 0.000000e+000
 5.312500e-001, 1.252682e+003,-3.315028e+003, 8.964354e+002,-2.440880e+003, 9.690742e+000,-3.471959e+000,-2.379913e+003, 0.000000e+000, 0.000000e+000, 0.000000e+000
 5.313000e-001, 1.120823e+003,-3.247301e+003, 8.420831e+002,-2.271099e+003, 1.086876e+001,-6.312419e+000,-2.215898e+003, 0.000000e+000, 0.000000e+000, 0.000000e+000
 5.313500e-001, 1.327450e+003,-3.281470e+003, 7.622470e+002,-2.100601e+003, 1.217349e+001,-8.482605e+000,-2.049648e+003, 0.000000e+000, 0.000000e+000, 0.000000e+000
 5.314000e-001, 1.192517e+003,-3.208879e+003, 7.257258e+002,-1.929298e+003, 1.343311e+001,-1.122057e+001,-1.884177e+003, 0.000000e+000, 0.000000e+000, 0.000000e+000
 5.314500e-001, 1.399507e+003,-3.240746e+003, 6.299081e+002,-1.757336e+003, 1.464748e+001,-1.348498e+001,-1.716492e+003, 0.000000e+000, 0.000000e+000, 0.000000e+000
 5.315000e-001, 1.263297e+003,-3.168418e+003, 6.054509e+002,-1.584753e+003, 1.598808e+001,-1.611968e+001,-1.549766e+003, 0.000000e+000, 0.000000e+000, 0.000000e+000
 5.315500e-001, 1.468824e+003,-3.192850e+003, 4.995212e+002,-1.411574e+003, 1.710730e+001,-1.847246e+001,-1.380917e+003, 0.000000e+000, 0.000000e+000, 0.000000e+000
 5.316000e-001, 1.332981e+003,-3.125996e+003, 4.815543e+002,-1.237952e+003, 1.852535e+001,-2.100591e+001,-1.213136e+003, 0.000000e+000, 0.000000e+000, 0.000000e+000
 5.316500e-001, 1.535392e+003,-3.137868e+003, 3.711098e+002,-1.063805e+003, 1.954737e+001,-2.343858e+001,-1.043397e+003, 0.000000e+000, 0.000000e+000, 0.000000e+000
 5.317000e-001, 1.401373e+003,-3.081617e+003, 3.544046e+002,-8.893859e+002, 2.103657e+001,-2.587501e+001,-8.747649e+002, 0.000000e+000, 0.000000e+000, 0.000000e+000
 5.317500e-001, 1.599219e+003,-3.075972e+003, 2.446351e+002,-7.145206e+002, 2.196195e+001,-2.837707e+001,-7.044102e+002, 0.000000e+000, 0.000000e+000, 0.000000e+000
 5.318000e-001, 1.468271e+003,-3.035216e+003, 2.244258e+002,-5.395494e+002, 2.351351e+001,-3.072234e+001,-5.351322e+002, 0.000000e+000, 0.000000e+000, 0.000000e+000
 5.318500e-001, 1.660322e+003,-3.007412e+003, 1.200132e+002,-3.642175e+002, 2.434521e+001,-3.328179e+001,-3.644354e+002, 0.000000e+000, 0.000000e+000, 0.000000e+000
 5.319000e-001, 1.533470e+003,-2.986662e+003, 9.208016e+001,-1.889381e+002, 2.594806e+001,-3.554282e+001,-1.947201e+002, 0.000000e+000, 0.000000e+000, 0.000000e+000
 5.319500e-001, 1.718723e+003,-2.932510e+003,-2.868781e+000,-1.339202e+001, 2.669118e+001,-3.814675e+001,-2.395198e+001, 0.000000e+000, 0.000000e+000, 0.000000e+000
 5.320000e-001, 1.596770e+003,-2.935773e+003,-4.214865e+001, 1.619507e+002, 2.833241e+001,-4.033096e+001, 1.459871e+002, 0.000000e+000, 0.000000e+000, 0.000000e+000
 5.320500e-001, 1.774449e+003,-2.851649e+003,-1.241370e+002, 3.374585e+002, 2.899385e+001,-4.296605e+001, 3.165604e+002, 0.000000e+000, 0.000000e+000, 0.000000e+000
 5.321000e-001, 1.657975e+003,-2.882325e+003,-1.777699e+002, 5.126193e+002, 3.065905e+001,-4.508091e+001, 4.865044e+002, 0.000000e+000, 0.000000e+000, 0.000000e+000
 5.321500e-001, 1.827521e+003,-2.765263e+003,-2.439182e+002, 6.878365e+002, 3.124720e+001,-4.773386e+001, 6.566223e+002, 0.000000e+000, 0.000000e+000, 0.000000e+000
 5.322000e-001, 1.716902e+003,-2.826059e+003,-3.142982e+002, 8.625702e+002, 3.292086e+001,-4.978650e+001, 8.263464e+002, 0.000000e+000, 0.000000e+000, 0.000000e+000
 5.322500e-001, 1.877955e+003,-2.673822e+003,-3.623298e+002, 1.037245e+003, 3.344521e+001,-5.244432e+001, 9.957551e+002, 0.000000e+000, 0.000000e+000, 0.000000e+000
 5.323000e-001, 1.773384e+003,-2.766697e+003,-4.512621e+002, 1.211307e+003, 3.511118e+001,-5.444128e+001, 1.165028e+003, 0.000000e+000, 0.000000e+000, 0.000000e+000
 5.323500e-001, 1.925759e+003,-2.577823e+003,-4.794722e+002, 1.385189e+003, 3.558197e+001,-5.709155e+001, 1.333481e+003, 0.000000e+000, 0.000000e+000, 0.000000e+000
 5.324000e-001, 1.827266e+003,-2.703952e+003,-5.882109e+002, 1.558333e+003, 3.722385e+001,-5.903860e+001, 1.502067e+003, 0.000000e+000, 0.000000e+000, 0.000000e+000
 5.324500e-001, 1.970932e+003,-2.477781e+003,-5.954254e+002, 1.731174e+003, 3.765171e+001,-6.166959e+001, 1.669326e+003, 0.000000e+000, 0.000000e+000, 0.000000e+000
 5.325000e-001, 1.878415e+003,-2.637538e+003,-7.247168e+002, 1.903158e+003, 3.925325e+001,-6.357167e+001, 1.836982e+003, 0.000000e+000, 0.000000e+000, 0.000000e+000
 5.325500e-001, 2.013461e+003,-2.374210e+003,-7.102476e+002, 2.074710e+003, 3.964886e+001,-6.617232e+001, 2.002815e+003, 0.000000e+000, 0.000000e+000, 0.000000e+000
 5.326000e-001, 1.926713e+003,-2.567184e+003,-8.603753e+002, 2.245290e+003, 4.119437e+001,-6.803360e+001, 2.169294e+003, 0.000000e+000, 0.000000e+000, 0.000000e+000
 5.326500e-001, 2.053325e+003,-2.267622e+003,-8.239775e+002, 2.415309e+003, 4.156815e+001,-7.059350e+001, 2.333478e+003, 0.000000e+000, 0.000000e+000, 0.000000e+000
 5.327000e-001, 1.972061e+003,-2.492637e+003,-9.948030e+002, 2.584244e+003, 4.304279e+001,-7.241745e+001, 2.498530e+003, 0.000000e+000, 0.000000e+000, 0.000000e+000
 5.327500e-001, 2.090492e+003,-2.158509e+003,-9.366374e+002, 2.752488e+003, 4.340461e+001,-7.492670e+001, 2.660849e+003, 0.000000e+000, 0.000000e+000, 0.000000e+000
 5.328000e-001, 2.014376e+003,-2.413677e+003,-1.127633e+003, 2.919538e+003, 4.479472e+001,-7.671629e+001, 2.824221e+003, 0.000000e+000, 0.000000e+000, 0.000000e+000
 5.328500e-001, 2.124923e+003,-2.047342e+003,-1.048239e+003, 3.085767e+003, 4.515372e+001,-7.916536e+001, 2.984465e+003, 0.000000e+000, 0.000000e+000, 0.000000e+000
 5.329000e-001, 2.053591e+003,-2.330122e+003,-1.258511e+003, 3.250695e+003, 4.644704e+001,-8.092325e+001, 3.145903e+003, 0.000000e+000, 0.000000e+000, 0.000000e+000
 5.329500e-001, 2.156575e+003,-1.934559e+003,-1.158787e+003, 3.414673e+003, 4.681137e+001,-8.330275e+001, 3.303867e+003, 0.000000e+000, 0.000000e+000, 0.000000e+000
 5.330000e-001, 2.089649e+003,-2.241829e+003,-1.387089e+003, 3.577245e+003, 4.799726e+001,-8.503146e+001, 3.463118e+003, 0.000000e+000, 0.000000e+000, 0.000000e+000
 5.330500e-001, 2.185399e+003,-1.820566e+003,-1.268289e+003, 3.738739e+003, 4.837399e+001,-8.733205e+001, 3.618601e+003, 0.000000e+000, 0.000000e+000, 0.000000e+000
 5.331000e-001, 2.122506e+003,-2.148704e+003,-1.513020e+003, 3.898723e+003, 4.944354e+001,-8.903418e+001, 3.775415e+003, 0.000000e+000, 0.000000e+000, 0.000000e+000
 5.331500e-001, 2.211349e+003,-1.705726e+003,-1.376757e+003, 4.057503e+003, 4.983854e+001,-9.124639e+001, 3.928221e+003, 0.000000e+000, 0.000000e+000, 0.000000e+000
 5.332000e-001, 2.152124e+003,-2.050703e+003,-1.635956e+003, 4.214672e+003, 5.078468e+001,-9.292471e+001, 4.082350e+003, 0.000000e+000, 0.000000e+000, 0.000000e+000
 5.332500e-001, 2.234377e+003,-1.590362e+003,-1.484209e+003, 4.370513e+003, 5.120257e+001,-9.503890e+001, 4.232286e+003, 0.000000e+000, 0.000000e+000, 0.000000e+000
 5.333000e-001, 2.178471e+003,-1.947829e+003,-1.755545e+003, 4.524642e+003, 5.202007e+001,-9.669644e+001, 4.383487e+003, 0.000000e+000, 0.000000e+000, 0.000000e+000
 5.333500e-001, 2.254442e+003,-1.474754e+003,-1.590674e+003, 4.677322e+003, 5.246424e+001,-9.870277e+001, 4.530361e+003, 0.000000e+000, 0.000000e+000, 0.000000e+000
 5.334000e-001, 2.201520e+003,-1.840137e+003,-1.871434e+003, 4.828192e+003, 5.314972e+001,-1.003428e+002, 4.678399e+003, 0.000000e+000, 0.000000e+000, 0.000000e+000
 5.334500e-001, 2.271509e+003,-1.359142e+003,-1.696191e+003, 4.977495e+003, 5.362232e+001,-1.022313e+002, 4.822021e+003, 0.000000e+000, 0.000000e+000, 0.000000e+000
 5.335000e-001, 2.221244e+003,-1.727729e+003,-1.983266e+003, 5.124891e+003, 5.417419e+001,-1.038572e+002, 4.966667e+003, 0.000000e+000, 0.000000e+000, 0.000000e+000
 5.335500e-001, 2.285550e+003,-1.243723e+003,-1.800800e+003, 5.270603e+003, 5.467622e+001,-1.056182e+002, 5.106850e+003, 0.000000e+000, 0.000000e+000, 0.000000e+000
 5.336000e-001, 2.237617e+003,-1.610753e+003,-2.090693e+003, 5.414315e+003, 5.509455e+001,-1.072333e+002, 5.247883e+003, 0.000000e+000, 0.000000e+000, 0.000000e+000
 5.336500e-001, 2.296544e+003,-1.128659e+003,-1.904543e+003, 5.556229e+003, 5.562593e+001,-1.088570e+002, 5.384440e+003, 0.000000e+000, 0.000000e+000, 0.000000e+000
 5.337000e-001, 2.250614e+003,-1.489400e+003,-2.193377e+003, 5.696052e+003, 5.591239e+001,-1.104644e+002, 5.521647e+003, 0.000000e+000, 0.000000e+000, 0.000000e+000
 5.337500e-001, 2.304483e+003,-1.014074e+003,-2.007449e+003, 5.833966e+003, 5.647206e+001,-1.119420e+002, 5.654393e+003, 0.000000e+000, 0.000000e+000, 0.000000e+000
 5.338000e-001, 2.260208e+003,-1.363898e+003,-2.291002e+003, 5.969702e+003, 5.662972e+001,-1.135442e+002, 5.787571e+003, 0.000000e+000, 0.000000e+000, 0.000000e+000
 5.338500e-001, 2.309366e+003,-9.000635e+002,-2.109531e+003, 6.103418e+003, 5.721577e+001,-1.148677e+002, 5.916322e+003, 0.000000e+000, 0.000000e+000, 0.000000e+000
 5.339000e-001, 2.266374e+003,-1.234509e+003,-2.383287e+003, 6.234873e+003, 5.724895e+001,-1.164663e+002, 6.045277e+003, 0.000000e+000, 0.000000e+000, 0.000000e+000
 5.339500e-001, 2.311200e+003,-7.866953e+002,-2.210770e+003, 6.364202e+003, 5.785875e+001,-1.176290e+002, 6.169854e+003, 0.000000e+000, 0.000000e+000, 0.000000e+000
 5.340000e-001, 2.269086e+003,-1.101526e+003,-2.469992e+003, 6.491188e+003, 5.777287e+001,-1.192242e+002, 6.294398e+003, 0.000000e+000, 0.000000e+000, 0.000000e+000
 5.340500e-001, 2.310001e+003,-6.740131e+002,-2.311110e+003, 6.615943e+003, 5.840313e+001,-1.202213e+002, 6.414623e+003, 0.000000e+000, 0.000000e+000, 0.000000e+000
 5.341000e-001, 2.268322e+003,-9.652656e+002,-2.550933e+003, 6.738283e+003, 5.820454e+001,-1.218116e+002, 6.534580e+003, 0.000000e+000, 0.000000e+000, 0.000000e+000
 5.341500e-001, 2.305793e+003,-5.620417e+002,-2.410440e+003, 6.858285e+003, 5.885146e+001,-1.226403e+002, 6.650279e+003, 0.000000e+000, 0.000000e+000, 0.000000e+000
 5.342000e-001, 2.264061e+003,-8.260663e+002,-2.625990e+003, 6.975803e+003, 5.854729e+001,-1.242225e+002, 6.765481e+003, 0.000000e+000, 0.000000e+000, 0.000000e+000
 5.342500e-001, 2.298601e+003,-4.507895e+002,-2.508592e+003, 7.090881e+003, 5.920666e+001,-1.248823e+002, 6.876486e+003, 0.000000e+000, 0.000000e+000, 0.000000e+000
 5.343000e-001, 2.256287e+003,-6.842840e+002,-2.695117e+003, 7.203410e+003, 5.880465e+001,-1.264508e+002, 6.986772e+003, 0.000000e+000, 0.000000e+000, 0.000000e+000
 5.343500e-001, 2.288458e+003,-3.402520e+002,-2.605333e+003, 7.313400e+003, 5.947189e+001,-1.269439e+002, 7.092919e+003, 0.000000e+000, 0.000000e+000, 0.000000e+000
 5.344000e-001, 2.244993e+003,-5.402880e+002,-2.758345e+003, 7.420780e+003, 5.898029e+001,-1.284908e+002, 7.198137e+003, 0.000000e+000, 0.000000e+000, 0.000000e+000
 5.344500e-001, 2.275395e+003,-2.304140e+002,-2.700357e+003, 7.525523e+003, 5.965055e+001,-1.288221e+002, 7.299269e+003, 0.000000e+000, 0.000000e+000, 0.000000e+000
 5.345000e-001, 2.230178e+003,-3.944590e+002,-2.815789e+003, 7.627602e+003, 5.907800e+001,-1.303370e+002, 7.399274e+003, 0.000000e+000, 0.000000e+000, 0.000000e+000
 5.345500e-001, 2.259445e+003,-1.212519e+002,-2.793288e+003, 7.726949e+003, 5.974615e+001,-1.305140e+002, 7.495240e+003, 0.000000e+000, 0.000000e+000, 0.000000e+000
 5.346000e-001, 2.211850e+003,-2.471869e+002,-2.867642e+003, 7.823582e+003, 5.910157e+001,-1.319844e+002, 7.589896e+003, 0.000000e+000, 0.000000e+000, 0.000000e+000
 5.346500e-001, 2.240640e+003,-1.273493e+001,-2.883683e+003, 7.917390e+003, 5.976227e+001,-1.320175e+002, 7.680552e+003, 0.000000e+000, 0.000000e+000, 0.000000e+000
 5.347000e-001, 2.190030e+003,-9.886863e+001,-2.914177e+003, 8.008438e+003, 5.905482e+001,-1.334284e+002, 7.769729e+003, 0.000000e+000, 0.000000e+000, 0.000000e+000
 5.347500e-001, 2.219009e+003, 9.517393e+001,-2.971036e+003, 8.096575e+003, 5.970248e+001,-1.333301e+002, 7.854940e+003, 0.000000e+000, 0.000000e+000, 0.000000e+000
 5.348000e-001, 2.164749e+003, 5.009262e+001,-2.955733e+003, 8.181908e+003, 5.894149e+001,-1.346649e+002, 7.938517e+003, 0.000000e+000, 0.000000e+000, 0.000000e+000
 5.348500e-001, 2.194579e+003, 2.025175e+002,-3.054788e+003, 8.264247e+003, 5.957029e+001,-1.344500e+002, 8.018155e+003, 0.000000e+000, 0.000000e+000, 0.000000e+000
 5.349000e-001, 2.136050e+003, 1.992882e+002,-2.992709e+003, 8.343744e+003, 5.876518e+001,-1.356906e+002, 8.096017e+003, 0.000000e+000, 0.000000e+000, 0.000000e+000
 5.349500e-001, 2.167370e+003, 3.093445e+002,-3.134342e+003, 8.420168e+003, 5.936906e+001,-1.353753e+002, 8.169963e+003, 0.000000e+000, 0.000000e+000, 0.000000e+000
 5.350000e-001, 2.103991e+003, 3.483045e+002,-3.025548e+003, 8.493715e+003, 5.852937e+001,-1.365026e+002, 8.242004e+003, 0.000000e+000, 0.000000e+000, 0.000000e+000
 5.350500e-001, 2.137401e+003, 4.157090e+002,-3.209075e+003, 8.564115e+003, 5.910197e+001,-1.361043e+002, 8.310147e+003, 0.000000e+000, 0.000000e+000, 0.000000e+000
 5.351000e-001, 2.068641e+003, 4.967233e+002,-3.054719e+003, 8.631606e+003, 5.823729e+001,-1.370988e+002, 8.376270e+003, 0.000000e+000, 0.000000e+000, 0.000000e+000
 5.351500e-001, 2.104687e+003, 5.216716e+002,-3.278359e+003, 8.695885e+003, 5.877196e+001,-1.366354e+002, 8.438509e+003, 0.000000e+000, 0.000000e+000, 0.000000e+000
 5.352000e-001, 2.030081e+003, 6.441219e+002,-3.080702e+003, 8.757222e+003, 5.789194e+001,-1.374779e+002, 8.498621e+003, 0.000000e+000, 0.000000e+000, 0.000000e+000
 5.352500e-001, 2.069237e+003, 6.272987e+002,-3.341578e+003, 8.815287e+003, 5.838172e+001,-1.369671e+002, 8.554862e+003, 0.000000e+000, 0.000000e+000, 0.000000e+000
 5.353000e-001, 1.988405e+003, 7.900743e+002,-3.103969e+003, 8.870383e+003, 5.749600e+001,-1.376392e+002, 8.608882e+003, 0.000000e+000, 0.000000e+000, 0.000000e+000
 5.353500e-001, 2.031060e+003, 7.326622e+002,-3.398147e+003, 8.922154e+003, 5.793363e+001,-1.370980e+002, 8.659043e+003, 0.000000e+000, 0.000000e+000, 0.000000e+000
 5.354000e-001, 1.943717e+003, 9.341514e+002,-3.124962e+003, 8.970927e+003, 5.705183e+001,-1.375830e+002, 8.706896e+003, 0.000000e+000, 0.000000e+000, 0.000000e+000
 5.354500e-001, 1.990160e+003, 8.378390e+002,-3.447531e+003, 9.016332e+003, 5.742979e+001,-1.370268e+002, 8.750901e+003, 0.000000e+000, 0.000000e+000, 0.000000e+000
 5.355000e-001, 1.896130e+003, 1.075923e+003,-3.144079e+003, 9.058711e+003, 5.656141e+001,-1.373100e+002, 8.792522e+003, 0.000000e+000, 0.000000e+000, 0.000000e+000
 5.355500e-001, 1.946542e+003, 9.429093e+002,-3.489260e+003, 9.097688e+003, 5.687197e+001,-1.367525e+002, 8.830307e+003, 0.000000e+000, 0.000000e+000, 0.000000e+000
 5.356000e-001, 1.845766e+003, 1.214961e+003,-3.161655e+003, 9.133611e+003, 5.602634e+001,-1.368219e+002, 8.865638e+003, 0.000000e+000, 0.000000e+000, 0.000000e+000
 5.356500e-001, 1.900213e+003, 1.047954e+003,-3.522951e+003, 9.166106e+003, 5.626164e+001,-1.362742e+002, 8.897147e+003, 0.000000e+000, 0.000000e+000, 0.000000e+000
 5.357000e-001, 1.792754e+003, 1.350841e+003,-3.177949e+003, 9.195521e+003, 5.544778e+001,-1.361210e+002, 8.926138e+003, 0.000000e+000, 0.000000e+000, 0.000000e+000
 5.357500e-001, 1.851177e+003, 1.153052e+003,-3.548313e+003, 9.221490e+003, 5.559996e+001,-1.355914e+002, 8.951326e+003, 0.000000e+000, 0.000000e+000, 0.000000e+000
 5.358000e-001, 1.737227e+003, 1.483149e+003,-3.193134e+003, 9.244353e+003, 5.482645e+001,-1.352100e+002, 8.973937e+003, 0.000000e+000, 0.000000e+000, 0.000000e+000
 5.358500e-001, 1.799447e+003, 1.258275e+003,-3.565162e+003, 9.263760e+003, 5.488783e+001,-1.347037e+002, 8.992769e+003, 0.000000e+000, 0.000000e+000, 0.000000e+000
 5.359000e-001, 1.679321e+003, 1.611482e+003,-3.207285e+003, 9.280036e+003, 5.416264e+001,-1.340926e+002, 9.008965e+003, 0.000000e+000, 0.000000e+000, 0.000000e+000
 5.359500e-001, 1.745039e+003, 1.363683e+003,-3.573424e+003, 9.292857e+003, 5.412591e+001,-1.336114e+002, 9.021416e+003, 0.000000e+000, 0.000000e+000, 0.000000e+000
 5.360000e-001, 1.619173e+003, 1.735462e+003,-3.220380e+003, 9.302522e+003, 5.345618e+001,-1.327726e+002, 9.031173e+003, 0.000000e+000, 0.000000e+000, 0.000000e+000
 5.360500e-001, 1.687975e+003, 1.469316e+003,-3.573140e+003, 9.308740e+003, 5.331462e+001,-1.323148e+002, 9.037228e+003, 0.000000e+000, 0.000000e+000, 0.000000e+000
 5.361000e-001, 1.556921e+003, 1.854733e+003,-3.232296e+003, 9.311779e+003, 5.270646e+001,-1.312545e+002, 9.040529e+003, 0.000000e+000, 0.000000e+000, 0.000000e+000
 5.361500e-001, 1.628289e+003, 1.575193e+003,-3.564465e+003, 9.311388e+003, 5.245422e+001,-1.308153e+002, 9.040182e+003, 0.000000e+000, 0.000000e+000, 0.000000e+000
 5.362000e-001, 1.492695e+003, 1.968979e+003,-3.242810e+003, 9.307796e+003, 5.191244e+001,-1.295430e+002, 9.037021e+003, 0.000000e+000, 0.000000e+000, 0.000000e+000
 5.362500e-001, 1.566023e+003, 1.681296e+003,-3.547663e+003, 9.300797e+003, 5.154478e+001,-1.291143e+002, 9.030276e+003, 0.000000e+000, 0.000000e+000, 0.000000e+000
 5.363000e-001, 1.426625e+003, 2.077924e+003,-3.251610e+003, 9.290577e+003, 5.107270e+001,-1.276432e+002, 9.020653e+003, 0.000000e+000, 0.000000e+000, 0.000000e+000
 5.363500e-001, 1.501234e+003, 1.787571e+003,-3.523096e+003, 9.276982e+003, 5.058627e+001,-1.272140e+002, 9.007526e+003, 0.000000e+000, 0.000000e+000, 0.000000e+000
 5.364000e-001, 1.358831e+003, 2.181341e+003,-3.258303e+003, 9.260149e+003, 5.018546e+001,-1.255604e+002, 8.991450e+003, 0.000000e+000, 0.000000e+000, 0.000000e+000
 5.364500e-001, 1.433991e+003, 1.893915e+003,-3.491218e+003, 9.239979e+003, 4.957854e+001,-1.251174e+002, 8.971966e+003, 0.000000e+000, 0.000000e+000, 0.000000e+000
 5.365000e-001, 1.289425e+003, 2.279063e+003,-3.262424e+003, 9.216559e+003, 4.924860e+001,-1.233002e+002, 8.949453e+003, 0.000000e+000, 0.000000e+000, 0.000000e+000
 5.365500e-001, 1.364379e+003, 2.000173e+003,-3.452558e+003, 9.189842e+003, 4.852137e+001,-1.228278e+002, 8.923646e+003, 0.000000e+000, 0.000000e+000, 0.000000e+000
 5.366000e-001, 1.218509e+003, 2.370985e+003,-3.263454e+003, 9.159865e+003, 4.825978e+001,-1.208680e+002, 8.894725e+003, 0.000000e+000, 0.000000e+000, 0.000000e+000
 5.366500e-001, 1.292502e+003, 2.106132e+003,-3.407708e+003, 9.126642e+003, 4.741448e+001,-1.203495e+002, 8.862636e+003, 0.000000e+000, 0.000000e+000, 0.000000e+000
 5.367000e-001, 1.146173e+003, 2.457071e+003,-3.260838e+003, 9.090153e+003, 4.721647e+001,-1.182697e+002, 8.827344e+003, 0.000000e+000, 0.000000e+000, 0.000000e+000
 5.367500e-001, 1.218477e+003, 2.211516e+003,-3.357300e+003, 9.050469e+003, 4.625752e+001,-1.176873e+002, 8.789025e+003, 0.000000e+000, 0.000000e+000, 0.000000e+000
 5.368000e-001, 1.072495e+003, 2.537355e+003,-3.253997e+003, 9.007523e+003, 4.611602e+001,-1.155110e+002, 8.747408e+003, 0.000000e+000, 0.000000e+000, 0.000000e+000
 5.368500e-001, 1.142442e+003, 2.315989e+003,-3.301993e+003, 8.961434e+003, 4.505011e+001,-1.148465e+002, 8.702920e+003, 0.000000e+000, 0.000000e+000, 0.000000e+000
 5.369000e-001, 9.975428e+002, 2.611944e+003,-3.242353e+003, 8.912093e+003, 4.495577e+001,-1.125976e+002, 8.655032e+003, 0.000000e+000, 0.000000e+000, 0.000000e+000
 5.369500e-001, 1.064549e+003, 2.419150e+003,-3.242451e+003, 8.859664e+003, 4.379179e+001,-1.118332e+002, 8.604441e+003, 0.000000e+000, 0.000000e+000, 0.000000e+000
 5.370000e-001, 9.213699e+002, 2.681015e+003,-3.225341e+003, 8.804000e+003, 4.373310e+001,-1.095353e+002, 8.550352e+003, 0.000000e+000, 0.000000e+000, 0.000000e+000
 5.370500e-001, 9.849674e+002, 2.520540e+003,-3.179328e+003, 8.745304e+003, 4.248211e+001,-1.086541e+002, 8.493733e+003, 0.000000e+000, 0.000000e+000, 0.000000e+000
 5.371000e-001, 8.440203e+002, 2.744812e+003,-3.202434e+003, 8.683399e+003, 4.244556e+001,-1.063296e+002, 8.433518e+003, 0.000000e+000, 0.000000e+000, 0.000000e+000
 5.371500e-001, 9.038809e+002, 2.619646e+003,-3.113246e+003, 8.618518e+003, 4.112051e+001,-1.053163e+002, 8.370952e+003, 0.000000e+000, 0.000000e+000, 0.000000e+000
 5.372000e-001, 7.655286e+002, 2.803635e+003,-3.173155e+003, 8.550465e+003, 4.109090e+001,-1.029861e+002, 8.304697e+003, 0.000000e+000, 0.000000e+000, 0.000000e+000
 5.372500e-001, 8.214847e+002, 2.715913e+003,-3.044782e+003, 8.479487e+003, 3.970640e+001,-1.018274e+002, 8.236274e+003, 0.000000e+000, 0.000000e+000, 0.000000e+000
 5.373000e-001, 6.859224e+002, 2.857838e+003,-3.137092e+003, 8.405385e+003, 3.966721e+001,-9.951041e+001, 8.164078e+003, 0.000000e+000, 0.000000e+000, 0.000000e+000
 5.373500e-001, 7.379838e+002, 2.808750e+003,-2.974452e+003, 8.328410e+003, 3.823915e+001,-9.819521e+001, 8.089891e+003, 0.000000e+000, 0.000000e+000, 0.000000e+000
 5.374000e-001, 6.052244e+002, 2.907810e+003,-3.093917e+003, 8.248368e+003, 3.817292e+001,-9.590790e+001, 8.011861e+003, 0.000000e+000, 0.000000e+000, 0.000000e+000
 5.374500e-001, 6.535896e+002, 2.897548e+003,-2.902697e+003, 8.165503e+003, 3.671804e+001,-9.442815e+001, 7.932013e+003, 0.000000e+000, 0.000000e+000, 0.000000e+000
 5.375000e-001, 5.234562e+002, 2.953965e+003,-3.043391e+003, 8.079639e+003, 3.660694e+001,-9.218390e+001, 7.848267e+003, 0.000000e+000, 0.000000e+000, 0.000000e+000
 5.375500e-001, 5.685159e+002, 2.981690e+003,-2.829877e+003, 7.990999e+003, 3.514235e+001,-9.053465e+001, 7.762865e+003, 0.000000e+000, 0.000000e+000, 0.000000e+000
 5.376000e-001, 4.406410e+002, 2.996725e+003,-2.985376e+003, 7.899437e+003, 3.496866e+001,-8.834370e+001, 7.673528e+003, 0.000000e+000, 0.000000e+000, 0.000000e+000
 5.376500e-001, 4.829759e+002, 3.060572e+003,-2.756258e+003, 7.805145e+003, 3.351127e+001,-8.652329e+001, 7.582689e+003, 0.000000e+000, 0.000000e+000, 0.000000e+000
 5.377000e-001, 3.568073e+002, 3.036507e+003,-2.919840e+003, 7.708020e+003, 3.325801e+001,-8.439253e+001, 7.487897e+003, 0.000000e+000, 0.000000e+000, 0.000000e+000
 5.377500e-001, 3.971780e+002, 3.133614e+003,-2.682013e+003, 7.608208e+003, 3.182404e+001,-8.240274e+001, 7.391741e+003, 0.000000e+000, 0.000000e+000, 0.000000e+000
 5.378000e-001, 2.719920e+002, 3.073703e+003,-2.846857e+003, 7.505660e+003, 3.147548e+001,-8.033559e+001, 7.291639e+003, 0.000000e+000, 0.000000e+000, 0.000000e+000
 5.378500e-001, 3.113220e+002, 3.200282e+003,-2.607219e+003, 7.400467e+003, 3.007990e+001,-7.818157e+001, 7.190296e+003, 0.000000e+000, 0.000000e+000, 0.000000e+000
 5.379000e-001, 1.862444e+002, 3.108666e+003,-2.766609e+003, 7.292646e+003, 2.962213e+001,-7.617806e+001, 7.085034e+003, 0.000000e+000, 0.000000e+000, 0.000000e+000
 5.379500e-001, 2.255959e+002, 3.260101e+003,-2.531859e+003, 7.182220e+003, 2.827815e+001,-7.386826e+001, 6.978640e+003, 0.000000e+000, 0.000000e+000, 0.000000e+000
 5.380000e-001, 9.962824e+001, 3.141696e+003,-2.679381e+003, 7.069280e+003, 2.769959e+001,-7.192513e+001, 6.868376e+003, 0.000000e+000, 0.000000e+000, 0.000000e+000
 5.380500e-001, 1.401727e+002, 3.312668e+003,-2.455828e+003, 6.953777e+003, 2.641823e+001,-6.947103e+001, 6.757075e+003, 0.000000e+000, 0.000000e+000, 0.000000e+000
 5.381000e-001, 1.222479e+001, 3.173024e+003,-2.585553e+003, 6.835880e+003, 2.571002e+001,-6.758204e+001, 6.641975e+003, 0.000000e+000, 0.000000e+000, 0.000000e+000
 5.381500e-001, 5.520766e+001, 3.357667e+003,-2.378940e+003, 6.715463e+003, 2.449974e+001,-6.499786e+001, 6.525919e+003, 0.000000e+000, 0.000000e+000, 0.000000e+000
 5.382000e-001,-7.586552e+001, 3.202805e+003,-2.485589e+003, 6.592777e+003, 2.365614e+001,-6.315405e+001, 6.406152e+003, 0.000000e+000, 0.000000e+000, 0.000000e+000
 5.382500e-001,-2.916324e+001, 3.394875e+003,-2.300940e+003, 6.467617e+003, 2.252251e+001,-6.045638e+001, 6.285500e+003, 0.000000e+000, 0.000000e+000, 0.000000e+000
 5.383000e-001,-1.645219e+002, 3.231107e+003,-2.380030e+003, 6.340318e+003, 2.154113e+001,-5.864655e+001, 6.161243e+003, 0.000000e+000, 0.000000e+000, 0.000000e+000
 5.383500e-001,-1.128247e+002, 3.424175e+003,-2.221517e+003, 6.210593e+003, 2.048666e+001,-5.585380e+001, 6.036163e+003, 0.000000e+000, 0.000000e+000, 0.000000e+000
 5.384000e-001,-2.536027e+002, 3.257907e+003,-2.269473e+003, 6.078860e+003, 1.936860e+001,-5.406497e+001, 5.907596e+003, 0.000000e+000, 0.000000e+000, 0.000000e+000
 5.384500e-001,-1.956824e+002, 3.445549e+003,-2.140318e+003, 5.944756e+003, 1.839272e+001,-5.119694e+001, 5.778260e+003, 0.000000e+000, 0.000000e+000, 0.000000e+000
 5.385000e-001,-3.429460e+002, 3.283093e+003,-2.154559e+003, 5.808775e+003, 1.714256e+001,-4.941489e+001, 5.645572e+003, 0.000000e+000, 0.000000e+000, 0.000000e+000
 5.385500e-001,-2.776624e+002, 3.459088e+003,-2.056963e+003, 5.670483e+003, 1.624161e+001,-4.649217e+001, 5.512162e+003, 0.000000e+000, 0.000000e+000, 0.000000e+000
 5.386000e-001,-4.323708e+002, 3.306460e+003,-2.035956e+003, 5.530446e+003, 1.486735e+001,-4.470198e+001, 5.375542e+003, 0.000000e+000, 0.000000e+000, 0.000000e+000
 5.386500e-001,-3.587103e+002, 3.464981e+003,-1.971065e+003, 5.388165e+003, 1.403476e+001,-4.174538e+001, 5.238245e+003, 0.000000e+000, 0.000000e+000, 0.000000e+000
 5.387000e-001,-5.216786e+002, 3.327723e+003,-1.914341e+003, 5.244267e+003, 1.254757e+001,-3.993204e+001, 5.097890e+003, 0.000000e+000, 0.000000e+000, 0.000000e+000
 5.387500e-001,-4.387889e+002, 3.463511e+003,-1.882242e+003, 5.098202e+003, 1.177418e+001,-3.696206e+001, 4.956898e+003, 0.000000e+000, 0.000000e+000, 0.000000e+000
 5.388000e-001,-6.106566e+002, 3.346521e+003,-1.790383e+003, 4.950645e+003, 1.018805e+001,-3.511099e+001, 4.813009e+003, 0.000000e+000, 0.000000e+000, 0.000000e+000
 5.388500e-001,-5.178757e+002, 3.455041e+003,-1.790138e+003, 4.801007e+003, 9.462457e+000,-3.214724e+001, 4.668523e+003, 0.000000e+000, 0.000000e+000, 0.000000e+000
 5.389000e-001,-6.990806e+002, 3.362431e+003,-1.664728e+003, 4.649996e+003, 7.793773e+000,-3.024484e+001, 4.521305e+003, 0.000000e+000, 0.000000e+000, 0.000000e+000
 5.389500e-001,-5.959600e+002, 3.440005e+003,-1.694433e+003, 4.497000e+003, 7.102819e+000,-2.730559e+001, 4.373526e+003, 0.000000e+000, 0.000000e+000, 0.000000e+000
 5.390000e-001,-7.867184e+002, 3.374984e+003,-1.537985e+003, 4.342747e+003, 5.369865e+000,-2.533972e+001, 4.223190e+003, 0.000000e+000, 0.000000e+000, 0.000000e+000
 5.390500e-001,-6.730395e+002, 3.418887e+003,-1.594861e+003, 4.186614e+003, 4.699163e+000,-2.244144e+001, 4.072328e+003, 0.000000e+000, 0.000000e+000, 0.000000e+000
 5.391000e-001,-8.733341e+002, 3.383679e+003,-1.410710e+003, 4.029333e+003, 2.921516e+000,-2.040180e+001, 3.919088e+003, 0.000000e+000, 0.000000e+000, 0.000000e+000
 5.391500e-001,-7.491165e+002, 3.392211e+003,-1.491216e+003, 3.870288e+003, 2.256050e+000,-1.755886e+001, 3.765354e+003, 0.000000e+000, 0.000000e+000, 0.000000e+000
 5.392000e-001,-9.586918e+002, 3.388004e+003,-1.283400e+003, 3.710199e+003, 4.539721e-001,-1.543735e+001, 3.609431e+003, 0.000000e+000, 0.000000e+000, 0.000000e+000
 5.392500e-001,-8.241943e+002, 3.360515e+003,-1.383364e+003, 3.548471e+003,-2.212974e-001,-1.266169e+001, 3.453038e+003, 0.000000e+000, 0.000000e+000, 0.000000e+000
 5.393000e-001,-1.042560e+003, 3.387451e+003,-1.156483e+003, 3.385797e+003,-2.027494e+000,-1.045266e+001, 3.294657e+003, 0.000000e+000, 0.000000e+000, 0.000000e+000
 5.393500e-001,-8.982740e+002, 3.324336e+003,-1.271250e+003, 3.221620e+003,-2.727021e+000,-7.753677e+000, 3.135824e+003, 0.000000e+000, 0.000000e+000, 0.000000e+000
 5.394000e-001,-1.124713e+003, 3.381537e+003,-1.030311e+003, 3.056588e+003,-4.517594e+000,-5.454030e+000, 2.975212e+003, 0.000000e+000, 0.000000e+000, 0.000000e+000
 5.394500e-001,-9.713511e+002, 3.284192e+003,-1.154896e+003, 2.890197e+003,-5.254665e+000,-2.838476e+000, 2.814160e+003, 0.000000e+000, 0.000000e+000, 0.000000e+000
 5.395000e-001,-1.204939e+003, 3.369819e+003,-9.051635e+002, 2.723038e+003,-7.011032e+000,-4.477613e-001, 2.651550e+003, 0.000000e+000, 0.000000e+000, 0.000000e+000
 5.395500e-001,-1.043413e+003, 3.240568e+003,-1.034407e+003, 2.554672e+003,-7.797237e+000, 2.080226e+000, 2.488501e+003, 0.000000e+000, 0.000000e+000, 0.000000e+000
 5.396000e-001,-1.283037e+003, 3.351913e+003,-7.812424e+002, 2.385620e+003,-9.502503e+000, 4.559871e+000, 2.324128e+003, 0.000000e+000, 0.000000e+000, 0.000000e+000
 5.396500e-001,-1.114436e+003, 3.193895e+003,-9.099648e+002, 2.215520e+003,-1.034727e+001, 6.998662e+000, 2.159309e+003, 0.000000e+000, 0.000000e+000, 0.000000e+000
 5.397000e-001,-1.358825e+003, 3.327504e+003,-6.586790e+002, 2.044812e+003,-1.198669e+001, 9.562634e+000, 1.993411e+003, 0.000000e+000, 0.000000e+000, 0.000000e+000
 5.397500e-001,-1.184386e+003, 3.144543e+003,-7.818229e+002, 1.873223e+003,-1.289692e+001, 1.191291e+001, 1.827050e+003, 0.000000e+000, 0.000000e+000, 0.000000e+000
 5.398000e-001,-1.432134e+003, 3.296360e+003,-5.375377e+002, 1.701099e+003,-1.445824e+001, 1.455435e+001, 1.659865e+003, 0.000000e+000, 0.000000e+000, 0.000000e+000
 5.398500e-001,-1.253215e+003, 3.092811e+003,-6.503021e+002, 1.528264e+003,-1.543805e+001, 1.681886e+001, 1.492193e+003, 0.000000e+000, 0.000000e+000, 0.000000e+000
 5.399000e-001,-1.502816e+003, 3.258337e+003,-4.178246e+002, 1.354968e+003,-1.691178e+001, 1.952889e+001, 1.323962e+003, 0.000000e+000, 0.000000e+000, 0.000000e+000
 5.399500e-001,-1.320863e+003, 3.038916e+003,-5.157801e+002, 1.181133e+003,-1.796232e+001, 2.171214e+001, 1.155215e+003, 0.000000e+000, 0.000000e+000, 0.000000e+000
 5.400000e-001,-1.570741e+003, 3.213383e+003,-2.994953e+002, 1.006908e+003,-1.934187e+001, 2.448020e+001, 9.861772e+002, 0.000000e+000, 0.000000e+000, 0.000000e+000
 5.400500e-001,-1.387255e+003, 2.982998e+003,-3.786817e+002, 8.323213e+002,-2.046132e+001, 2.658809e+001, 8.165928e+002, 0.000000e+000, 0.000000e+000, 0.000000e+000
 5.401000e-001,-1.635797e+003, 3.161542e+003,-1.824652e+002, 6.574150e+002,-2.174303e+001, 2.940225e+001, 6.469879e+002, 0.000000e+000, 0.000000e+000, 0.000000e+000
 5.401500e-001,-1.452308e+003, 2.925114e+003,-2.394689e+002, 4.823235e+002,-2.292666e+001, 3.144177e+001, 4.768065e+002, 0.000000e+000, 0.000000e+000, 0.000000e+000
 5.402000e-001,-1.697888e+003, 3.102950e+003,-6.661932e+001, 3.069835e+002,-2.410972e+001, 3.428907e+001, 3.068728e+002, 0.000000e+000, 0.000000e+000, 0.000000e+000
 5.402500e-001,-1.515927e+003, 2.865247e+003,-9.862981e+001, 1.316355e+002,-2.535008e+001, 3.626792e+001, 1.363388e+002, 0.000000e+000, 0.000000e+000, 0.000000e+000
 5.403000e-001,-1.756933e+003, 3.037828e+003, 4.817771e+001,-4.388923e+001,-2.643633e+001, 3.913470e+001,-3.368761e+001, 0.000000e+000, 0.000000e+000, 0.000000e+000
 5.403500e-001,-1.578010e+003, 2.803308e+003, 4.333096e+001,-2.192455e+002,-2.772357e+001, 4.106096e+001,-2.043272e+002, 0.000000e+000, 0.000000e+000, 0.000000e+000
 5.404000e-001,-1.812865e+003, 2.966473e+003, 1.620723e+002,-3.947054e+002,-2.871721e+001, 4.393321e+001,-3.742124e+002, 0.000000e+000, 0.000000e+000, 0.000000e+000
 5.404500e-001,-1.638448e+003, 2.739152e+003, 1.859019e+002,-5.698220e+002,-3.003944e+001, 4.581503e+001,-5.447077e+002, 0.000000e+000, 0.000000e+000, 0.000000e+000
 5.405000e-001,-1.865628e+003, 2.889250e+003, 2.752137e+002,-7.449672e+002,-3.094668e+001, 4.867862e+001,-7.142203e+002, 0.000000e+000, 0.000000e+000, 0.000000e+000
 5.405500e-001,-1.697131e+003, 2.672583e+003, 3.285730e+002,-9.195967e+002,-3.229044e+001, 5.052399e+001,-8.843194e+002, 0.000000e+000, 0.000000e+000, 0.000000e+000
 5.406000e-001,-1.915176e+003, 2.806576e+003, 3.877469e+002,-1.094178e+003,-3.311908e+001, 5.336492e+001,-1.053231e+003, 0.000000e+000, 0.000000e+000, 0.000000e+000
 5.406500e-001,-1.753945e+003, 2.603373e+003, 4.708419e+002,-1.268073e+003,-3.446978e+001, 5.518145e+001,-1.222680e+003, 0.000000e+000, 0.000000e+000, 0.000000e+000
 5.407000e-001,-1.961470e+003, 2.718906e+003, 4.998069e+002,-1.441842e+003,-3.522876e+001, 5.798607e+001,-1.390765e+003, 0.000000e+000, 0.000000e+000, 0.000000e+000
 5.407500e-001,-1.808779e+003, 2.531275e+003, 6.122203e+002,-1.614758e+003,-3.657129e+001, 5.978083e+001,-1.559310e+003, 0.000000e+000, 0.000000e+000, 0.000000e+000
 5.408000e-001,-2.004476e+003, 2.626720e+003, 6.115147e+002,-1.787465e+003,-3.727018e+001, 6.253593e+001,-1.726343e+003, 0.000000e+000, 0.000000e+000, 0.000000e+000
 5.408500e-001,-1.861522e+003, 2.456035e+003, 7.522368e+002,-1.959157e+003,-3.858939e+001, 6.431536e+001,-1.893730e+003, 0.000000e+000, 0.000000e+000, 0.000000e+000
 5.409000e-001,-2.044166e+003, 2.530505e+003, 7.229746e+002,-2.130558e+003,-3.923794e+001, 6.700831e+001,-2.059491e+003, 0.000000e+000, 0.000000e+000, 0.000000e+000
 5.409500e-001,-1.912070e+003, 2.377411e+003, 8.904402e+002,-2.300783e+003,-4.051915e+001, 6.877814e+001,-2.225468e+003, 0.000000e+000, 0.000000e+000, 0.000000e+000
 5.410000e-001,-2.080513e+003, 2.430741e+003, 8.342728e+002,-2.470633e+003,-4.112686e+001, 7.139690e+001,-2.389736e+003, 0.000000e+000, 0.000000e+000, 0.000000e+000
 5.410500e-001,-1.960324e+003, 2.295183e+003, 1.026400e+003,-2.639150e+003,-4.235635e+001, 7.316216e+001,-2.554051e+003, 0.000000e+000, 0.000000e+000, 0.000000e+000
 5.411000e-001,-2.113492e+003, 2.327892e+003, 9.454767e+002,-2.807206e+003,-4.293201e+001, 7.569537e+001,-2.716609e+003, 0.000000e+000, 0.000000e+000, 0.000000e+000
 5.411500e-001,-2.006188e+003, 2.209167e+003, 1.159709e+003,-2.973777e+003,-4.409744e+001, 7.746034e+001,-2.879015e+003, 0.000000e+000, 0.000000e+000, 0.000000e+000
 5.412000e-001,-2.143082e+003, 2.222388e+003, 1.056636e+003,-3.139801e+003,-4.464883e+001, 7.989725e+001,-3.039644e+003, 0.000000e+000, 0.000000e+000, 0.000000e+000
 5.412500e-001,-2.049577e+003, 2.119224e+003, 1.289980e+003,-3.304189e+003,-4.573959e+001, 8.166558e+001,-3.199899e+003, 0.000000e+000, 0.000000e+000, 0.000000e+000
 5.413000e-001,-2.169263e+003, 2.114621e+003, 1.167781e+003,-3.467943e+003,-4.627316e+001, 8.399612e+001,-3.358382e+003, 0.000000e+000, 0.000000e+000, 0.000000e+000
 5.413500e-001,-2.090410e+003, 2.025270e+003, 1.416848e+003,-3.629916e+003,-4.728062e+001, 8.577075e+001,-3.516248e+003, 0.000000e+000, 0.000000e+000, 0.000000e+000
 5.414000e-001,-2.192016e+003, 2.004931e+003, 1.278927e+003,-3.791167e+003,-4.780131e+001, 8.798547e+001,-3.672368e+003, 0.000000e+000, 0.000000e+000, 0.000000e+000
 5.414500e-001,-2.128610e+003, 1.927280e+003, 1.539971e+003,-3.950495e+003,-4.871903e+001, 8.976872e+001,-3.827615e+003, 0.000000e+000, 0.000000e+000, 0.000000e+000
 5.415000e-001,-2.211326e+003, 1.893611e+003, 1.390071e+003,-4.109013e+003,-4.923013e+001, 9.185886e+001,-3.981154e+003, 0.000000e+000, 0.000000e+000, 0.000000e+000
 5.415500e-001,-2.164109e+003, 1.825289e+003, 1.659026e+003,-4.265470e+003,-5.005394e+001, 9.365240e+001,-4.133558e+003, 0.000000e+000, 0.000000e+000, 0.000000e+000
 5.416000e-001,-2.227183e+003, 1.780895e+003, 1.501194e+003,-4.421028e+003,-5.055708e+001, 9.560990e+001,-4.284300e+003, 0.000000e+000, 0.000000e+000, 0.000000e+000
 5.416500e-001,-2.196840e+003, 1.719397e+003, 1.773718e+003,-4.574392e+003,-5.128504e+001, 9.741473e+001,-4.433643e+003, 0.000000e+000, 0.000000e+000, 0.000000e+000
 5.417000e-001,-2.239580e+003, 1.666967e+003, 1.612256e+003,-4.726770e+003,-5.178025e+001, 9.923232e+001,-4.581371e+003, 0.000000e+000, 0.000000e+000, 0.000000e+000
 5.417500e-001,-2.226740e+003, 1.609761e+003, 1.883775e+003,-4.876822e+003,-5.241259e+001, 1.010487e+002,-4.727446e+003, 0.000000e+000, 0.000000e+000, 0.000000e+000
 5.418000e-001,-2.248517e+003, 1.551957e+003, 1.723198e+003,-5.025801e+003,-5.289837e+001, 1.027200e+002,-4.871944e+003, 0.000000e+000, 0.000000e+000, 0.000000e+000
 5.418500e-001,-2.253750e+003, 1.496597e+003, 1.988953e+003,-5.172330e+003,-5.343734e+001, 1.045473e+002,-5.014550e+003, 0.000000e+000, 0.000000e+000, 0.000000e+000
 5.419000e-001,-2.254003e+003, 1.435951e+003, 1.833936e+003,-5.317697e+003,-5.391088e+001, 1.060669e+002,-5.155603e+003, 0.000000e+000, 0.000000e+000, 0.000000e+000
 5.419500e-001,-2.277809e+003, 1.380167e+003, 2.089044e+003,-5.460494e+003,-5.436046e+001, 1.079037e+002,-5.294547e+003, 0.000000e+000, 0.000000e+000, 0.000000e+000
 5.420000e-001,-2.256053e+003, 1.318996e+003, 1.944360e+003,-5.602042e+003,-5.481791e+001, 1.092675e+002,-5.431942e+003, 0.000000e+000, 0.000000e+000, 0.000000e+000
 5.420500e-001,-2.298858e+003, 1.260774e+003, 2.183875e+003,-5.740904e+003,-5.518355e+001, 1.111111e+002,-5.567040e+003, 0.000000e+000, 0.000000e+000, 0.000000e+000
 5.421000e-001,-2.254694e+003, 1.201108e+003, 2.054326e+003,-5.878431e+003,-5.562025e+001, 1.123162e+002,-5.700566e+003, 0.000000e+000, 0.000000e+000, 0.000000e+000
 5.421500e-001,-2.316837e+003, 1.138753e+003, 2.273316e+003,-6.013161e+003,-5.590853e+001, 1.141628e+002,-5.831641e+003, 0.000000e+000, 0.000000e+000, 0.000000e+000
 5.422000e-001,-2.249958e+003, 1.082282e+003, 2.163652e+003,-6.146468e+003,-5.631935e+001, 1.152080e+002,-5.961091e+003, 0.000000e+000, 0.000000e+000, 0.000000e+000
 5.422500e-001,-2.331685e+003, 1.014459e+003, 2.357286e+003,-6.276877e+003,-5.653763e+001, 1.170522e+002,-6.087973e+003, 0.000000e+000, 0.000000e+000, 0.000000e+000
 5.423000e-001,-2.241893e+003, 9.625020e+002, 2.272114e+003,-6.405773e+003,-5.691727e+001, 1.179378e+002,-6.213146e+003, 0.000000e+000, 0.000000e+000, 0.000000e+000
 5.423500e-001,-2.343340e+003, 8.882605e+002, 2.435758e+003,-6.531675e+003,-5.707332e+001, 1.197729e+002,-6.335670e+003, 0.000000e+000, 0.000000e+000, 0.000000e+000
 5.424000e-001,-2.230554e+003, 8.417488e+002, 2.379444e+003,-6.655976e+003,-5.741661e+001, 1.205014e+002,-6.456368e+003, 0.000000e+000, 0.000000e+000, 0.000000e+000
 5.424500e-001,-2.351740e+003, 7.605242e+002, 2.508760e+003,-6.777193e+003,-5.751828e+001, 1.223187e+002,-6.574380e+003, 0.000000e+000, 0.000000e+000, 0.000000e+000
 5.425000e-001,-2.216005e+003, 7.200110e+002, 2.485321e+003,-6.896719e+003,-5.782047e+001, 1.228943e+002,-6.690413e+003, 0.000000e+000, 0.000000e+000, 0.000000e+000
 5.425500e-001,-2.356820e+003, 6.316104e+002, 2.576383e+003,-7.013081e+003,-5.787536e+001, 1.246837e+002,-6.803762e+003, 0.000000e+000, 0.000000e+000, 0.000000e+000
 5.426000e-001,-2.198322e+003, 5.972923e+002, 2.589374e+003,-7.127659e+003,-5.813234e+001, 1.251128e+002,-6.914944e+003, 0.000000e+000, 0.000000e+000, 0.000000e+000
 5.426500e-001,-2.358518e+003, 5.018626e+002, 2.638779e+003,-7.239001e+003,-5.814751e+001, 1.268621e+002,-7.023486e+003, 0.000000e+000, 0.000000e+000, 0.000000e+000
 5.427000e-001,-2.177587e+003, 4.736186e+002, 2.691178e+003,-7.348467e+003,-5.835607e+001, 1.271531e+002,-7.129643e+003, 0.000000e+000, 0.000000e+000, 0.000000e+000
 5.427500e-001,-2.356771e+003, 3.716014e+002, 2.696161e+003,-7.454632e+003,-5.833780e+001, 1.288487e+002,-7.233238e+003, 0.000000e+000, 0.000000e+000, 0.000000e+000
 5.428000e-001,-2.153890e+003, 3.490434e+002, 2.790261e+003,-7.558827e+003,-5.849571e+001, 1.290121e+002,-7.334203e+003, 0.000000e+000, 0.000000e+000, 0.000000e+000
 5.428500e-001,-2.351521e+003, 2.411195e+002, 2.748803e+003,-7.659666e+003,-5.844932e+001, 1.306384e+002,-7.432717e+003, 0.000000e+000, 0.000000e+000, 0.000000e+000
 5.429000e-001,-2.127327e+003, 2.236515e+002, 2.886101e+003,-7.758439e+003,-5.855545e+001, 1.306865e+002,-7.528333e+003, 0.000000e+000, 0.000000e+000, 0.000000e+000
 5.429500e-001,-2.342712e+003, 1.106780e+002, 2.797031e+003,-7.853810e+003,-5.848521e+001, 1.322269e+002,-7.621638e+003, 0.000000e+000, 0.000000e+000, 0.000000e+000
 5.430000e-001,-2.097998e+003, 9.756073e+001, 2.978140e+003,-7.947019e+003,-5.853954e+001, 1.321736e+002,-7.711756e+003, 0.000000e+000, 0.000000e+000, 0.000000e+000
 5.430500e-001,-2.330294e+003,-1.949436e+001, 2.841219e+003,-8.036788e+003,-5.844859e+001, 1.336100e+002,-7.799729e+003, 0.000000e+000, 0.000000e+000, 0.000000e+000
 5.431000e-001,-2.066006e+003,-2.907802e+001, 3.065787e+003,-8.124297e+003,-5.845217e+001, 1.334706e+002,-7.884212e+003, 0.000000e+000, 0.000000e+000, 0.000000e+000
 5.431500e-001,-2.314227e+003,-1.492013e+002, 2.881776e+003,-8.208338e+003,-5.834253e+001, 1.347843e+002,-7.966733e+003, 0.000000e+000, 0.000000e+000, 0.000000e+000
 5.432000e-001,-2.031452e+003,-1.560825e+002, 3.148434e+003,-8.290021e+003,-5.829740e+001, 1.345750e+002,-8.045454e+003, 0.000000e+000, 0.000000e+000, 0.000000e+000
 5.432500e-001,-2.294474e+003,-2.782768e+002, 2.919137e+003,-8.368216e+003,-5.817004e+001, 1.357471e+002,-8.122410e+003, 0.000000e+000, 0.000000e+000, 0.000000e+000
 5.433000e-001,-1.994441e+003,-2.832425e+002, 3.225464e+003,-8.443953e+003,-5.807908e+001, 1.354846e+002,-8.195253e+003, 0.000000e+000, 0.000000e+000, 0.000000e+000
 5.433500e-001,-2.271014e+003,-4.065815e+002, 2.953747e+003,-8.516192e+003,-5.793403e+001, 1.364962e+002,-8.266537e+003, 0.000000e+000, 0.000000e+000, 0.000000e+000
 5.434000e-001,-1.955072e+003,-4.103241e+002, 3.296272e+003,-8.585876e+003,-5.780078e+001, 1.361970e+002,-8.333397e+003, 0.000000e+000, 0.000000e+000, 0.000000e+000
 5.434500e-001,-2.243835e+003,-5.339983e+002, 2.986047e+003,-8.652058e+003,-5.763726e+001, 1.370300e+002,-8.398907e+003, 0.000000e+000, 0.000000e+000, 0.000000e+000
 5.435000e-001,-1.913441e+003,-5.370756e+002, 3.360277e+003,-8.715586e+003,-5.746573e+001, 1.367103e+002,-8.459688e+003, 0.000000e+000, 0.000000e+000, 0.000000e+000
 5.435500e-001,-2.212937e+003,-6.604268e+002, 3.016455e+003,-8.775617e+003,-5.728237e+001, 1.373478e+002,-8.519327e+003, 0.000000e+000, 0.000000e+000, 0.000000e+000
 5.436000e-001,-1.869641e+003,-6.632337e+002, 3.416940e+003,-8.832899e+003,-5.707679e+001, 1.370224e+002,-8.573949e+003, 0.000000e+000, 0.000000e+000, 0.000000e+000
 5.436500e-001,-2.178335e+003,-7.857772e+002, 3.045354e+003,-8.886694e+003,-5.687176e+001, 1.374495e+002,-8.627626e+003, 0.000000e+000, 0.000000e+000, 0.000000e+000
 5.437000e-001,-1.823757e+003,-7.885295e+002, 3.465781e+003,-8.937647e+003,-5.663637e+001, 1.371317e+002,-8.676016e+003, 0.000000e+000, 0.000000e+000, 0.000000e+000
 5.437500e-001,-2.140057e+003,-9.099648e+002, 3.073071e+003,-8.985132e+003,-5.640764e+001, 1.373356e+002,-8.723647e+003, 0.000000e+000, 0.000000e+000, 0.000000e+000
 5.438000e-001,-1.775872e+003,-9.126954e+002, 3.506393e+003,-9.029684e+003,-5.614648e+001, 1.370365e+002,-8.765743e+003, 0.000000e+000, 0.000000e+000, 0.000000e+000
 5.438500e-001,-2.098145e+003,-1.032904e+003, 3.099865e+003,-9.070789e+003,-5.589199e+001, 1.370075e+002,-8.807252e+003, 0.000000e+000, 0.000000e+000, 0.000000e+000
 5.439000e-001,-1.726059e+003,-1.035471e+003, 3.538460e+003,-9.108875e+003,-5.560869e+001, 1.367355e+002,-8.843007e+003, 0.000000e+000, 0.000000e+000, 0.000000e+000
 5.439500e-001,-2.052655e+003,-1.154502e+003, 3.125913e+003,-9.143544e+003,-5.532647e+001, 1.364671e+002,-8.878319e+003, 0.000000e+000, 0.000000e+000, 0.000000e+000
 5.440000e-001,-1.674387e+003,-1.156608e+003, 3.561766e+003,-9.175110e+003,-5.502410e+001, 1.362275e+002,-8.907694e+003, 0.000000e+000, 0.000000e+000, 0.000000e+000
 5.440500e-001,-2.003658e+003,-1.274656e+003, 3.151298e+003,-9.203293e+003,-5.471251e+001, 1.357171e+002,-8.936749e+003, 0.000000e+000, 0.000000e+000, 0.000000e+000
 5.441000e-001,-1.620919e+003,-1.275875e+003, 3.576210e+003,-9.228295e+003,-5.439341e+001, 1.355119e+002,-8.959717e+003, 0.000000e+000, 0.000000e+000, 0.000000e+000
 5.441500e-001,-1.951235e+003,-1.393251e+003, 3.175999e+003,-9.249951e+003,-5.405117e+001, 1.347606e+002,-8.982454e+003, 0.000000e+000, 0.000000e+000, 0.000000e+000
 5.442000e-001,-1.565715e+003,-1.393060e+003, 3.581805e+003,-9.268354e+003,-5.371693e+001, 1.345881e+002,-8.998999e+003, 0.000000e+000, 0.000000e+000, 0.000000e+000
 5.442500e-001,-1.895480e+003,-1.510152e+003, 3.199891e+003,-9.283453e+003,-5.334325e+001, 1.336012e+002,-9.015371e+003, 0.000000e+000, 0.000000e+000, 0.000000e+000
 5.443000e-001,-1.508829e+003,-1.507975e+003, 3.578688e+003,-9.295233e+003,-5.299458e+001, 1.334562e+002,-9.025488e+003, 0.000000e+000, 0.000000e+000, 0.000000e+000
 5.443500e-001,-1.836497e+003,-1.625211e+003, 3.222738e+003,-9.303751e+003,-5.258917e+001, 1.322432e+002,-9.035453e+003, 0.000000e+000, 0.000000e+000, 0.000000e+000
 5.444000e-001,-1.450315e+003,-1.620452e+003, 3.567119e+003,-9.308892e+003,-5.222598e+001, 1.321168e+002,-9.039146e+003, 0.000000e+000, 0.000000e+000, 0.000000e+000
 5.444500e-001,-1.774400e+003,-1.738259e+003, 3.244200e+003,-9.310817e+003,-5.178906e+001, 1.306911e+002,-9.042670e+003, 0.000000e+000, 0.000000e+000, 0.000000e+000
 5.445000e-001,-1.390224e+003,-1.730347e+003, 3.547470e+003,-9.309313e+003,-5.141045e+001, 1.305710e+002,-9.039953e+003, 0.000000e+000, 0.000000e+000, 0.000000e+000
 5.445500e-001,-1.709308e+003,-1.849114e+003, 3.263838e+003,-9.304642e+003,-5.094272e+001, 1.289496e+002,-9.037013e+003, 0.000000e+000, 0.000000e+000, 0.000000e+000
 5.446000e-001,-1.328606e+003,-1.837538e+003, 3.520226e+003,-9.296497e+003,-5.054705e+001, 1.288205e+002,-9.027910e+003, 0.000000e+000, 0.000000e+000, 0.000000e+000
 5.446500e-001,-1.641349e+003,-1.957579e+003, 3.281125e+003,-9.285235e+003,-5.004966e+001, 1.270238e+002,-9.018491e+003, 0.000000e+000, 0.000000e+000, 0.000000e+000
 5.447000e-001,-1.265514e+003,-1.941922e+003, 3.485963e+003,-9.270462e+003,-4.963467e+001, 1.268676e+002,-9.003035e+003, 0.000000e+000, 0.000000e+000, 0.000000e+000
 5.447500e-001,-1.570654e+003,-2.063446e+003, 3.295457e+003,-9.252625e+003,-4.910910e+001, 1.249189e+002,-8.987132e+003, 0.000000e+000, 0.000000e+000, 0.000000e+000
 5.448000e-001,-1.201002e+003,-2.043411e+003, 3.445340e+003,-9.231247e+003,-4.867205e+001, 1.247156e+002,-8.965363e+003, 0.000000e+000, 0.000000e+000, 0.000000e+000
 5.448500e-001,-1.497358e+003,-2.166501e+003, 3.306178e+003,-9.206859e+003,-4.812002e+001, 1.226403e+002,-8.942981e+003, 0.000000e+000, 0.000000e+000, 0.000000e+000
 5.449000e-001,-1.135125e+003,-2.141932e+003, 3.399074e+003,-9.178908e+003,-4.765778e+001, 1.223683e+002,-8.914949e+003, 0.000000e+000, 0.000000e+000, 0.000000e+000
 5.449500e-001,-1.421601e+003,-2.266526e+003, 3.312591e+003,-9.148005e+003,-4.708119e+001, 1.201932e+002,-8.886105e+003, 0.000000e+000, 0.000000e+000, 0.000000e+000
 5.450000e-001,-1.067944e+003,-2.237419e+003, 3.347923e+003,-9.113521e+003,-4.659044e+001, 1.198303e+002,-8.851864e+003, 0.000000e+000, 0.000000e+000, 0.000000e+000
 5.450500e-001,-1.343524e+003,-2.363302e+003, 3.313988e+003,-9.076145e+003,-4.599121e+001, 1.175830e+002,-8.816587e+003, 0.000000e+000, 0.000000e+000, 0.000000e+000
 5.451000e-001,-9.995214e+002,-2.329816e+003, 3.292660e+003,-9.035181e+003,-4.546851e+001, 1.171070e+002,-8.776198e+003, 0.000000e+000, 0.000000e+000, 0.000000e+000
 5.451500e-001,-1.263267e+003,-2.456615e+003, 3.309670e+003,-8.991384e+003,-4.484855e+001, 1.148149e+002,-8.734528e+003, 0.000000e+000, 0.000000e+000, 0.000000e+000
 5.452000e-001,-9.299225e+002,-2.419067e+003, 3.234052e+003,-8.943998e+003,-4.429055e+001, 1.142045e+002,-8.688060e+003, 0.000000e+000, 0.000000e+000, 0.000000e+000
 5.452500e-001,-1.180978e+003,-2.546260e+003, 3.298970e+003,-8.893843e+003,-4.365162e+001, 1.118941e+002,-8.640048e+003, 0.000000e+000, 0.000000e+000, 0.000000e+000
 5.453000e-001,-8.592167e+002,-2.505117e+003, 3.172831e+003,-8.840105e+003,-4.305511e+001, 1.111295e+002,-8.587572e+003, 0.000000e+000, 0.000000e+000, 0.000000e+000
 5.453500e-001,-1.096800e+003,-2.632037e+003, 3.281280e+003,-8.783663e+003,-4.239878e+001, 1.088257e+002,-8.533285e+003, 0.000000e+000, 0.000000e+000, 0.000000e+000
 5.454000e-001,-7.874750e+002,-2.587912e+003, 3.109677e+003,-8.723651e+003,-4.176083e+001, 1.078896e+002,-8.474881e+003, 0.000000e+000, 0.000000e+000, 0.000000e+000
 5.454500e-001,-1.010884e+003,-2.713765e+003, 3.256070e+003,-8.661001e+003,-4.108846e+001, 1.056145e+002,-8.414396e+003, 0.000000e+000, 0.000000e+000, 0.000000e+000
 5.455000e-001,-7.147707e+002,-2.667392e+003, 3.045193e+003,-8.594802e+003,-4.040644e+001, 1.044927e+002,-8.350144e+003, 0.000000e+000, 0.000000e+000, 0.000000e+000
 5.455500e-001,-9.233814e+002,-2.791271e+003, 3.222909e+003,-8.526032e+003,-3.971912e+001, 1.022653e+002,-8.283551e+003, 0.000000e+000, 0.000000e+000, 0.000000e+000
 5.456000e-001,-6.411775e+002,-2.743493e+003, 2.979886e+003,-8.453741e+003,-3.899080e+001, 1.009473e+002,-8.213539e+003, 0.000000e+000, 0.000000e+000, 0.000000e+000
 5.456500e-001,-8.344457e+002,-2.864401e+003, 3.181483e+003,-8.378950e+003,-3.828938e+001, 9.878297e+001,-8.140941e+003, 0.000000e+000, 0.000000e+000, 0.000000e+000
 5.457000e-001,-5.667695e+002,-2.816148e+003, 2.914154e+003,-8.300672e+003,-3.751294e+001, 9.726216e+001,-8.065261e+003, 0.000000e+000, 0.000000e+000, 0.000000e+000
 5.457500e-001,-7.442356e+002,-2.933014e+003, 3.131606e+003,-8.219965e+003,-3.679801e+001, 9.517210e+001,-7.986772e+003, 0.000000e+000, 0.000000e+000, 0.000000e+000
 5.458000e-001,-4.916201e+002,-2.885286e+003, 2.848273e+003,-8.135813e+003,-3.597203e+001, 9.344643e+001,-7.905521e+003, 0.000000e+000, 0.000000e+000, 0.000000e+000
 5.458500e-001,-6.529133e+002,-2.996984e+003, 3.073231e+003,-8.049304e+003,-3.524401e+001, 9.143732e+001,-7.821267e+003, 0.000000e+000, 0.000000e+000, 0.000000e+000
 5.459000e-001,-4.158012e+002,-2.950832e+003, 2.782390e+003,-7.959398e+003,-3.436747e+001, 8.950934e+001,-7.734546e+003, 0.000000e+000, 0.000000e+000, 0.000000e+000
 5.459500e-001,-5.606454e+002,-3.056199e+003, 3.006453e+003,-7.867209e+003,-3.362663e+001, 8.758332e+001,-7.644664e+003, 0.000000e+000, 0.000000e+000, 0.000000e+000
 5.460000e-001,-3.393830e+002,-3.012708e+003, 2.716525e+003,-7.771680e+003,-3.269888e+001, 8.546014e+001,-7.552579e+003, 0.000000e+000, 0.000000e+000, 0.000000e+000
 5.460500e-001,-4.676025e+002,-3.110559e+003, 2.931508e+003,-7.673941e+003,-3.194537e+001, 8.361482e+001,-7.457215e+003, 0.000000e+000, 0.000000e+000, 0.000000e+000
 5.461000e-001,-2.624338e+002,-3.070840e+003, 2.650567e+003,-7.572926e+003,-3.096611e+001, 8.130798e+001,-7.359881e+003, 0.000000e+000, 0.000000e+000, 0.000000e+000
 5.461500e-001,-3.739596e+002,-3.159978e+003, 2.848767e+003,-7.469776e+003,-3.020009e+001, 7.953667e+001,-7.259190e+003, 0.000000e+000, 0.000000e+000, 0.000000e+000
 5.462000e-001,-1.850200e+002,-3.125149e+003, 2.584289e+003,-7.363420e+003,-2.916932e+001, 7.706179e+001,-7.156726e+003, 0.000000e+000, 0.000000e+000, 0.000000e+000
 5.462500e-001,-2.798945e+002,-3.204378e+003, 2.758727e+003,-7.255003e+003,-2.839095e+001, 7.535385e+001,-7.050873e+003, 0.000000e+000, 0.000000e+000, 0.000000e+000
 5.463000e-001,-1.072065e+002,-3.175564e+003, 2.517355e+003,-7.143459e+003,-2.730894e+001, 7.273019e+001,-6.943403e+003, 0.000000e+000, 0.000000e+000, 0.000000e+000
 5.463500e-001,-1.855877e+002,-3.243692e+003, 2.661994e+003,-7.029929e+003,-2.651845e+001, 7.107158e+001,-6.832559e+003, 0.000000e+000, 0.000000e+000, 0.000000e+000
 5.464000e-001,-2.905740e+001,-3.222015e+003, 2.449341e+003,-6.913358e+003,-2.538573e+001, 6.832140e+001,-6.720218e+003, 0.000000e+000, 0.000000e+000, 0.000000e+000
 5.464500e-001,-9.122073e+001,-3.277859e+003, 2.559266e+003,-6.794874e+003,-2.458348e+001, 6.669527e+001,-6.604561e+003, 0.000000e+000, 0.000000e+000, 0.000000e+000
 5.465000e-001, 4.936258e+001,-3.264438e+003, 2.379751e+003,-6.673443e+003,-2.340078e+001, 6.384311e+001,-6.487490e+003, 0.000000e+000, 0.000000e+000, 0.000000e+000
 5.465500e-001, 3.025274e+000,-3.306827e+003, 2.451309e+003,-6.550172e+003,-2.258728e+001, 6.223063e+001,-6.367202e+003, 0.000000e+000, 0.000000e+000, 0.000000e+000
 5.466000e-001, 1.279873e+002,-3.302774e+003, 2.308045e+003,-6.424055e+003,-2.135555e+001, 5.930251e+001,-6.245549e+003, 0.000000e+000, 0.000000e+000, 0.000000e+000
 5.466500e-001, 9.697134e+001,-3.330553e+003, 2.338937e+003,-6.296171e+003,-2.053147e+001, 5.768358e+001,-6.120819e+003, 0.000000e+000, 0.000000e+000, 0.000000e+000
 5.467000e-001, 2.067474e+002,-3.336969e+003, 2.233656e+003,-6.165549e+003,-1.925191e+001, 5.470618e+001,-5.994744e+003, 0.000000e+000, 0.000000e+000, 0.000000e+000
 5.467500e-001, 1.904426e+002,-3.348999e+003, 2.222980e+003,-6.033233e+003,-1.841805e+001, 5.306035e+001,-5.865763e+003, 0.000000e+000, 0.000000e+000, 0.000000e+000
 5.468000e-001, 2.855690e+002,-3.366974e+003, 2.156024e+003,-5.898292e+003,-1.709209e+001, 5.006013e+001,-5.735429e+003, 0.000000e+000, 0.000000e+000, 0.000000e+000
 5.468500e-001, 2.832700e+002,-3.362137e+003, 2.104266e+003,-5.761730e+003,-1.624939e+001, 4.836740e+001,-5.602395e+003, 0.000000e+000, 0.000000e+000, 0.000000e+000
 5.469000e-001, 3.643719e+002,-3.392747e+003, 2.074610e+003,-5.622664e+003,-1.487876e+001, 4.536978e+001,-5.467978e+003, 0.000000e+000, 0.000000e+000, 0.000000e+000
 5.469500e-001, 3.752924e+002,-3.369949e+003, 1.983593e+003,-5.482049e+003,-1.402825e+001, 4.361142e+001,-5.331086e+003, 0.000000e+000, 0.000000e+000, 0.000000e+000
 5.470000e-001, 4.430685e+002,-3.414246e+003, 1.988931e+003,-5.339056e+003,-1.261500e+001, 4.064000e+001,-5.192769e+003, 0.000000e+000, 0.000000e+000, 0.000000e+000
 5.470500e-001, 4.663584e+002,-3.372427e+003, 1.861703e+003,-5.194587e+003,-1.175775e+001, 3.879928e+001,-5.052223e+003, 0.000000e+000, 0.000000e+000, 0.000000e+000
 5.471000e-001, 5.215620e+002,-3.431433e+003, 1.898572e+003,-5.047869e+003,-1.030431e+001, 3.587515e+001,-4.910196e+003, 0.000000e+000, 0.000000e+000, 0.000000e+000
 5.471500e-001, 5.563270e+002,-3.369576e+003, 1.739269e+003,-4.899751e+003,-9.441377e+000, 3.393801e+001,-4.766199e+003, 0.000000e+000, 0.000000e+000, 0.000000e+000
 5.472000e-001, 5.997461e+002,-3.444268e+003, 1.803207e+003,-4.749518e+003,-7.950645e+000, 3.107920e+001,-4.620661e+003, 0.000000e+000, 0.000000e+000, 0.000000e+000
 5.472500e-001, 6.450699e+002,-3.361417e+003, 1.616874e+003,-4.597961e+003,-7.082977e+000, 2.903472e+001,-4.473418e+003, 0.000000e+000, 0.000000e+000, 0.000000e+000
 5.473000e-001, 6.775042e+002,-3.452709e+003, 1.702614e+003,-4.444425e+003,-5.558352e+000, 2.625574e+001,-4.324576e+003, 0.000000e+000, 0.000000e+000, 0.000000e+000
 5.473500e-001, 7.324708e+002,-3.347987e+003, 1.495000e+003,-4.289646e+003,-4.686752e+000, 2.409654e+001,-4.174296e+003, 0.000000e+000, 0.000000e+000, 0.000000e+000
 5.474000e-001, 7.547095e+002,-3.456713e+003, 1.596681e+003,-4.133024e+003,-3.132204e+000, 2.140813e+001,-4.022362e+003, 0.000000e+000, 0.000000e+000, 0.000000e+000
 5.474500e-001, 8.184268e+002,-3.329342e+003, 1.374021e+003,-3.975241e+003,-2.257242e+000, 1.913059e+001,-3.869255e+003, 0.000000e+000, 0.000000e+000, 0.000000e+000
 5.475000e-001, 8.312252e+002,-3.456227e+003, 1.485416e+003,-3.815754e+003,-6.773655e-001, 1.653959e+001,-3.714449e+003, 0.000000e+000, 0.000000e+000, 0.000000e+000
 5.475500e-001, 9.028469e+002,-3.305557e+003, 1.254197e+003,-3.655193e+003, 2.006833e-001, 1.414388e+001,-3.558725e+003, 0.000000e+000, 0.000000e+000, 0.000000e+000
 5.476000e-001, 9.069055e+002,-3.451193e+003, 1.368942e+003,-3.493067e+003, 1.800627e+000, 1.165327e+001,-3.401274e+003, 0.000000e+000, 0.000000e+000, 0.000000e+000
 5.476500e-001, 9.856523e+002,-3.276731e+003, 1.135682e+003,-3.329957e+003, 2.681836e+000, 9.143299e+000,-3.243147e+003, 0.000000e+000, 0.000000e+000, 0.000000e+000
 5.477000e-001, 9.815974e+002,-3.441545e+003, 1.247493e+003,-3.165419e+003, 4.295893e+000, 6.752410e+000,-3.083281e+003, 0.000000e+000, 0.000000e+000, 0.000000e+000
 5.477500e-001, 1.066774e+003,-3.242986e+003, 1.018526e+003,-2.999993e+003, 5.180729e+000, 4.135527e+000,-2.922966e+003, 0.000000e+000, 0.000000e+000, 0.000000e+000
 5.478000e-001, 1.055142e+003,-3.427204e+003, 1.121408e+003,-2.833276e+003, 6.802244e+000, 1.840383e+000,-2.760922e+003, 0.000000e+000, 0.000000e+000, 0.000000e+000
 5.478500e-001, 1.146152e+003,-3.204465e+003, 9.026861e+002,-2.665770e+003, 7.691595e+000,-8.729689e-001,-2.598635e+003, 0.000000e+000, 0.000000e+000, 0.000000e+000
 5.479000e-001, 1.127377e+003,-3.408086e+003, 9.911171e+002,-2.497106e+003, 9.313222e+000,-3.079201e+000,-2.434653e+003, 0.000000e+000, 0.000000e+000, 0.000000e+000
 5.479500e-001, 1.223732e+003,-3.161337e+003, 7.880397e+002,-2.327760e+003, 1.020840e+001,-5.875973e+000,-2.270614e+003, 0.000000e+000, 0.000000e+000, 0.000000e+000
 5.480000e-001, 1.198139e+003,-3.384093e+003, 8.571232e+002,-2.157388e+003, 1.182214e+001,-8.002428e+000,-2.104937e+003, 0.000000e+000, 0.000000e+000, 0.000000e+000
 5.480500e-001, 1.299466e+003,-3.113793e+003, 6.744026e+002,-1.986444e+003, 1.272489e+001,-1.086753e+001,-1.939365e+003, 0.000000e+000, 0.000000e+000, 0.000000e+000
 5.481000e-001, 1.267267e+003,-3.355122e+003, 7.199879e+002,-1.814603e+003, 1.432214e+001,-1.292503e+001,-1.772240e+003, 0.000000e+000, 0.000000e+000, 0.000000e+000
 5.481500e-001, 1.373305e+003,-3.062044e+003, 5.615455e+002,-1.642305e+003, 1.523460e+001,-1.584192e+001,-1.605359e+003, 0.000000e+000, 0.000000e+000, 0.000000e+000
 5.482000e-001, 1.334604e+003,-3.321062e+003, 5.803109e+002,-1.469236e+003, 1.680623e+001,-1.784234e+001,-1.437035e+003, 0.000000e+000, 0.000000e+000, 0.000000e+000
 5.482500e-001, 1.445203e+003,-3.006322e+003, 4.492131e+002,-1.295830e+003, 1.773088e+001,-2.079369e+001,-1.269066e+003, 0.000000e+000, 0.000000e+000, 0.000000e+000
 5.483000e-001, 1.399998e+003,-3.281795e+003, 4.387113e+002,-1.121777e+003, 1.926736e+001,-2.274930e+001,-1.099794e+003, 0.000000e+000, 0.000000e+000, 0.000000e+000
 5.483500e-001, 1.515107e+003,-2.946875e+003, 3.371422e+002,-9.475114e+002, 2.020697e+001,-2.571756e+001,-9.309642e+002, 0.000000e+000, 0.000000e+000, 0.000000e+000
 5.484000e-001, 1.463309e+003,-3.237205e+003, 2.958091e+002,-7.727197e+002, 2.169848e+001,-2.764042e+001,-7.609966e+002, 0.000000e+000, 0.000000e+000, 0.000000e+000
 5.484500e-001, 1.582965e+003,-2.883965e+003, 2.250791e+002,-5.978419e+002, 2.265600e+001,-3.060842e+001,-5.915316e+002, 0.000000e+000, 0.000000e+000, 0.000000e+000
 5.485000e-001, 1.524408e+003,-3.187173e+003, 1.522084e+002,-4.225579e+002, 2.409257e+001,-3.250985e+001,-4.211205e+002, 0.000000e+000, 0.000000e+000, 0.000000e+000
 5.485500e-001, 1.648714e+003,-2.817863e+003, 1.127949e+002,-2.473174e+002, 2.507105e+001,-3.546128e+001,-2.512493e+002, 0.000000e+000, 0.000000e+000, 0.000000e+000
 5.486000e-001, 1.583177e+003,-3.131588e+003, 8.482654e+000,-7.178863e+001, 2.644276e+001,-3.735135e+001,-8.064675e+001, 0.000000e+000, 0.000000e+000, 0.000000e+000
 5.486500e-001, 1.712288e+003,-2.748845e+003, 9.851427e-002, 1.035653e+002, 2.744520e+001,-4.027119e+001, 8.940025e+001, 0.000000e+000, 0.000000e+000, 0.000000e+000
 5.487000e-001, 1.639513e+003,-3.070348e+003,-1.348369e+002, 2.790905e+002, 2.874232e+001,-4.215839e+001, 2.599433e+002, 0.000000e+000, 0.000000e+000, 0.000000e+000
 5.487500e-001, 1.773608e+003,-2.677189e+003,-1.131539e+002, 4.543087e+002, 2.977159e+001,-4.503319e+001, 4.299338e+002, 0.000000e+000, 0.000000e+000, 0.000000e+000
 5.488000e-001, 1.693329e+003,-3.003366e+003,-2.772704e+002, 6.295815e+002, 3.098482e+001,-4.692416e+001, 6.001681e+002, 0.000000e+000, 0.000000e+000, 0.000000e+000
 5.488500e-001, 1.832592e+003,-2.603167e+003,-2.270522e+002, 8.044156e+002, 3.204344e+001,-4.974228e+001, 7.698682e+002, 0.000000e+000, 0.000000e+000, 0.000000e+000
 5.489000e-001, 1.744552e+003,-2.930574e+003,-4.183940e+002, 9.791872e+002, 3.316407e+001,-5.164165e+001, 9.395469e+002, 0.000000e+000, 0.000000e+000, 0.000000e+000
 5.489500e-001, 1.889147e+003,-2.527041e+003,-3.416290e+002, 1.153390e+003, 3.425413e+001,-5.439331e+001, 1.108720e+003, 0.000000e+000, 0.000000e+000, 0.000000e+000
 5.490000e-001, 1.793123e+003,-2.851930e+003,-5.578425e+002, 1.327411e+003, 3.527431e+001,-5.630370e+001, 1.277600e+003, 0.000000e+000, 0.000000e+000, 0.000000e+000
 5.490500e-001, 1.943174e+003,-2.449055e+003,-4.568600e+002, 1.500735e+003, 3.639724e+001,-5.898098e+001, 1.446009e+003, 0.000000e+000, 0.000000e+000, 0.000000e+000
 5.491000e-001, 1.838998e+003,-2.767420e+003,-6.953081e+002, 1.673759e+003, 3.731014e+001,-6.090307e+001, 1.613850e+003, 0.000000e+000, 0.000000e+000, 0.000000e+000
 5.491500e-001, 1.994566e+003,-2.369436e+003,-5.726667e+002, 1.845960e+003, 3.846663e+001,-6.349981e+001, 1.781254e+003, 0.000000e+000, 0.000000e+000, 0.000000e+000
 5.492000e-001, 1.882148e+003,-2.677067e+003,-8.305363e+002, 2.017740e+003, 3.926667e+001,-6.543248e+001, 1.947821e+003, 0.000000e+000, 0.000000e+000, 0.000000e+000
 5.492500e-001, 2.043213e+003,-2.288379e+003,-6.889224e+002, 2.188574e+003, 4.045644e+001,-6.794408e+001, 2.113979e+003, 0.000000e+000, 0.000000e+000, 0.000000e+000
 5.493000e-001, 1.922552e+003,-2.580936e+003,-9.633200e+002, 2.358864e+003, 4.113951e+001,-6.988466e+001, 2.279041e+003, 0.000000e+000, 0.000000e+000, 0.000000e+000
 5.493500e-001, 2.089000e+003,-2.206049e+003,-8.054587e+002, 2.528090e+003, 4.236121e+001,-7.230782e+001, 2.443711e+003, 0.000000e+000, 0.000000e+000, 0.000000e+000
 5.494000e-001, 1.960204e+003,-2.479134e+003,-1.093492e+003, 2.696646e+003, 4.292480e+001,-7.425241e+001, 2.607042e+003, 0.000000e+000, 0.000000e+000, 0.000000e+000
 5.494500e-001, 2.131813e+003,-2.122575e+003,-9.220754e+002, 2.864027e+003, 4.417590e+001,-7.658488e+001, 2.769979e+003, 0.000000e+000, 0.000000e+000, 0.000000e+000
 5.495000e-001, 1.995102e+003,-2.371819e+003,-1.220916e+003, 3.030608e+003, 4.461927e+001,-7.852859e+001, 2.931360e+003, 0.000000e+000, 0.000000e+000, 0.000000e+000
 5.495500e-001, 2.171536e+003,-2.038043e+003,-1.038549e+003, 3.195907e+003, 4.589591e+001,-8.076884e+001, 3.092319e+003, 0.000000e+000, 0.000000e+000, 0.000000e+000
 5.496000e-001, 2.027255e+003,-2.259202e+003,-1.345479e+003, 3.360275e+003, 4.622023e+001,-8.270620e+001, 3.251536e+003, 0.000000e+000, 0.000000e+000, 0.000000e+000
 5.496500e-001, 2.208054e+003,-1.952495e+003,-1.154641e+003, 3.523259e+003, 4.751719e+001,-8.485316e+001, 3.410271e+003, 0.000000e+000, 0.000000e+000, 0.000000e+000
 5.497000e-001, 2.056677e+003,-2.141546e+003,-1.467080e+003, 3.685177e+003, 4.772559e+001,-8.677833e+001, 3.567115e+003, 0.000000e+000, 0.000000e+000, 0.000000e+000
 5.497500e-001, 2.241258e+003,-1.865930e+003,-1.270110e+003, 3.845616e+003, 4.903624e+001,-8.883113e+001, 3.723384e+003, 0.000000e+000, 0.000000e+000, 0.000000e+000
 5.498000e-001, 2.083385e+003,-2.019171e+003,-1.585625e+003, 4.004853e+003, 4.913388e+001,-9.073821e+001, 3.877651e+003, 0.000000e+000, 0.000000e+000, 0.000000e+000
 5.498500e-001, 2.271041e+003,-1.778296e+003,-1.384714e+003, 4.162521e+003, 5.045015e+001,-9.269595e+001, 4.031210e+003, 0.000000e+000, 0.000000e+000, 0.000000e+000
 5.499000e-001, 2.107400e+003,-1.892450e+003,-1.701022e+003, 4.318848e+003, 5.044417e+001,-9.457921e+001, 4.182703e+003, 0.000000e+000, 0.000000e+000, 0.000000e+000
 5.499500e-001, 2.297304e+003,-1.689497e+003,-1.498220e+003, 4.473523e+003, 5.175663e+001,-9.644080e+001, 4.333311e+003, 0.000000e+000, 0.000000e+000, 0.000000e+000
 5.500000e-001, 2.128746e+003,-1.761812e+003,-1.813173e+003, 4.626716e+003, 5.165612e+001,-9.829480e+001, 4.481836e+003, 0.000000e+000, 0.000000e+000, 0.000000e+000
 5.500500e-001, 2.319955e+003,-1.599395e+003,-1.610407e+003, 4.778178e+003, 5.295407e+001,-1.000589e+002, 4.629258e+003, 0.000000e+000, 0.000000e+000, 0.000000e+000
 5.501000e-001, 2.147446e+003,-1.627732e+003,-1.921973e+003, 4.928017e+003, 5.276991e+001,-1.018786e+002, 4.774625e+003, 0.000000e+000, 0.000000e+000, 0.000000e+000
 5.501500e-001, 2.338910e+003,-1.507809e+003,-1.721067e+003, 5.076054e+003, 5.404153e+001,-1.035435e+002, 4.918629e+003, 0.000000e+000, 0.000000e+000, 0.000000e+000
 5.502000e-001, 2.163526e+003,-1.490732e+003,-2.027309e+003, 5.222323e+003, 5.378622e+001,-1.053243e+002, 5.060653e+003, 0.000000e+000, 0.000000e+000, 0.000000e+000
 5.502500e-001, 2.354094e+003,-1.414524e+003,-1.830007e+003, 5.366726e+003, 5.501874e+001,-1.068881e+002, 5.201013e+003, 0.000000e+000, 0.000000e+000, 0.000000e+000
 5.503000e-001, 2.177008e+003,-1.351368e+003,-2.129066e+003, 5.509216e+003, 5.470614e+001,-1.086257e+002, 5.339511e+003, 0.000000e+000, 0.000000e+000, 0.000000e+000
 5.503500e-001, 2.365440e+003,-1.319300e+003,-1.937043e+003, 5.649779e+003, 5.588612e+001,-1.100863e+002, 5.476007e+003, 0.000000e+000, 0.000000e+000, 0.000000e+000
 5.504000e-001, 2.187917e+003,-1.210229e+003,-2.227122e+003, 5.788286e+003, 5.553117e+001,-1.117768e+002, 5.610800e+003, 0.000000e+000, 0.000000e+000, 0.000000e+000
 5.504500e-001, 2.372893e+003,-1.221874e+003,-2.042003e+003, 5.924811e+003, 5.664475e+001,-1.131321e+002, 5.743223e+003, 0.000000e+000, 0.000000e+000, 0.000000e+000
 5.505000e-001, 2.196275e+003,-1.067922e+003,-2.321357e+003, 6.059136e+003, 5.626315e+001,-1.147716e+002, 5.874133e+003, 0.000000e+000, 0.000000e+000, 0.000000e+000
 5.505500e-001, 2.376409e+003,-1.121978e+003,-2.144718e+003, 6.191429e+003, 5.729641e+001,-1.160195e+002, 6.002279e+003, 0.000000e+000, 0.000000e+000, 0.000000e+000
 5.506000e-001, 2.202101e+003,-9.250606e+002,-2.411659e+003, 6.321379e+003, 5.690415e+001,-1.176042e+002, 6.129131e+003, 0.000000e+000, 0.000000e+000, 0.000000e+000
 5.506500e-001, 2.375954e+003,-1.019342e+003,-2.245019e+003, 6.449253e+003, 5.784345e+001,-1.187431e+002, 6.252809e+003, 0.000000e+000, 0.000000e+000, 0.000000e+000
 5.507000e-001, 2.205413e+003,-7.822585e+002,-2.497925e+003, 6.574643e+003, 5.745648e+001,-1.202691e+002, 6.375429e+003, 0.000000e+000, 0.000000e+000, 0.000000e+000
 5.507500e-001, 2.371506e+003,-9.137102e+002,-2.342733e+003, 6.697916e+003, 5.828883e+001,-1.212976e+002, 6.494456e+003, 0.000000e+000, 0.000000e+000, 0.000000e+000
 5.508000e-001, 2.206224e+003,-6.401122e+002,-2.580070e+003, 6.818565e+003, 5.792258e+001,-1.227606e+002, 6.612673e+003, 0.000000e+000, 0.000000e+000, 0.000000e+000
 5.508500e-001, 2.363058e+003,-8.048528e+002,-2.437675e+003, 6.937062e+003, 5.863605e+001,-1.236783e+002, 6.726878e+003, 0.000000e+000, 0.000000e+000, 0.000000e+000
 5.509000e-001, 2.204546e+003,-4.991908e+002,-2.658030e+003, 7.052798e+003, 5.830498e+001,-1.250736e+002, 6.840522e+003, 0.000000e+000, 0.000000e+000, 0.000000e+000
 5.509500e-001, 2.350615e+003,-6.925759e+002,-2.529649e+003, 7.166350e+003, 5.888906e+001,-1.258807e+002, 6.949745e+003, 0.000000e+000, 0.000000e+000, 0.000000e+000
 5.510000e-001, 2.200382e+003,-3.600231e+002,-2.731766e+003, 7.277009e+003, 5.860625e+001,-1.272030e+002, 7.058647e+003, 0.000000e+000, 0.000000e+000, 0.000000e+000
 5.510500e-001, 2.334195e+003,-5.767341e+002,-2.618442e+003, 7.385453e+003, 5.905219e+001,-1.279005e+002, 7.162740e+003, 0.000000e+000, 0.000000e+000, 0.000000e+000
 5.511000e-001, 2.193732e+003,-2.230863e+002,-2.801265e+003, 7.490876e+003, 5.882895e+001,-1.291440e+002, 7.266737e+003, 0.000000e+000, 0.000000e+000, 0.000000e+000
 5.511500e-001, 2.313833e+003,-4.572409e+002,-2.703825e+003, 7.594058e+003, 5.913010e+001,-1.297339e+002, 7.365561e+003, 0.000000e+000, 0.000000e+000, 0.000000e+000
 5.512000e-001, 2.184588e+003,-8.879543e+001,-2.866541e+003, 7.694097e+003, 5.897557e+001,-1.308922e+002, 7.464490e+003, 0.000000e+000, 0.000000e+000, 0.000000e+000
 5.512500e-001, 2.289583e+003,-3.340782e+002,-2.785553e+003, 7.791868e+003, 5.912768e+001,-1.313775e+002, 7.557919e+003, 0.000000e+000, 0.000000e+000, 0.000000e+000
 5.513000e-001, 2.172935e+003, 4.250572e+001,-2.927636e+003, 7.886380e+003, 5.904854e+001,-1.324435e+002, 7.651623e+003, 0.000000e+000, 0.000000e+000, 0.000000e+000
 5.513500e-001, 2.261510e+003,-2.073034e+002,-2.863365e+003, 7.978599e+003, 5.904992e+001,-1.328279e+002, 7.739542e+003, 0.000000e+000, 0.000000e+000, 0.000000e+000
 5.514000e-001, 2.158749e+003, 1.705515e+002,-2.984613e+003, 8.067451e+003, 5.905014e+001,-1.337945e+002, 7.827866e+003, 0.000000e+000, 0.000000e+000, 0.000000e+000
 5.514500e-001, 2.229702e+003,-7.705498e+001,-2.936993e+003, 8.153985e+003, 5.890187e+001,-1.340822e+002, 7.910170e+003, 0.000000e+000, 0.000000e+000, 0.000000e+000
 5.515000e-001, 2.141996e+003, 2.951592e+002,-3.037556e+003, 8.237053e+003, 5.898256e+001,-1.349418e+002, 7.992967e+003, 0.000000e+000, 0.000000e+000, 0.000000e+000
 5.515500e-001, 2.194262e+003, 5.644405e+001,-3.006162e+003, 8.317776e+003, 5.868847e+001,-1.351378e+002, 8.069560e+003, 0.000000e+000, 0.000000e+000, 0.000000e+000
 5.516000e-001, 2.122635e+003, 4.162317e+002,-3.086561e+003, 8.394942e+003, 5.884779e+001,-1.358830e+002, 8.146688e+003, 0.000000e+000, 0.000000e+000, 0.000000e+000
 5.516500e-001, 2.155314e+003, 1.928858e+002,-3.070602e+003, 8.469739e+003, 5.841454e+001,-1.359923e+002, 8.217484e+003, 0.000000e+000, 0.000000e+000, 0.000000e+000
 5.517000e-001, 2.100613e+003, 5.337570e+002,-3.131730e+003, 8.540896e+003, 5.864770e+001,-1.366157e+002, 8.288810e+003, 0.000000e+000, 0.000000e+000, 0.000000e+000
 5.517500e-001, 2.112999e+003, 3.318797e+002,-3.130049e+003, 8.609654e+003, 5.808460e+001,-1.366435e+002, 8.353731e+003, 0.000000e+000, 0.000000e+000, 0.000000e+000
 5.518000e-001, 2.075868e+003, 6.478051e+002,-3.173165e+003, 8.674706e+003, 5.838400e+001,-1.371385e+002, 8.419129e+003, 0.000000e+000, 0.000000e+000, 0.000000e+000
 5.518500e-001, 2.067473e+003, 4.729568e+002,-3.184258e+003, 8.737325e+003, 5.770284e+001,-1.370897e+002, 8.478106e+003, 0.000000e+000, 0.000000e+000, 0.000000e+000
 5.519000e-001, 2.048332e+003, 7.585228e+002,-3.210958e+003, 8.796180e+003, 5.805827e+001,-1.374502e+002, 8.537458e+003, 0.000000e+000, 0.000000e+000, 0.000000e+000
 5.519500e-001, 2.018910e+003, 6.155776e+002,-3.233009e+003, 8.852567e+003, 5.727303e+001,-1.373293e+002, 8.590432e+003, 0.000000e+000, 0.000000e+000, 0.000000e+000
 5.520000e-001, 2.017928e+003, 8.661255e+002,-3.245189e+003, 8.905146e+003, 5.767190e+001,-1.375504e+002, 8.643631e+003, 0.000000e+000, 0.000000e+000, 0.000000e+000
 5.520500e-001, 1.967500e+003, 7.591415e+002,-3.276113e+003, 8.955217e+003, 5.679842e+001,-1.373611e+002, 8.690544e+003, 0.000000e+000, 0.000000e+000, 0.000000e+000
 5.521000e-001, 1.984575e+003, 9.708867e+002,-3.275912e+003, 9.001450e+003, 5.722620e+001,-1.374390e+002, 8.737494e+003, 0.000000e+000, 0.000000e+000, 0.000000e+000
 5.521500e-001, 1.913442e+003, 9.029989e+002,-3.313419e+003, 9.045128e+003, 5.628175e+001,-1.371842e+002, 8.778300e+003, 0.000000e+000, 0.000000e+000, 0.000000e+000
 5.522000e-001, 1.948188e+003, 1.073125e+003,-3.303154e+003, 9.084953e+003, 5.672232e+001,-1.371168e+002, 8.818917e+003, 0.000000e+000, 0.000000e+000, 0.000000e+000
 5.522500e-001, 1.856947e+003, 1.046464e+003,-3.344821e+003, 9.122173e+003, 5.572512e+001,-1.367983e+002, 8.853574e+003, 0.000000e+000, 0.000000e+000, 0.000000e+000
 5.523000e-001, 1.908684e+003, 1.173193e+003,-3.326911e+003, 9.155539e+003, 5.616133e+001,-1.365847e+002, 8.887782e+003, 0.000000e+000, 0.000000e+000, 0.000000e+000
 5.523500e-001, 1.798229e+003, 1.188832e+003,-3.370256e+003, 9.186242e+003, 5.513006e+001,-1.362033e+002, 8.916257e+003, 0.000000e+000, 0.000000e+000, 0.000000e+000
 5.524000e-001, 1.865981e+003, 1.271457e+003,-3.347146e+003, 9.213105e+003, 5.554418e+001,-1.358443e+002, 8.943995e+003, 0.000000e+000, 0.000000e+000, 0.000000e+000
 5.524500e-001, 1.737507e+003, 1.329391e+003,-3.389711e+003, 9.237244e+003, 5.449744e+001,-1.353996e+002, 8.966257e+003, 0.000000e+000, 0.000000e+000, 0.000000e+000
 5.525000e-001, 1.820007e+003, 1.368289e+003,-3.363787e+003, 9.257571e+003, 5.487172e+001,-1.348977e+002, 8.987477e+003, 0.000000e+000, 0.000000e+000, 0.000000e+000
 5.525500e-001, 1.675000e+003, 1.467440e+003,-3.403221e+003, 9.275107e+003, 5.382754e+001,-1.343881e+002, 9.003502e+003, 0.000000e+000, 0.000000e+000, 0.000000e+000
 5.526000e-001, 1.770695e+003, 1.464044e+003,-3.376727e+003, 9.288875e+003, 5.414472e+001,-1.337474e+002, 9.018166e+003, 0.000000e+000, 0.000000e+000, 0.000000e+000
 5.526500e-001, 1.610922e+003, 1.602306e+003,-3.410864e+003, 9.299779e+003, 5.312003e+001,-1.331702e+002, 9.027938e+003, 0.000000e+000, 0.000000e+000, 0.000000e+000
 5.527000e-001, 1.717996e+003, 1.559051e+003,-3.385832e+003, 9.306971e+003, 5.336385e+001,-1.323961e+002, 9.036021e+003, 0.000000e+000, 0.000000e+000, 0.000000e+000
 5.527500e-001, 1.545475e+003, 1.733356e+003,-3.412760e+003, 9.311225e+003, 5.237401e+001,-1.317480e+002, 9.039528e+003, 0.000000e+000, 0.000000e+000, 0.000000e+000
 5.528000e-001, 1.661877e+003, 1.653595e+003,-3.390943e+003, 9.311834e+003, 5.252971e+001,-1.308471e+002, 9.041021e+003, 0.000000e+000, 0.000000e+000, 0.000000e+000
 5.528500e-001, 1.478855e+003, 1.860011e+003,-3.409064e+003, 9.309429e+003, 5.158810e+001,-1.301239e+002, 9.038256e+003, 0.000000e+000, 0.000000e+000, 0.000000e+000
 5.529000e-001, 1.602323e+003, 1.747908e+003,-3.391882e+003, 9.303458e+003, 5.164277e+001,-1.291040e+002, 9.033158e+003, 0.000000e+000, 0.000000e+000, 0.000000e+000
 5.529500e-001, 1.411239e+003, 1.981759e+003,-3.399962e+003, 9.294395e+003, 5.076047e+001,-1.283011e+002, 9.024123e+003, 0.000000e+000, 0.000000e+000, 0.000000e+000
 5.530000e-001, 1.539345e+003, 1.842160e+003,-3.388458e+003, 9.281856e+003, 5.070342e+001,-1.271706e+002, 9.012447e+003, 0.000000e+000, 0.000000e+000, 0.000000e+000
 5.530500e-001, 1.342788e+003, 2.098161e+003,-3.385658e+003, 9.266146e+003, 4.988890e+001,-1.262832e+002, 8.997147e+003, 0.000000e+000, 0.000000e+000, 0.000000e+000
 5.531000e-001, 1.472979e+003, 1.936445e+003,-3.380482e+003, 9.247060e+003, 4.971194e+001,-1.250512e+002, 8.978919e+003, 0.000000e+000, 0.000000e+000, 0.000000e+000
 5.531500e-001, 1.273640e+003, 2.208862e+003,-3.366369e+003, 9.224724e+003, 4.897092e+001,-1.240746e+002, 8.957367e+003, 0.000000e+000, 0.000000e+000, 0.000000e+000
 5.532000e-001, 1.403285e+003, 2.030784e+003,-3.367766e+003, 9.199117e+003, 4.866849e+001,-1.227500e+002, 8.932625e+003, 0.000000e+000, 0.000000e+000, 0.000000e+000
 5.532500e-001, 1.203916e+003, 2.313591e+003,-3.342316e+003, 9.170188e+003, 4.800381e+001,-1.216800e+002, 8.904841e+003, 0.000000e+000, 0.000000e+000, 0.000000e+000
 5.533000e-001, 1.330354e+003, 2.125117e+003,-3.350138e+003, 9.138099e+003, 4.757310e+001,-1.202720e+002, 8.873634e+003, 0.000000e+000, 0.000000e+000, 0.000000e+000
 5.533500e-001, 1.133710e+003, 2.412166e+003,-3.313717e+003, 9.102618e+003, 4.698476e+001,-1.191048e+002, 8.839642e+003, 0.000000e+000, 0.000000e+000, 0.000000e+000
 5.534000e-001, 1.254305e+003, 2.219308e+003,-3.327449e+003, 9.064093e+003, 4.642567e+001,-1.176218e+002, 8.802029e+003, 0.000000e+000, 0.000000e+000, 0.000000e+000
 5.534500e-001, 1.063097e+003, 2.504489e+003,-3.280776e+003, 9.022112e+003, 4.591093e+001,-1.163548e+002, 8.761864e+003, 0.000000e+000, 0.000000e+000, 0.000000e+000
 5.535000e-001, 1.175282e+003, 2.313143e+003,-3.299578e+003, 8.977203e+003, 4.522598e+001,-1.148048e+002, 8.717918e+003, 0.000000e+000, 0.000000e+000, 0.000000e+000
 5.535500e-001, 9.921272e+002, 2.590544e+003,-3.243679e+003, 8.928786e+003, 4.477951e+001,-1.134361e+002, 8.671619e+003, 0.000000e+000, 0.000000e+000, 0.000000e+000
 5.536000e-001, 1.093458e+003, 2.406340e+003,-3.266438e+003, 8.877556e+003, 4.397366e+001,-1.118263e+002, 8.621421e+003, 0.000000e+000, 0.000000e+000, 0.000000e+000
 5.536500e-001, 9.208320e+002, 2.670391e+003,-3.202591e+003, 8.822773e+003, 4.358786e+001,-1.103554e+002, 8.569037e+003, 0.000000e+000, 0.000000e+000, 0.000000e+000
 5.537000e-001, 1.009028e+003, 2.498556e+003,-3.227981e+003, 8.765293e+003, 4.266825e+001,-1.086919e+002, 8.512677e+003, 0.000000e+000, 0.000000e+000, 0.000000e+000
 5.537500e-001, 8.492237e+002, 2.744156e+003,-3.157645e+003, 8.704227e+003, 4.233352e+001,-1.071194e+002, 8.454264e+003, 0.000000e+000, 0.000000e+000, 0.000000e+000
 5.538000e-001, 9.222106e+002, 2.589393e+003,-3.184203e+003, 8.640574e+003, 4.130913e+001,-1.054073e+002, 8.391843e+003, 0.000000e+000, 0.000000e+000, 0.000000e+000
 5.538500e-001, 7.772988e+002, 2.812022e+003,-3.108949e+003, 8.573315e+003, 4.101430e+001,-1.037355e+002, 8.327466e+003, 0.000000e+000, 0.000000e+000, 0.000000e+000
 5.539000e-001, 8.332412e+002, 2.678417e+003,-3.135142e+003, 8.503580e+003, 3.989564e+001,-1.019786e+002, 8.259092e+003, 0.000000e+000, 0.000000e+000, 0.000000e+000
 5.539500e-001, 7.050409e+002, 2.874216e+003,-3.056579e+003, 8.430229e+003, 3.962834e+001,-1.002108e+002, 8.188824e+003, 0.000000e+000, 0.000000e+000, 0.000000e+000
 5.540000e-001, 7.423705e+002, 2.765161e+003,-3.080876e+003, 8.354504e+003, 3.842701e+001,-9.841203e+001, 8.114615e+003, 0.000000e+000, 0.000000e+000, 0.000000e+000
 5.540500e-001, 6.324247e+002, 2.930999e+003,-3.000583e+003, 8.275169e+003, 3.817414e+001,-9.655267e+001, 8.038540e+003, 0.000000e+000, 0.000000e+000, 0.000000e+000
 5.541000e-001, 6.498597e+002, 2.849145e+003,-3.021524e+003, 8.193559e+003, 3.690248e+001,-9.471384e+001, 7.958619e+003, 0.000000e+000, 0.000000e+000, 0.000000e+000
 5.541500e-001, 5.594189e+002, 2.982654e+003,-2.940987e+003, 8.108359e+003, 3.665061e+001,-9.276864e+001, 7.876827e+003, 0.000000e+000, 0.000000e+000, 0.000000e+000
 5.542000e-001, 5.559767e+002, 2.929883e+003,-2.957241e+003, 8.020976e+003, 3.532124e+001,-9.089060e+001, 7.791325e+003, 0.000000e+000, 0.000000e+000, 0.000000e+000
 5.542500e-001, 4.859909e+002, 3.029469e+003,-2.877793e+003, 7.930037e+003, 3.505708e+001,-8.886606e+001, 7.703920e+003, 0.000000e+000, 0.000000e+000, 0.000000e+000
 5.543000e-001, 4.609920e+002, 3.006899e+003,-2.888212e+003, 7.837000e+003, 3.368256e+001,-8.694897e+001, 7.612972e+003, 0.000000e+000, 0.000000e+000, 0.000000e+000
 5.543500e-001, 4.121097e+002, 3.071733e+003,-2.810990e+003, 7.740457e+003, 3.339331e+001,-8.485226e+001, 7.520066e+003, 0.000000e+000, 0.000000e+000, 0.000000e+000
 5.544000e-001, 3.651745e+002, 3.079738e+003,-2.814645e+003, 7.641895e+003, 3.198579e+001,-8.289570e+001, 7.423814e+003, 0.000000e+000, 0.000000e+000, 0.000000e+000
 5.544500e-001, 3.377496e+002, 3.109721e+003,-2.740556e+003, 7.539888e+003, 3.165952e+001,-8.073444e+001, 7.325531e+003, 0.000000e+000, 0.000000e+000, 0.000000e+000
 5.545000e-001, 2.687882e+002, 3.147971e+003,-2.736765e+003, 7.435938e+003, 3.023043e+001,-7.873766e+001, 7.224122e+003, 0.000000e+000, 0.000000e+000, 0.000000e+000
 5.545500e-001, 2.628938e+002, 3.143686e+003,-2.666471e+003, 7.328618e+003, 2.985635e+001,-7.651961e+001, 7.120592e+003, 0.000000e+000, 0.000000e+000, 0.000000e+000
 5.546000e-001, 1.720887e+002, 3.211210e+003,-2.654808e+003, 7.219422e+003, 2.841616e+001,-7.448178e+001, 7.014176e+003, 0.000000e+000, 0.000000e+000, 0.000000e+000
 5.546500e-001, 1.875363e+002, 3.173852e+003,-2.588718e+003, 7.106945e+003, 2.798488e+001,-7.221460e+001, 6.905545e+003, 0.000000e+000, 0.000000e+000, 0.000000e+000
 5.547000e-001, 7.532051e+001, 3.269111e+003,-2.569010e+003, 6.992657e+003, 2.654290e+001,-7.013499e+001, 6.794277e+003, 0.000000e+000, 0.000000e+000, 0.000000e+000
 5.547500e-001, 1.116846e+002, 3.200410e+003,-2.507292e+003, 6.875186e+003, 2.604662e+001,-6.782603e+001, 6.680697e+003, 0.000000e+000, 0.000000e+000, 0.000000e+000
 5.548000e-001,-2.128526e+001, 3.321375e+003,-2.479605e+003, 6.755965e+003, 2.461089e+001,-6.570423e+001, 6.564736e+003, 0.000000e+000, 0.000000e+000, 0.000000e+000
 5.548500e-001, 3.536105e+001, 3.223512e+003,-2.422207e+003, 6.633670e+003, 2.404345e+001,-6.336028e+001, 6.446372e+003, 0.000000e+000, 0.000000e+000, 0.000000e+000
 5.549000e-001,-1.175123e+002, 3.367757e+003,-2.386816e+003, 6.509683e+003, 2.262068e+001,-6.119638e+001, 6.325879e+003, 0.000000e+000, 0.000000e+000, 0.000000e+000
 5.549500e-001,-4.139631e+001, 3.243273e+003,-2.333500e+003, 6.382740e+003, 2.197765e+001,-5.882349e+001, 6.202902e+003, 0.000000e+000, 0.000000e+000, 0.000000e+000
 5.550000e-001,-2.131602e+002, 3.408065e+003,-2.290850e+003, 6.254161e+003, 2.057323e+001,-5.661823e+001, 6.078044e+003, 0.000000e+000, 0.000000e+000, 0.000000e+000
 5.550500e-001,-1.185334e+002, 3.259770e+003,-2.241234e+003, 6.122752e+003, 1.985186e+001,-5.422161e+001, 5.950638e+003, 0.000000e+000, 0.000000e+000, 0.000000e+000
 5.551000e-001,-3.080444e+002, 3.442155e+003,-2.191895e+003, 5.989763e+003, 1.846990e+001,-5.197645e+001, 5.821583e+003, 0.000000e+000, 0.000000e+000, 0.000000e+000
 5.551500e-001,-1.959807e+002, 3.273042e+003,-2.145505e+003, 5.854076e+003, 1.766906e+001,-4.956036e+001, 5.689939e+003, 0.000000e+000, 0.000000e+000, 0.000000e+000
 5.552000e-001,-4.019965e+002, 3.469931e+003,-2.090117e+003, 5.716864e+003, 1.631253e+001,-4.727757e+001, 5.556860e+003, 0.000000e+000, 0.000000e+000, 0.000000e+000
 5.552500e-001,-2.736539e+002, 3.283097e+003,-2.046435e+003, 5.577093e+003, 1.543256e+001,-4.484528e+001, 5.421176e+003, 0.000000e+000, 0.000000e+000, 0.000000e+000
 5.553000e-001,-4.948626e+002, 3.491342e+003,-1.985663e+003, 5.435853e+003, 1.410342e+001,-4.252795e+001, 5.284250e+003, 0.000000e+000, 0.000000e+000, 0.000000e+000
 5.553500e-001,-3.514556e+002, 3.289915e+003,-1.944182e+003, 5.292196e+003, 1.314598e+001,-4.008175e+001, 5.144732e+003, 0.000000e+000, 0.000000e+000, 0.000000e+000
 5.554000e-001,-5.865027e+002, 3.506375e+003,-1.878654e+003, 5.147127e+003, 1.184536e+001,-3.773371e+001, 5.004138e+003, 0.000000e+000, 0.000000e+000, 0.000000e+000
 5.554500e-001,-4.292771e+002, 3.293454e+003,-1.838928e+003, 4.999790e+003, 1.081326e+001,-3.527503e+001, 4.861001e+003, 0.000000e+000, 0.000000e+000, 0.000000e+000
 5.555000e-001,-6.767885e+002, 3.515049e+003,-1.769195e+003, 4.851099e+003, 9.541644e+000,-3.290079e+001, 4.716923e+003, 0.000000e+000, 0.000000e+000, 0.000000e+000
 5.555500e-001,-5.070008e+002, 3.293655e+003,-1.730884e+003, 4.700288e+003, 8.438613e+000,-3.043030e+001, 4.570385e+003, 0.000000e+000, 0.000000e+000, 0.000000e+000
 5.556000e-001,-7.656016e+002, 3.517414e+003,-1.657375e+003, 4.548186e+003, 7.196044e+000,-2.803489e+001, 4.423012e+003, 0.000000e+000, 0.000000e+000, 0.000000e+000
 5.556500e-001,-5.845021e+002, 3.290449e+003,-1.620278e+003, 4.394116e+003, 6.026556e+000,-2.555264e+001, 4.273297e+003, 0.000000e+000, 0.000000e+000, 0.000000e+000
 5.557000e-001,-8.528317e+002, 3.513537e+003,-1.543271e+003, 4.238820e+003, 4.812819e+000,-2.314148e+001, 4.122821e+003, 0.000000e+000, 0.000000e+000, 0.000000e+000
 5.557500e-001,-6.616522e+002, 3.283760e+003,-1.507355e+003, 4.081709e+003, 3.581890e+000,-2.064713e+001, 3.970159e+003, 0.000000e+000, 0.000000e+000, 0.000000e+000
 5.558000e-001,-9.383741e+002, 3.503504e+003,-1.426956e+003, 3.923439e+003, 2.396683e+000,-1.822582e+001, 3.816776e+003, 0.000000e+000, 0.000000e+000, 0.000000e+000
 5.558500e-001,-7.383207e+002, 3.273513e+003,-1.392368e+003, 3.763508e+003, 1.109697e+000,-1.571885e+001, 3.661399e+003, 0.000000e+000, 0.000000e+000, 0.000000e+000
 5.559000e-001,-1.022128e+003, 3.487413e+003,-1.308504e+003, 3.602490e+003,-4.722691e-002,-1.329299e+001, 3.505312e+003, 0.000000e+000, 0.000000e+000, 0.000000e+000
 5.559500e-001,-8.143771e+002, 3.259640e+003,-1.275572e+003, 3.439966e+003,-1.384658e+000,-1.077291e+001, 3.347454e+003, 0.000000e+000, 0.000000e+000, 0.000000e+000
 5.560000e-001,-1.103995e+003, 3.465367e+003,-1.187992e+003, 3.276428e+003,-2.513385e+000,-8.347860e+000, 3.188870e+003, 0.000000e+000, 0.000000e+000, 0.000000e+000
 5.560500e-001,-8.896933e+002, 3.242076e+003,-1.157220e+003, 3.111541e+003,-3.895534e+000,-5.814435e+000, 3.028770e+003, 0.000000e+000, 0.000000e+000, 0.000000e+000
 5.561000e-001,-1.183876e+003, 3.437478e+003,-1.065514e+003, 2.945717e+003,-4.995918e+000,-3.395192e+000, 2.867898e+003, 0.000000e+000, 0.000000e+000, 0.000000e+000
 5.561500e-001,-9.641453e+002, 3.220769e+003,-1.037552e+003, 2.778698e+003,-6.417022e+000,-8.486546e-001, 2.705795e+003, 0.000000e+000, 0.000000e+000, 0.000000e+000
 5.562000e-001,-1.261673e+003, 3.403856e+003,-9.411787e+002, 2.610823e+003,-7.488659e+000, 1.560365e+000, 2.542853e+003, 0.000000e+000, 0.000000e+000, 0.000000e+000
 5.562500e-001,-1.037614e+003, 3.195675e+003,-9.167939e+002, 2.441910e+003,-8.942957e+000, 4.119146e+000, 2.378988e+003, 0.000000e+000, 0.000000e+000, 0.000000e+000
 5.563000e-001,-1.337287e+003, 3.364621e+003,-8.151171e+002, 2.272221e+003,-9.985191e+000, 6.514216e+000, 2.214195e+003, 0.000000e+000, 0.000000e+000, 0.000000e+000
 5.563500e-001,-1.109985e+003, 3.166764e+003,-7.951508e+002, 2.101655e+003,-1.146693e+001, 9.083593e+000, 2.048810e+003, 0.000000e+000, 0.000000e+000, 0.000000e+000
 5.564000e-001,-1.410616e+003, 3.319890e+003,-6.874861e+002, 1.930393e+003,-1.247891e+001, 1.146178e+001, 1.882390e+003, 0.000000e+000, 0.000000e+000, 0.000000e+000
 5.564500e-001,-1.181153e+003, 3.134012e+003,-6.728058e+002, 1.758413e+003,-1.398233e+001, 1.403923e+001, 1.715726e+003, 0.000000e+000, 0.000000e+000, 0.000000e+000
 5.565000e-001,-1.481559e+003, 3.269788e+003,-5.584691e+002, 1.585822e+003,-1.496307e+001, 1.639842e+001, 1.547909e+003, 0.000000e+000, 0.000000e+000, 0.000000e+000
 5.565500e-001,-1.251015e+003, 3.097405e+003,-5.499170e+002, 1.412672e+003,-1.648235e+001, 1.898050e+001, 1.380208e+003, 0.000000e+000, 0.000000e+000, 0.000000e+000
 5.566000e-001,-1.550013e+003, 3.214448e+003,-4.282774e+002, 1.238996e+003,-1.743084e+001, 2.131943e+001, 1.211226e+003, 0.000000e+000, 0.000000e+000, 0.000000e+000
 5.566500e-001,-1.319477e+003, 3.056933e+003,-4.266179e+002, 1.064922e+003,-1.896003e+001, 2.390179e+001, 1.042729e+003, 0.000000e+000, 0.000000e+000, 0.000000e+000
 5.567000e-001,-1.615875e+003, 3.154011e+003,-2.971481e+002, 8.904072e+002,-1.987537e+001, 2.621997e+001, 8.728196e+002, 0.000000e+000, 0.000000e+000, 0.000000e+000
 5.567500e-001,-1.386445e+003, 3.012586e+003,-3.030186e+002, 7.156568e+002,-2.140833e+001, 2.879739e+001, 7.037664e+002, 0.000000e+000, 0.000000e+000, 0.000000e+000
 5.568000e-001,-1.679047e+003, 3.088630e+003,-1.653426e+002, 5.405496e+002,-2.228984e+001, 3.109502e+001, 5.331695e+002, 0.000000e+000, 0.000000e+000, 0.000000e+000
 5.568500e-001,-1.451834e+003, 2.964357e+003,-1.792089e+002, 3.653704e+002,-2.382015e+001, 3.366153e+001, 3.637980e+002, 0.000000e+000, 0.000000e+000, 0.000000e+000
 5.569000e-001,-1.739430e+003, 3.018475e+003,-3.314166e+001, 1.899193e+002,-2.466747e+001, 3.593935e+001, 1.927578e+002, 0.000000e+000, 0.000000e+000, 0.000000e+000
 5.569500e-001,-1.515557e+003, 2.912233e+003,-5.526167e+001, 1.455985e+001,-2.618841e+001, 3.848839e+001, 2.330407e+001, 0.000000e+000, 0.000000e+000, 0.000000e+000
 5.570000e-001,-1.796933e+003, 2.943733e+003, 9.915867e+001,-1.609866e+002,-2.700164e+001, 4.074751e+001,-1.479324e+002, 0.000000e+000, 0.000000e+000, 0.000000e+000
 5.570500e-001,-1.577529e+003, 2.856195e+003, 6.876152e+001,-3.362774e+002,-2.850610e+001, 4.327209e+001,-3.172345e+002, 0.000000e+000, 0.000000e+000, 0.000000e+000
 5.571000e-001,-1.851470e+003, 2.864609e+003, 2.312536e+002,-5.116703e+002,-2.928588e+001, 4.551380e+001,-4.884172e+002, 0.000000e+000, 0.000000e+000, 0.000000e+000
 5.571500e-001,-1.637666e+003, 2.796216e+003, 1.928051e+002,-6.866438e+002,-3.076639e+001, 4.800670e+001,-6.573366e+002, 0.000000e+000, 0.000000e+000, 0.000000e+000
 5.572000e-001,-1.902963e+003, 2.781330e+003, 3.628357e+002,-8.616343e+002,-3.151393e+001, 5.023225e+001,-8.282131e+002, 0.000000e+000, 0.000000e+000, 0.000000e+000
 5.572500e-001,-1.695881e+003, 2.732262e+003, 3.168130e+002,-1.036042e+003,-3.296264e+001, 5.268625e+001,-9.965218e+002, 0.000000e+000, 0.000000e+000, 0.000000e+000
 5.573000e-001,-1.951343e+003, 2.694143e+003, 4.936016e+002,-1.210382e+003,-3.367977e+001, 5.489663e+001,-1.166838e+003, 0.000000e+000, 0.000000e+000, 0.000000e+000
 5.573500e-001,-1.752085e+003, 2.664291e+003, 4.407233e+002,-1.383978e+003,-3.508853e+001, 5.730475e+001,-1.334311e+003, 0.000000e+000, 0.000000e+000, 0.000000e+000
 5.574000e-001,-1.996551e+003, 2.603312e+003, 6.232586e+002,-1.557419e+003,-3.577767e+001, 5.950051e+001,-1.503809e+003, 0.000000e+000, 0.000000e+000, 0.000000e+000
 5.574500e-001,-1.806187e+003, 2.592254e+003, 5.644614e+002,-1.729956e+003,-3.713810e+001, 6.185614e+001,-1.670226e+003, 0.000000e+000, 0.000000e+000, 0.000000e+000
 5.575000e-001,-2.038539e+003, 2.509121e+003, 7.515305e+002,-1.902251e+003,-3.780222e+001, 6.403719e+001,-1.838649e+003, 0.000000e+000, 0.000000e+000, 0.000000e+000
 5.575500e-001,-1.858090e+003, 2.516096e+003, 6.879358e+002,-2.073485e+003,-3.910586e+001, 6.633435e+001,-2.003792e+003, 0.000000e+000, 0.000000e+000, 0.000000e+000
 5.576000e-001,-2.077271e+003, 2.411864e+003, 8.781626e+002,-2.244390e+003,-3.974835e+001, 6.849979e+001,-2.170882e+003, 0.000000e+000, 0.000000e+000, 0.000000e+000
 5.576500e-001,-1.907698e+003, 2.435765e+003, 8.110334e+002,-2.414079e+003,-4.098679e+001, 7.073325e+001,-2.334536e+003, 0.000000e+000, 0.000000e+000, 0.000000e+000
 5.577000e-001,-2.112718e+003, 2.311846e+003, 1.002926e+003,-2.583350e+003,-4.161138e+001, 7.288132e+001,-2.500035e+003, 0.000000e+000, 0.000000e+000, 0.000000e+000
 5.577500e-001,-1.954910e+003, 2.351210e+003, 9.336169e+002,-2.751254e+003,-4.277645e+001, 7.504666e+001,-2.661991e+003, 0.000000e+000, 0.000000e+000, 0.000000e+000
 5.578000e-001,-2.144864e+003, 2.209376e+003, 1.125622e+003,-2.918648e+003,-4.338704e+001, 7.717462e+001,-2.825640e+003, 0.000000e+000, 0.000000e+000, 0.000000e+000
 5.578500e-001,-1.999622e+003, 2.262391e+003, 1.055523e+003,-3.084529e+003,-4.447100e+001, 7.926837e+001,-2.985692e+003, 0.000000e+000, 0.000000e+000, 0.000000e+000
 5.579000e-001,-2.173702e+003, 2.104760e+003, 1.246078e+003,-3.249808e+003,-4.507148e+001, 8.137251e+001,-3.147235e+003, 0.000000e+000, 0.000000e+000, 0.000000e+000
 5.579500e-001,-2.041734e+003, 2.169279e+003, 1.176560e+003,-3.413433e+003,-4.606725e+001, 8.339212e+001,-3.305179e+003, 0.000000e+000, 0.000000e+000, 0.000000e+000
 5.580000e-001,-2.199234e+003, 1.998297e+003, 1.364157e+003,-3.576360e+003,-4.666133e+001, 8.546777e+001,-3.464363e+003, 0.000000e+000, 0.000000e+000, 0.000000e+000
 5.580500e-001,-2.081142e+003, 2.071870e+003, 1.296516e+003,-3.737497e+003,-4.756270e+001, 8.741160e+001,-3.619999e+003, 0.000000e+000, 0.000000e+000, 0.000000e+000
 5.581000e-001,-2.221465e+003, 1.890271e+003, 1.479745e+003,-3.897839e+003,-4.815371e+001, 8.945322e+001,-3.776573e+003, 0.000000e+000, 0.000000e+000, 0.000000e+000
 5.581500e-001,-2.117748e+003, 1.970180e+003, 1.415151e+003,-4.056260e+003,-4.895551e+001, 9.132045e+001,-3.929704e+003, 0.000000e+000, 0.000000e+000, 0.000000e+000
 5.582000e-001,-2.240409e+003, 1.780947e+003, 1.592759e+003,-4.213788e+003,-4.954622e+001, 9.332178e+001,-4.083420e+003, 0.000000e+000, 0.000000e+000, 0.000000e+000
 5.582500e-001,-2.151459e+003, 1.864260e+003, 1.532209e+003,-4.369269e+003,-5.024453e+001, 9.511228e+001,-4.233853e+003, 0.000000e+000, 0.000000e+000, 0.000000e+000
 5.583000e-001,-2.256081e+003, 1.670566e+003, 1.703134e+003,-4.523757e+003,-5.083701e+001, 9.706647e+001,-4.384472e+003, 0.000000e+000, 0.000000e+000, 0.000000e+000
 5.583500e-001,-2.182185e+003, 1.754195e+003, 1.647420e+003,-4.676079e+003,-5.142929e+001, 9.878070e+001,-4.532011e+003, 0.000000e+000, 0.000000e+000, 0.000000e+000
 5.584000e-001,-2.268498e+003, 1.559337e+003, 1.810825e+003,-4.827306e+003,-5.202476e+001, 1.006805e+002,-4.679298e+003, 0.000000e+000, 0.000000e+000, 0.000000e+000
 5.584500e-001,-2.209846e+003, 1.640106e+003, 1.760506e+003,-4.976252e+003,-5.250996e+001, 1.023193e+002,-4.823754e+003, 0.000000e+000, 0.000000e+000, 0.000000e+000
 5.585000e-001,-2.277678e+003, 1.447439e+003, 1.915797e+003,-5.124001e+003,-5.310869e+001, 1.041572e+002,-4.967481e+003, 0.000000e+000, 0.000000e+000, 0.000000e+000
 5.585500e-001,-2.234371e+003, 1.522157e+003, 1.871184e+003,-5.269361e+003,-5.348732e+001, 1.057216e+002,-5.108664e+003, 0.000000e+000, 0.000000e+000, 0.000000e+000
 5.586000e-001,-2.283638e+003, 1.335015e+003, 2.018025e+003,-5.413422e+003,-5.408858e+001, 1.074903e+002,-5.248613e+003, 0.000000e+000, 0.000000e+000, 0.000000e+000
 5.586500e-001,-2.255699e+003, 1.400554e+003, 1.979177e+003,-5.554989e+003,-5.436274e+001, 1.089814e+002,-5.386334e+003, 0.000000e+000, 0.000000e+000, 0.000000e+000
 5.587000e-001,-2.286393e+003, 1.222170e+003, 2.117480e+003,-5.695155e+003,-5.496474e+001, 1.106736e+002,-5.522294e+003, 0.000000e+000, 0.000000e+000, 0.000000e+000
 5.587500e-001,-2.273781e+003, 1.275542e+003, 2.084215e+003,-5.832729e+003,-5.513807e+001, 1.120924e+002,-5.656365e+003, 0.000000e+000, 0.000000e+000, 0.000000e+000
 5.588000e-001,-2.285955e+003, 1.108977e+003, 2.214135e+003,-5.968799e+003,-5.573804e+001, 1.137012e+002,-5.788136e+003, 0.000000e+000, 0.000000e+000, 0.000000e+000
 5.588500e-001,-2.288578e+003, 1.147408e+003, 2.186044e+003,-6.102183e+003,-5.581564e+001, 1.150483e+002,-5.918371e+003, 0.000000e+000, 0.000000e+000, 0.000000e+000
 5.589000e-001,-2.282335e+003, 9.954758e+002, 2.307948e+003,-6.233964e+003,-5.640985e+001, 1.165676e+002,-6.045763e+003, 0.000000e+000, 0.000000e+000, 0.000000e+000
 5.589500e-001,-2.300064e+003, 1.016473e+003, 2.284429e+003,-6.362969e+003,-5.639814e+001, 1.178433e+002,-6.171975e+003, 0.000000e+000, 0.000000e+000, 0.000000e+000
 5.590000e-001,-2.275540e+003, 8.816744e+002, 2.398870e+003,-6.490273e+003,-5.698203e+001, 1.192675e+002,-6.294809e+003, 0.000000e+000, 0.000000e+000, 0.000000e+000
 5.590500e-001,-2.308223e+003, 8.830912e+002, 2.379157e+003,-6.614714e+003,-5.688858e+001, 1.204715e+002,-6.416812e+003, 0.000000e+000, 0.000000e+000, 0.000000e+000
 5.591000e-001,-2.265578e+003, 7.675572e+002, 2.486834e+003,-6.737359e+003,-5.745693e+001, 1.217958e+002,-6.534920e+003, 0.000000e+000, 0.000000e+000, 0.000000e+000
 5.591500e-001,-2.313050e+003, 7.476412e+002, 2.470040e+003,-6.857060e+003,-5.729024e+001, 1.229272e+002,-6.652532e+003, 0.000000e+000, 0.000000e+000, 0.000000e+000
 5.592000e-001,-2.252453e+003, 6.530883e+002, 2.571758e+003,-6.974872e+003,-5.783727e+001, 1.241478e+002,-6.765757e+003, 0.000000e+000, 0.000000e+000, 0.000000e+000
 5.592500e-001,-2.314547e+003, 6.105226e+002, 2.556916e+003,-7.089660e+003,-5.760655e+001, 1.252052e+002,-6.878794e+003, 0.000000e+000, 0.000000e+000, 0.000000e+000
 5.593000e-001,-2.236172e+003, 5.382184e+002, 2.653543e+003,-7.202470e+003,-5.812616e+001, 1.263191e+002,-6.986991e+003, 0.000000e+000, 0.000000e+000, 0.000000e+000
 5.593500e-001,-2.312727e+003, 4.721475e+002, 2.639651e+003,-7.312182e+003,-5.784104e+001, 1.273005e+002,-7.095274e+003, 0.000000e+000, 0.000000e+000, 0.000000e+000
 5.594000e-001,-2.216745e+003, 4.228911e+002, 2.732073e+003,-7.419832e+003,-5.832702e+001, 1.283055e+002,-7.198308e+003, 0.000000e+000, 0.000000e+000, 0.000000e+000
 5.594500e-001,-2.307607e+003, 3.329337e+002, 2.718136e+003,-7.524309e+003,-5.799730e+001, 1.292084e+002,-7.301661e+003, 0.000000e+000, 0.000000e+000, 0.000000e+000
 5.595000e-001,-2.194184e+003, 3.070496e+002, 2.807219e+003,-7.626644e+003,-5.844350e+001, 1.301032e+002,-7.399407e+003, 0.000000e+000, 0.000000e+000, 0.000000e+000
 5.595500e-001,-2.299207e+003, 1.932971e+002, 2.792286e+003,-7.725739e+003,-5.807889e+001, 1.309246e+002,-7.497658e+003, 0.000000e+000, 0.000000e+000, 0.000000e+000
 5.596000e-001,-2.168507e+003, 1.906436e+002, 2.878839e+003,-7.822614e+003,-5.847944e+001, 1.317086e+002,-7.590001e+003, 0.000000e+000, 0.000000e+000, 0.000000e+000
 5.596500e-001,-2.287553e+003, 5.364556e+001, 2.862035e+003,-7.916184e+003,-5.808929e+001, 1.324451e+002,-7.682984e+003, 0.000000e+000, 0.000000e+000, 0.000000e+000
 5.597000e-001,-2.139739e+003, 7.363511e+001, 2.946783e+003,-8.007460e+003,-5.843877e+001, 1.331183e+002,-7.769821e+003, 0.000000e+000, 0.000000e+000, 0.000000e+000
 5.597500e-001,-2.272669e+003,-8.562830e+001, 2.927339e+003,-8.095372e+003,-5.803186e+001, 1.337666e+002,-7.857373e+003, 0.000000e+000, 0.000000e+000, 0.000000e+000
 5.598000e-001,-2.107916e+003,-4.399594e+001, 3.010898e+003,-8.180920e+003,-5.832544e+001, 1.343294e+002,-7.938607e+003, 0.000000e+000, 0.000000e+000, 0.000000e+000
 5.598500e-001,-2.254579e+003,-2.241519e+002, 2.988163e+003,-8.263047e+003,-5.790979e+001, 1.348860e+002,-8.020575e+003, 0.000000e+000, 0.000000e+000, 0.000000e+000
 5.599000e-001,-2.073080e+003,-1.622473e+002, 3.071028e+003,-8.342746e+003,-5.814338e+001, 1.353393e+002,-8.096120e+003, 0.000000e+000, 0.000000e+000, 0.000000e+000
 5.599500e-001,-2.233307e+003,-3.615775e+002, 3.044486e+003,-8.418972e+003,-5.772605e+001, 1.358006e+002,-8.172357e+003, 0.000000e+000, 0.000000e+000, 0.000000e+000
 5.600000e-001,-2.035289e+003,-2.810908e+002, 3.127024e+003,-8.492706e+003,-5.789639e+001, 1.361455e+002,-8.242133e+003, 0.000000e+000, 0.000000e+000, 0.000000e+000
 5.600500e-001,-2.208872e+003,-4.975856e+002, 3.096293e+003,-8.562922e+003,-5.748340e+001, 1.365084e+002,-8.312502e+003, 0.000000e+000, 0.000000e+000, 0.000000e+000
 5.601000e-001,-1.994607e+003,-4.004702e+002, 3.178740e+003,-8.630587e+003,-5.758807e+001, 1.367462e+002,-8.376438e+003, 0.000000e+000, 0.000000e+000, 0.000000e+000
 5.601500e-001,-2.181292e+003,-6.318869e+002, 3.143570e+003,-8.694693e+003,-5.718431e+001, 1.370077e+002,-8.440810e+003, 0.000000e+000, 0.000000e+000, 0.000000e+000
 5.602000e-001,-1.951113e+003,-5.203002e+002, 3.226045e+003,-8.756191e+003,-5.722181e+001, 1.371396e+002,-8.498839e+003, 0.000000e+000, 0.000000e+000, 0.000000e+000
 5.602500e-001,-2.150581e+003,-7.642232e+002, 3.186306e+003,-8.814099e+003,-5.683101e+001, 1.372973e+002,-8.557099e+003, 0.000000e+000, 0.000000e+000, 0.000000e+000
 5.603000e-001,-1.904896e+003,-6.404663e+002, 3.268820e+003,-8.869341e+003,-5.680065e+001, 1.373246e+002,-8.609162e+003, 0.000000e+000, 0.000000e+000, 0.000000e+000
 5.603500e-001,-2.116749e+003,-8.943672e+002, 3.224486e+003,-8.920967e+003,-5.642540e+001, 1.373765e+002,-8.661204e+003, 0.000000e+000, 0.000000e+000, 0.000000e+000
 5.604000e-001,-1.856058e+003,-7.608268e+002, 3.306960e+003,-8.969874e+003,-5.632732e+001, 1.373003e+002,-8.707248e+003, 0.000000e+000, 0.000000e+000, 0.000000e+000
 5.604500e-001,-2.079807e+003,-1.022121e+003, 3.258092e+003,-9.015147e+003,-5.596911e+001, 1.372451e+002,-8.752978e+003, 0.000000e+000, 0.000000e+000, 0.000000e+000
 5.605000e-001,-1.804708e+003,-8.812144e+002, 3.340379e+003,-9.057647e+003,-5.580415e+001, 1.370664e+002,-8.792954e+003, 0.000000e+000, 0.000000e+000, 0.000000e+000
 5.605500e-001,-2.039763e+003,-1.147314e+003, 3.287103e+003,-9.096505e+003,-5.546347e+001, 1.369033e+002,-8.832291e+003, 0.000000e+000, 0.000000e+000, 0.000000e+000
 5.606000e-001,-1.750964e+003,-1.001440e+003, 3.369010e+003,-9.132536e+003,-5.523305e+001, 1.366229e+002,-8.866157e+003, 0.000000e+000, 0.000000e+000, 0.000000e+000
 5.606500e-001,-1.996624e+003,-1.269798e+003, 3.311491e+003,-9.164924e+003,-5.490949e+001, 1.363517e+002,-8.899032e+003, 0.000000e+000, 0.000000e+000, 0.000000e+000
 5.607000e-001,-1.694951e+003,-1.121297e+003, 3.392799e+003,-9.194434e+003,-5.461550e+001, 1.359703e+002,-8.926749e+003, 0.000000e+000, 0.000000e+000, 0.000000e+000
 5.607500e-001,-1.950403e+003,-1.389447e+003, 3.331227e+003,-9.220308e+003,-5.430792e+001, 1.355914e+002,-8.953107e+003, 0.000000e+000, 0.000000e+000, 0.000000e+000
 5.608000e-001,-1.636800e+003,-1.240564e+003, 3.411713e+003,-9.243253e+003,-5.395255e+001, 1.351097e+002,-8.974644e+003, 0.000000e+000, 0.000000e+000, 0.000000e+000
 5.608500e-001,-1.901112e+003,-1.506151e+003, 3.346277e+003,-9.262579e+003,-5.365919e+001, 1.346241e+002,-8.994443e+003, 0.000000e+000, 0.000000e+000, 0.000000e+000
 5.609000e-001,-1.576643e+003,-1.359011e+003, 3.425731e+003,-9.278925e+003,-5.324483e+001, 1.340426e+002,-9.009770e+003, 0.000000e+000, 0.000000e+000, 0.000000e+000
 5.609500e-001,-1.848771e+003,-1.619808e+003, 3.356609e+003,-9.291677e+003,-5.296349e+001, 1.334517e+002,-9.022981e+003, 0.000000e+000, 0.000000e+000, 0.000000e+000
 5.610000e-001,-1.514614e+003,-1.476405e+003, 3.434848e+003,-9.301398e+003,-5.249253e+001, 1.327711e+002,-9.032075e+003, 0.000000e+000, 0.000000e+000, 0.000000e+000
 5.610500e-001,-1.793406e+003,-1.730328e+003, 3.362191e+003,-9.307560e+003,-5.222073e+001, 1.320766e+002,-9.038685e+003, 0.000000e+000, 0.000000e+000, 0.000000e+000
 5.611000e-001,-1.450847e+003,-1.592511e+003, 3.439067e+003,-9.310644e+003,-5.169548e+001, 1.312977e+002,-9.041528e+003, 0.000000e+000, 0.000000e+000, 0.000000e+000
 5.611500e-001,-1.735052e+003,-1.837624e+003, 3.362994e+003,-9.310208e+003,-5.143057e+001, 1.305018e+002,-9.041532e+003, 0.000000e+000, 0.000000e+000, 0.000000e+000
 5.612000e-001,-1.385472e+003,-1.707098e+003, 3.438403e+003,-9.306647e+003,-5.085315e+001, 1.296254e+002,-9.038113e+003, 0.000000e+000, 0.000000e+000, 0.000000e+000
 5.612500e-001,-1.673756e+003,-1.941609e+003, 3.358998e+003,-9.299616e+003,-5.059245e+001, 1.287304e+002,-9.031522e+003, 0.000000e+000, 0.000000e+000, 0.000000e+000
 5.613000e-001,-1.318615e+003,-1.819945e+003, 3.432873e+003,-9.289417e+003,-4.996469e+001, 1.277578e+002,-9.021836e+003, 0.000000e+000, 0.000000e+000, 0.000000e+000
 5.613500e-001,-1.609572e+003,-2.042193e+003, 3.350190e+003,-9.275802e+003,-4.970560e+001, 1.267662e+002,-9.008672e+003, 0.000000e+000, 0.000000e+000, 0.000000e+000
 5.614000e-001,-1.250398e+003,-1.930837e+003, 3.422502e+003,-9.258977e+003,-4.902899e+001, 1.256990e+002,-8.992717e+003, 0.000000e+000, 0.000000e+000, 0.000000e+000
 5.614500e-001,-1.542571e+003,-2.139285e+003, 3.336568e+003,-9.238799e+003,-4.876906e+001, 1.246133e+002,-8.973016e+003, 0.000000e+000, 0.000000e+000, 0.000000e+000
 5.615000e-001,-1.180934e+003,-2.039572e+003, 3.407315e+003,-9.215372e+003,-4.804472e+001, 1.234532e+002,-8.950799e+003, 0.000000e+000, 0.000000e+000, 0.000000e+000
 5.615500e-001,-1.472833e+003,-2.232788e+003, 3.318142e+003,-9.188660e+003,-4.778171e+001, 1.222760e+002,-8.924606e+003, 0.000000e+000, 0.000000e+000, 0.000000e+000
 5.616000e-001,-1.110332e+003,-2.145962e+003, 3.387337e+003,-9.158667e+003,-4.701041e+001, 1.210256e+002,-8.896143e+003, 0.000000e+000, 0.000000e+000, 0.000000e+000
 5.616500e-001,-1.400453e+003,-2.322601e+003, 3.294939e+003,-9.125460e+003,-4.674229e+001, 1.197592e+002,-8.863516e+003, 0.000000e+000, 0.000000e+000, 0.000000e+000
 5.617000e-001,-1.038690e+003,-2.249829e+003, 3.362592e+003,-9.088941e+003,-4.592447e+001, 1.184212e+002,-8.828824e+003, 0.000000e+000, 0.000000e+000, 0.000000e+000
 5.617500e-001,-1.325539e+003,-2.408619e+003, 3.266998e+003,-9.049287e+003,-4.564942e+001, 1.170681e+002,-8.789831e+003, 0.000000e+000, 0.000000e+000, 0.000000e+000
 5.618000e-001,-9.661017e+002,-2.351007e+003, 3.333104e+003,-9.006298e+003,-4.478527e+001, 1.156459e+002,-8.748941e+003, 0.000000e+000, 0.000000e+000, 0.000000e+000
 5.618500e-001,-1.248211e+003,-2.490736e+003, 3.234375e+003,-8.960253e+003,-4.450165e+001, 1.142082e+002,-8.703661e+003, 0.000000e+000, 0.000000e+000, 0.000000e+000
 5.619000e-001,-8.926516e+002,-2.449340e+003, 3.298894e+003,-8.910854e+003,-4.359119e+001, 1.127054e+002,-8.656610e+003, 0.000000e+000, 0.000000e+000, 0.000000e+000
 5.619500e-001,-1.168600e+003,-2.568846e+003, 3.197140e+003,-8.858482e+003,-4.329746e+001, 1.111854e+002,-8.605129e+003, 0.000000e+000, 0.000000e+000, 0.000000e+000
 5.620000e-001,-8.184188e+002,-2.544680e+003, 3.259982e+003,-8.802747e+003,-4.234064e+001, 1.096062e+002,-8.551963e+003, 0.000000e+000, 0.000000e+000, 0.000000e+000
 5.620500e-001,-1.086849e+003,-2.642846e+003, 3.155378e+003,-8.744124e+003,-4.203533e+001, 1.080057e+002,-8.494377e+003, 0.000000e+000, 0.000000e+000, 0.000000e+000
 5.621000e-001,-7.434767e+002,-2.636882e+003, 3.216387e+003,-8.682132e+003,-4.103218e+001, 1.063545e+002,-8.435150e+003, 0.000000e+000, 0.000000e+000, 0.000000e+000
 5.621500e-001,-1.003108e+003,-2.712641e+003, 3.109188e+003,-8.617340e+003,-4.071374e+001, 1.046756e+002,-8.371563e+003, 0.000000e+000, 0.000000e+000, 0.000000e+000
 5.622000e-001,-6.678944e+002,-2.725805e+003, 3.168131e+003,-8.549182e+003,-3.966449e+001, 1.029572e+002,-8.306341e+003, 0.000000e+000, 0.000000e+000, 0.000000e+000
 5.622500e-001,-9.175366e+002,-2.778146e+003, 3.058679e+003,-8.478313e+003,-3.933124e+001, 1.012015e+002,-8.236864e+003, 0.000000e+000, 0.000000e+000, 0.000000e+000
 5.623000e-001,-5.917380e+002,-2.811304e+003, 3.115236e+003,-8.404086e+003,-3.823645e+001, 9.942089e+001,-8.165721e+003, 0.000000e+000, 0.000000e+000, 0.000000e+000
 5.623500e-001,-8.302996e+002,-2.839289e+003, 3.003969e+003,-8.327239e+003,-3.788645e+001, 9.759042e+001,-8.090473e+003, 0.000000e+000, 0.000000e+000, 0.000000e+000
 5.624000e-001,-5.150721e+002,-2.893229e+003, 3.057730e+003,-8.247053e+003,-3.674714e+001, 9.575257e+001,-8.013492e+003, 0.000000e+000, 0.000000e+000, 0.000000e+000
 5.624500e-001,-7.415654e+002,-2.896017e+003, 2.945184e+003,-8.164336e+003,-3.637813e+001, 9.384917e+001,-7.932596e+003, 0.000000e+000, 0.000000e+000, 0.000000e+000
 5.625000e-001,-4.379608e+002,-2.971424e+003, 2.995650e+003,-8.078306e+003,-3.519592e+001, 9.195914e+001,-7.849874e+003, 0.000000e+000, 0.000000e+000, 0.000000e+000
 5.625500e-001,-6.515054e+002,-2.948296e+003, 2.882453e+003,-7.989836e+003,-3.480521e+001, 8.998486e+001,-7.763461e+003, 0.000000e+000, 0.000000e+000, 0.000000e+000
 5.626000e-001,-3.604700e+002,-3.045720e+003, 2.929040e+003,-7.898086e+003,-3.358240e+001, 8.804757e+001,-7.675102e+003, 0.000000e+000, 0.000000e+000, 0.000000e+000
 5.626500e-001,-5.602911e+002,-2.996118e+003, 2.815907e+003,-7.803989e+003,-3.316683e+001, 8.600463e+001,-7.583307e+003, 0.000000e+000, 0.000000e+000, 0.000000e+000
 5.627000e-001,-2.826677e+002,-3.115938e+003, 2.857958e+003,-7.706651e+003,-3.190647e+001, 8.402477e+001,-7.489429e+003, 0.000000e+000, 0.000000e+000, 0.000000e+000
 5.627500e-001,-4.680935e+002,-3.039496e+003, 2.745676e+003,-7.607058e+003,-3.146237e+001, 8.191567e+001,-7.392391e+003, 0.000000e+000, 0.000000e+000, 0.000000e+000
 5.628000e-001,-2.046259e+002,-3.181882e+003, 2.782474e+003,-7.504273e+003,-3.016834e+001, 7.989761e+001,-7.293120e+003, 0.000000e+000, 0.000000e+000, 0.000000e+000
 5.628500e-001,-3.750807e+002,-3.078472e+003, 2.671884e+003,-7.399325e+003,-2.969152e+001, 7.772516e+001,-7.190984e+003, 0.000000e+000, 0.000000e+000, 0.000000e+000
 5.629000e-001,-1.264214e+002,-3.243345e+003, 2.702678e+003,-7.291240e+003,-2.836851e+001, 7.567285e+001,-7.086458e+003, 0.000000e+000, 0.000000e+000, 0.000000e+000
 5.629500e-001,-2.814176e+002,-3.113113e+003, 2.594652e+003,-7.181085e+003,-2.785428e+001, 7.344026e+001,-6.979373e+003, 0.000000e+000, 0.000000e+000, 0.000000e+000
 5.630000e-001,-4.813651e+001,-3.300107e+003, 2.618677e+003,-7.067855e+003,-2.650780e+001, 7.135717e+001,-6.869739e+003, 0.000000e+000, 0.000000e+000, 0.000000e+000
 5.630500e-001,-1.872640e+002,-3.143510e+003, 2.514091e+003,-6.952650e+003,-2.595102e+001, 6.906805e+001,-6.757857e+003, 0.000000e+000, 0.000000e+000, 0.000000e+000
 5.631000e-001, 3.014071e+001,-3.351935e+003, 2.530597e+003,-6.834437e+003,-2.458733e+001, 6.695709e+001,-6.643273e+003, 0.000000e+000, 0.000000e+000, 0.000000e+000
 5.631500e-001,-9.277493e+001,-3.169779e+003, 2.430302e+003,-6.714345e+003,-2.398250e+001, 6.461549e+001,-6.526751e+003, 0.000000e+000, 0.000000e+000, 0.000000e+000
 5.632000e-001, 1.083159e+002,-3.398587e+003, 2.438585e+003,-6.591316e+003,-2.260854e+001, 6.247900e+001,-6.407386e+003, 0.000000e+000, 0.000000e+000, 0.000000e+000
 5.632500e-001, 1.900598e+000,-3.192054e+003, 2.343378e+003,-6.466507e+003,-2.194994e+001, 6.008943e+001,-6.286384e+003, 0.000000e+000, 0.000000e+000, 0.000000e+000
 5.633000e-001, 1.862889e+002,-3.439817e+003, 2.342810e+003,-6.338840e+003,-2.057318e+001, 5.792911e+001,-6.162415e+003, 0.000000e+000, 0.000000e+000, 0.000000e+000
 5.633500e-001, 9.661901e+001,-3.210485e+003, 2.253399e+003,-6.209491e+003,-1.985499e+001, 5.549652e+001,-6.037097e+003, 0.000000e+000, 0.000000e+000, 0.000000e+000
 5.634000e-001, 2.639541e+002,-3.475380e+003, 2.243458e+003,-6.077366e+003,-1.848327e+001, 5.331351e+001,-5.908707e+003, 0.000000e+000, 0.000000e+000, 0.000000e+000
 5.634500e-001, 1.912422e+002,-3.225235e+003, 2.160436e+003,-5.943661e+003,-1.769978e+001, 5.084324e+001,-5.779242e+003, 0.000000e+000, 0.000000e+000, 0.000000e+000
 5.635000e-001, 3.412011e+002,-3.505033e+003, 2.140737e+003,-5.807266e+003,-1.634118e+001, 4.863811e+001,-5.646626e+003, 0.000000e+000, 0.000000e+000, 0.000000e+000
 5.635500e-001, 2.856367e+002,-3.236469e+003, 2.064551e+003,-5.669395e+003,-1.548695e+001, 4.613585e+001,-5.513187e+003, 0.000000e+000, 0.000000e+000, 0.000000e+000
 5.636000e-001, 4.179163e+002,-3.528547e+003, 2.034871e+003,-5.528923e+003,-1.414953e+001, 4.390871e+001,-5.376545e+003, 0.000000e+000, 0.000000e+000, 0.000000e+000
 5.636500e-001, 3.796731e+002,-3.244356e+003, 1.965799e+003,-5.387083e+003,-1.321962e+001, 4.138042e+001,-5.239307e+003, 0.000000e+000, 0.000000e+000, 0.000000e+000
 5.637000e-001, 4.939835e+002,-3.545707e+003, 1.926096e+003,-5.242733e+003,-1.191124e+001, 3.913094e+001,-5.098849e+003, 0.000000e+000, 0.000000e+000, 0.000000e+000
 5.637500e-001, 4.732247e+002,-3.249054e+003, 1.864233e+003,-5.097124e+003,-1.090146e+001, 3.658275e+001,-4.957993e+003, 0.000000e+000, 0.000000e+000, 0.000000e+000
 5.638000e-001, 5.692861e+002,-3.556325e+003, 1.814662e+003,-4.949102e+003,-9.629537e+000, 3.431035e+001,-4.813930e+003, 0.000000e+000, 0.000000e+000, 0.000000e+000
 5.638500e-001, 5.661664e+002,-3.250708e+003, 1.759901e+003,-4.799931e+003,-8.536598e+000, 3.174844e+001,-4.669643e+003, 0.000000e+000, 0.000000e+000, 0.000000e+000
 5.639000e-001, 6.437087e+002,-3.560242e+003, 1.700824e+003,-4.648445e+003,-7.307915e+000, 2.945239e+001,-4.522195e+003, 0.000000e+000, 0.000000e+000, 0.000000e+000
 5.639500e-001, 6.583732e+002,-3.249447e+003, 1.652857e+003,-4.495925e+003,-6.129691e+000, 2.688286e+001,-4.374667e+003, 0.000000e+000, 0.000000e+000, 0.000000e+000
 5.640000e-001, 7.171386e+002,-3.557335e+003, 1.584840e+003,-4.341191e+003,-4.950164e+000, 2.456244e+001,-4.224057e+003, 0.000000e+000, 0.000000e+000, 0.000000e+000
 5.640500e-001, 7.497186e+002,-3.245369e+003, 1.543161e+003,-4.185538e+003,-3.685854e+000, 2.199117e+001,-4.073482e+003, 0.000000e+000, 0.000000e+000, 0.000000e+000
 5.641000e-001, 7.894677e+002,-3.547525e+003, 1.466964e+003,-4.027775e+003,-2.560354e+000, 1.964581e+001,-3.919938e+003, 0.000000e+000, 0.000000e+000, 0.000000e+000
 5.641500e-001, 8.400737e+002,-3.238544e+003, 1.430882e+003,-3.869209e+003,-1.210657e+000, 1.707835e+001,-3.766516e+003, 0.000000e+000, 0.000000e+000, 0.000000e+000
 5.642000e-001, 8.605944e+002,-3.530778e+003, 1.347445e+003,-3.708641e+003,-1.428456e-001, 1.470781e+001,-3.610269e+003, 0.000000e+000, 0.000000e+000, 0.000000e+000
 5.642500e-001, 9.293053e+002,-3.229007e+003, 1.316108e+003,-3.547387e+003, 1.289919e+000, 1.214921e+001,-3.454205e+003, 0.000000e+000, 0.000000e+000, 0.000000e+000
 5.643000e-001, 9.304250e+002,-3.507113e+003, 1.226522e+003,-3.384242e+003, 2.297719e+000, 9.753718e+000,-3.295488e+003, 0.000000e+000, 0.000000e+000, 0.000000e+000
 5.643500e-001, 1.017275e+003,-3.216754e+003, 1.198941e+003,-3.220529e+003, 3.809518e+000, 7.208423e+000,-3.136991e+003, 0.000000e+000, 0.000000e+000, 0.000000e+000
 5.644000e-001, 9.988751e+002,-3.476599e+003, 1.104414e+003,-3.055038e+003, 4.756411e+000, 4.788846e+000,-2.976040e+003, 0.000000e+000, 0.000000e+000, 0.000000e+000
 5.644500e-001, 1.103838e+003,-3.201739e+003, 1.079510e+003,-2.889097e+003, 6.341462e+000, 2.260564e+000,-2.815325e+003, 0.000000e+000, 0.000000e+000, 0.000000e+000
 5.645000e-001, 1.065871e+003,-3.439365e+003, 9.813248e+002,-2.721496e+003, 7.228023e+000,-1.814816e-001,-2.652378e+003, 0.000000e+000, 0.000000e+000, 0.000000e+000
 5.645500e-001, 1.188844e+003,-3.183878e+003, 9.579670e+002,-2.553561e+003, 8.878799e+000,-2.689844e+000,-2.489663e+003, 0.000000e+000, 0.000000e+000, 0.000000e+000
 5.646000e-001, 1.131350e+003,-3.395589e+003, 8.574336e+002,-2.384089e+003, 9.707072e+000,-5.151899e+000,-2.324958e+003, 0.000000e+000, 0.000000e+000, 0.000000e+000
 5.646500e-001, 1.272133e+003,-3.163044e+003, 8.344931e+002,-2.214396e+003, 1.141437e+001,-7.638297e+000,-2.160466e+003, 0.000000e+000, 0.000000e+000, 0.000000e+000
 5.647000e-001, 1.195260e+003,-3.345504e+003, 7.328958e+002,-2.043295e+003, 1.218781e+001,-1.011699e+001,-1.994243e+003, 0.000000e+000, 0.000000e+000, 0.000000e+000
 5.647500e-001, 1.353542e+003,-3.139075e+003, 7.092967e+002,-1.872083e+003, 1.394086e+001,-1.258026e+001,-1.828202e+003, 0.000000e+000, 0.000000e+000, 0.000000e+000
 5.648000e-001, 1.257563e+003,-3.289394e+003, 6.078413e+002,-1.699597e+003, 1.466425e+001,-1.507128e+001,-1.660700e+003, 0.000000e+000, 0.000000e+000, 0.000000e+000
 5.648500e-001, 1.432899e+003,-3.111774e+003, 5.826152e+002,-1.527108e+003, 1.645089e+001,-1.751113e+001,-1.493342e+003, 0.000000e+000, 0.000000e+000, 0.000000e+000
 5.649000e-001, 1.318228e+003,-3.227584e+003, 4.823752e+002,-1.353483e+003, 1.713017e+001,-2.000923e+001,-1.324801e+003, 0.000000e+000, 0.000000e+000, 0.000000e+000
 5.649500e-001, 1.510027e+003,-3.080915e+003, 4.547131e+002,-1.179958e+003, 1.893703e+001,-2.242619e+001,-1.156360e+003, 0.000000e+000, 0.000000e+000, 0.000000e+000
 5.650000e-001, 1.377237e+003,-3.160441e+003, 3.565783e+002,-1.005443e+003, 1.957913e+001,-2.492526e+001,-9.870193e+002, 0.000000e+000, 0.000000e+000, 0.000000e+000
 5.650500e-001, 1.584748e+003,-3.046250e+003, 3.258795e+002,-8.311263e+002, 2.139195e+001,-2.732055e+001,-8.177348e+002, 0.000000e+000, 0.000000e+000, 0.000000e+000
 5.651000e-001, 1.434580e+003,-3.088362e+003, 2.305108e+002,-6.559710e+002, 2.200455e+001,-2.981371e+001,-6.478329e+002, 0.000000e+000, 0.000000e+000, 0.000000e+000
 5.651500e-001, 1.656878e+003,-3.007519e+003, 1.964245e+002,-4.811070e+002, 2.380841e+001,-3.218914e+001,-4.779467e+002, 0.000000e+000, 0.000000e+000, 0.000000e+000
 5.652000e-001, 1.490253e+003,-3.011767e+003, 1.042152e+002,-3.055624e+002, 2.439970e+001,-3.466888e+001,-3.077209e+002, 0.000000e+000, 0.000000e+000, 0.000000e+000
 5.652500e-001, 1.726237e+003,-2.964453e+003, 6.667437e+001,-1.303963e+002, 2.617936e+001,-3.702669e+001,-1.374774e+002, 0.000000e+000, 0.000000e+000, 0.000000e+000
 5.653000e-001, 1.544257e+003,-2.931090e+003,-2.227844e+001, 4.528590e+001, 2.675776e+001,-3.948502e+001, 3.283648e+001, 0.000000e+000, 0.000000e+000, 0.000000e+000
 5.653500e-001, 1.792646e+003,-2.916787e+003,-6.303424e+001, 2.205085e+002, 2.849801e+001,-4.182764e+001, 2.031900e+002, 0.000000e+000, 0.000000e+000, 0.000000e+000
 5.654000e-001, 1.596596e+003,-2.846771e+003,-1.489470e+002, 3.960765e+002, 2.907189e+001,-4.425633e+001, 3.733577e+002, 0.000000e+000, 0.000000e+000, 0.000000e+000
 5.654500e-001, 1.855930e+003,-2.864269e+003,-1.923606e+002, 5.711097e+002, 3.075787e+001,-4.658621e+001, 5.435721e+002, 0.000000e+000, 0.000000e+000, 0.000000e+000
 5.655000e-001, 1.647275e+003,-2.759245e+003,-2.757680e+002, 7.463118e+002, 3.133527e+001,-4.897697e+001, 7.133615e+002, 0.000000e+000, 0.000000e+000, 0.000000e+000
 5.655500e-001, 1.915926e+003,-2.806666e+003,-3.209669e+002, 9.209098e+002, 3.295280e+001,-5.129634e+001, 8.831860e+002, 0.000000e+000, 0.000000e+000, 0.000000e+000
 5.656000e-001, 1.696294e+003,-2.668935e+003,-4.027133e+002, 1.095495e+003, 3.354117e+001,-5.364107e+001, 1.052367e+003, 0.000000e+000, 0.000000e+000, 0.000000e+000
 5.656500e-001, 1.972477e+003,-2.743776e+003,-4.485255e+002, 1.269412e+003, 3.507709e+001,-5.595170e+001, 1.221550e+003, 0.000000e+000, 0.000000e+000, 0.000000e+000
 5.657000e-001, 1.743650e+003,-2.576241e+003,-5.297420e+002, 1.443131e+003, 3.568303e+001,-5.824273e+001, 1.389894e+003, 0.000000e+000, 0.000000e+000, 0.000000e+000
 5.657500e-001, 2.025443e+003,-2.675434e+003,-5.747257e+002, 1.616123e+003, 3.712546e+001,-6.054572e+001, 1.558183e+003, 0.000000e+000, 0.000000e+000, 0.000000e+000
 5.658000e-001, 1.789334e+003,-2.481533e+003,-6.567945e+002, 1.788727e+003, 3.775447e+001,-6.277604e+001, 1.725465e+003, 0.000000e+000, 0.000000e+000, 0.000000e+000
 5.658500e-001, 2.074697e+003,-2.601521e+003,-6.992805e+002, 1.960549e+003, 3.909312e+001,-6.507158e+001, 1.892608e+003, 0.000000e+000, 0.000000e+000, 0.000000e+000
 5.659000e-001, 1.833326e+003,-2.385145e+003,-7.837866e+002, 2.131791e+003, 3.974947e+001,-6.723502e+001, 2.058605e+003, 0.000000e+000, 0.000000e+000, 0.000000e+000
 5.659500e-001, 2.120131e+003,-2.521965e+003,-8.219322e+002, 2.302201e+003, 4.097578e+001,-6.952229e+001, 2.224351e+003, 0.000000e+000, 0.000000e+000, 0.000000e+000
 5.660000e-001, 1.875596e+003,-2.287368e+003,-9.106047e+002, 2.471838e+003, 4.166233e+001,-7.161371e+001, 2.388842e+003, 0.000000e+000, 0.000000e+000, 0.000000e+000
 5.660500e-001, 2.161656e+003,-2.436751e+003,-9.424576e+002, 2.640594e+003, 4.276968e+001,-7.389068e+001, 2.552940e+003, 0.000000e+000, 0.000000e+000, 0.000000e+000
 5.661000e-001, 1.916103e+003,-2.188450e+003,-1.037102e+003, 2.808384e+003, 4.348780e+001,-7.590607e+001, 2.715707e+003, 0.000000e+000, 0.000000e+000, 0.000000e+000
 5.661500e-001, 2.199203e+003,-2.345921e+003,-1.060671e+003, 2.975247e+003, 4.447161e+001,-7.816945e+001, 2.877908e+003, 0.000000e+000, 0.000000e+000, 0.000000e+000
 5.662000e-001, 1.954791e+003,-2.088587e+003,-1.163096e+003, 3.140951e+003, 4.522113e+001,-8.010609e+001, 3.038735e+003, 0.000000e+000, 0.000000e+000, 0.000000e+000
 5.662500e-001, 2.232725e+003,-2.249574e+003,-1.176428e+003, 3.305684e+003, 4.607891e+001,-8.235123e+001, 3.198795e+003, 0.000000e+000, 0.000000e+000, 0.000000e+000
 5.663000e-001, 1.991594e+003,-1.987929e+003,-1.288366e+003, 3.469067e+003, 4.685812e+001,-8.420766e+001, 3.357468e+003, 0.000000e+000, 0.000000e+000, 0.000000e+000
 5.663500e-001, 2.262195e+003,-2.147869e+003,-1.289624e+003, 3.631435e+003, 4.758945e+001,-8.642865e+001, 3.515146e+003, 0.000000e+000, 0.000000e+000, 0.000000e+000
 5.664000e-001, 2.026431e+003,-1.886575e+003,-1.412660e+003, 3.792266e+003, 4.839519e+001,-8.820467e+001, 3.671452e+003, 0.000000e+000, 0.000000e+000, 0.000000e+000
 5.664500e-001, 2.287609e+003,-2.041021e+003,-1.400193e+003, 3.952036e+003, 4.900166e+001,-9.039433e+001, 3.826510e+003, 0.000000e+000, 0.000000e+000, 0.000000e+000
 5.665000e-001, 2.059209e+003,-1.784582e+003,-1.535686e+003, 4.110089e+003, 4.982940e+001,-9.209097e+001, 3.980240e+003, 0.000000e+000, 0.000000e+000, 0.000000e+000
 5.665500e-001, 2.308981e+003,-1.929295e+003,-1.508108e+003, 4.267032e+003, 5.031450e+001,-9.424102e+001, 4.132447e+003, 0.000000e+000, 0.000000e+000, 0.000000e+000
 5.666000e-001, 2.089826e+003,-1.681961e+003,-1.657127e+003, 4.422083e+003, 5.115849e+001,-9.586038e+001, 4.283393e+003, 0.000000e+000, 0.000000e+000, 0.000000e+000
 5.666500e-001, 2.326345e+003,-1.813006e+003,-1.613375e+003, 4.575973e+003, 5.152741e+001,-9.796156e+001, 4.432521e+003, 0.000000e+000, 0.000000e+000, 0.000000e+000
 5.667000e-001, 2.118168e+003,-1.578687e+003,-1.776638e+003, 4.727804e+003, 5.238088e+001,-9.950668e+001, 4.580477e+003, 0.000000e+000, 0.000000e+000, 0.000000e+000
 5.667500e-001, 2.339753e+003,-1.692511e+003,-1.716028e+003, 4.878420e+003, 5.264038e+001,-1.015490e+002, 4.726308e+003, 0.000000e+000, 0.000000e+000, 0.000000e+000
 5.668000e-001, 2.144116e+003,-1.474705e+003,-1.893859e+003, 5.026817e+003, 5.349574e+001,-1.030236e+002, 4.871068e+003, 0.000000e+000, 0.000000e+000, 0.000000e+000
 5.668500e-001, 2.349270e+003,-1.568199e+003,-1.816121e+003, 5.173942e+003, 5.365383e+001,-1.049966e+002, 5.013389e+003, 0.000000e+000, 0.000000e+000, 0.000000e+000
 5.669000e-001, 2.167544e+003,-1.369935e+003,-2.008414e+003, 5.318698e+003, 5.450288e+001,-1.064050e+002, 5.154752e+003, 0.000000e+000, 0.000000e+000, 0.000000e+000
 5.669500e-001, 2.354974e+003,-1.440490e+003,-1.913723e+003, 5.462119e+003, 5.456863e+001,-1.082980e+002, 5.293357e+003, 0.000000e+000, 0.000000e+000, 0.000000e+000
 5.670000e-001, 2.188324e+003,-1.264277e+003,-2.119929e+003, 5.603030e+003, 5.540283e+001,-1.096445e+002, 5.431123e+003, 0.000000e+000, 0.000000e+000, 0.000000e+000
 5.670500e-001, 2.356957e+003,-1.309820e+003,-2.008911e+003, 5.742539e+003, 5.538607e+001,-1.114468e+002, 5.565815e+003, 0.000000e+000, 0.000000e+000, 0.000000e+000
 5.671000e-001, 2.206329e+003,-1.157625e+003,-2.228032e+003, 5.879408e+003, 5.619677e+001,-1.127360e+002, 5.699785e+003, 0.000000e+000, 0.000000e+000, 0.000000e+000
 5.671500e-001, 2.355314e+003,-1.176639e+003,-2.101759e+003, 6.014802e+003, 5.610778e+001,-1.144374e+002, 5.830375e+003, 0.000000e+000, 0.000000e+000, 0.000000e+000
 5.672000e-001, 2.221433e+003,-1.049868e+003,-2.332366e+003, 6.147438e+003, 5.688645e+001,-1.156734e+002, 5.960353e+003, 0.000000e+000, 0.000000e+000, 0.000000e+000
 5.672500e-001, 2.350148e+003,-1.041401e+003,-2.192331e+003, 6.278522e+003, 5.673579e+001,-1.172641e+002, 6.086661e+003, 0.000000e+000, 0.000000e+000, 0.000000e+000
 5.673000e-001, 2.233516e+003,-9.408976e+002,-2.432594e+003, 6.406738e+003, 5.747422e+001,-1.184505e+002, 6.212455e+003, 0.000000e+000, 0.000000e+000, 0.000000e+000
 5.673500e-001, 2.341567e+003,-9.045560e+002,-2.280676e+003, 6.533321e+003, 5.727237e+001,-1.199218e+002, 6.334309e+003, 0.000000e+000, 0.000000e+000, 0.000000e+000
 5.674000e-001, 2.242462e+003,-8.306187e+002,-2.528408e+003, 6.656938e+003, 5.796288e+001,-1.210616e+002, 6.455730e+003, 0.000000e+000, 0.000000e+000, 0.000000e+000
 5.674500e-001, 2.329676e+003,-7.665447e+002,-2.366820e+003, 6.778837e+003, 5.772009e+001,-1.224056e+002, 6.572966e+003, 0.000000e+000, 0.000000e+000, 0.000000e+000
 5.675000e-001, 2.248167e+003,-7.189507e+002,-2.619538e+003, 6.897682e+003, 5.835569e+001,-1.235007e+002, 6.689829e+003, 0.000000e+000, 0.000000e+000, 0.000000e+000
 5.675500e-001, 2.314583e+003,-6.277930e+002,-2.450758e+003, 7.014719e+003, 5.808171e+001,-1.247113e+002, 6.802293e+003, 0.000000e+000, 0.000000e+000, 0.000000e+000
 5.676000e-001, 2.250536e+003,-6.058336e+002,-2.705752e+003, 7.128625e+003, 5.865622e+001,-1.257624e+002, 6.914416e+003, 0.000000e+000, 0.000000e+000, 0.000000e+000
 5.676500e-001, 2.296392e+003,-4.887062e+002,-2.532454e+003, 7.240632e+003, 5.836020e+001,-1.268346e+002, 7.021961e+003, 0.000000e+000, 0.000000e+000, 0.000000e+000
 5.677000e-001, 2.249487e+003,-4.912320e+002,-2.786864e+003, 7.349438e+003, 5.886832e+001,-1.278414e+002, 7.129171e+003, 0.000000e+000, 0.000000e+000, 0.000000e+000
 5.677500e-001, 2.275205e+003,-3.496665e+002,-2.611836e+003, 7.456251e+003, 5.855863e+001,-1.287717e+002, 7.231658e+003, 0.000000e+000, 0.000000e+000, 0.000000e+000
 5.678000e-001, 2.244949e+003,-3.751372e+002,-2.862733e+003, 7.559806e+003, 5.899603e+001,-1.297326e+002, 7.333786e+003, 0.000000e+000, 0.000000e+000, 0.000000e+000
 5.678500e-001, 2.251119e+003,-2.110298e+002,-2.688796e+003, 7.661272e+003, 5.868016e+001,-1.305193e+002, 7.431084e+003, 0.000000e+000, 0.000000e+000, 0.000000e+000
 5.679000e-001, 2.236865e+003,-2.575691e+002,-2.933270e+003, 7.759429e+003, 5.904350e+001,-1.314313e+002, 7.527969e+003, 0.000000e+000, 0.000000e+000, 0.000000e+000
 5.679500e-001, 2.224226e+003,-7.312436e+001,-2.763185e+003, 7.855400e+003, 5.872799e+001,-1.320744e+002, 7.619953e+003, 0.000000e+000, 0.000000e+000, 0.000000e+000
 5.680000e-001, 2.225193e+003,-1.385762e+002,-2.998429e+003, 7.948021e+003, 5.901488e+001,-1.329333e+002, 7.711441e+003, 0.000000e+000, 0.000000e+000, 0.000000e+000
 5.680500e-001, 2.194615e+003, 6.374997e+001,-2.834823e+003, 8.038359e+003, 5.870532e+001,-1.334340e+002, 7.797996e+003, 0.000000e+000, 0.000000e+000, 0.000000e+000
 5.681000e-001, 2.209903e+003,-1.823594e+001,-3.058213e+003, 8.125313e+003, 5.891430e+001,-1.342347e+002, 7.883942e+003, 0.000000e+000, 0.000000e+000, 0.000000e+000
 5.681500e-001, 2.162370e+003, 1.993211e+002,-2.903495e+003, 8.209889e+003, 5.861528e+001,-1.345958e+002, 7.964956e+003, 0.000000e+000, 0.000000e+000, 0.000000e+000
 5.682000e-001, 2.190977e+003, 1.033471e+002,-3.112665e+003, 8.291054e+003, 5.874574e+001,-1.353319e+002, 8.045225e+003, 0.000000e+000, 0.000000e+000, 0.000000e+000
 5.682500e-001, 2.127570e+003, 3.333440e+002,-2.968959e+003, 8.369743e+003, 5.846090e+001,-1.355576e+002, 8.120594e+003, 0.000000e+000, 0.000000e+000, 0.000000e+000
 5.683000e-001, 2.168412e+003, 2.260428e+002,-3.161866e+003, 8.445004e+003, 5.851301e+001,-1.362221e+002, 8.195059e+003, 0.000000e+000, 0.000000e+000, 0.000000e+000
 5.683500e-001, 2.090292e+003, 4.655989e+002,-3.030948e+003, 8.517695e+003, 5.824509e+001,-1.363175e+002, 8.264688e+003, 0.000000e+000, 0.000000e+000, 0.000000e+000
 5.684000e-001, 2.142215e+003, 3.496975e+002,-3.205929e+003, 8.586945e+003, 5.821968e+001,-1.369026e+002, 8.333232e+003, 0.000000e+000, 0.000000e+000, 0.000000e+000
 5.684500e-001, 2.050609e+003, 5.958893e+002,-3.089182e+003, 8.653534e+003, 5.797054e+001,-1.368741e+002, 8.397027e+003, 0.000000e+000, 0.000000e+000, 0.000000e+000
 5.685000e-001, 2.112405e+003, 4.741371e+002,-3.244994e+003, 8.716675e+003, 5.786903e+001,-1.373717e+002, 8.459547e+003, 0.000000e+000, 0.000000e+000, 0.000000e+000
 5.685500e-001, 2.008592e+003, 7.240400e+002,-3.143369e+003, 8.777066e+003, 5.763973e+001,-1.372259e+002, 8.517424e+003, 0.000000e+000, 0.000000e+000, 0.000000e+000
 5.686000e-001, 2.079011e+003, 5.991692e+002,-3.279217e+003, 8.834009e+003, 5.746402e+001,-1.376279e+002, 8.573825e+003, 0.000000e+000, 0.000000e+000, 0.000000e+000
 5.686500e-001, 1.964312e+003, 8.498950e+002,-3.193213e+003, 8.888115e+003, 5.725489e+001,-1.373722e+002, 8.625704e+003, 0.000000e+000, 0.000000e+000, 0.000000e+000
 5.687000e-001, 2.042071e+003, 7.245862e+002,-3.308769e+003, 8.938778e+003, 5.700725e+001,-1.376703e+002, 8.675903e+003, 0.000000e+000, 0.000000e+000, 0.000000e+000
 5.687500e-001, 1.917838e+003, 9.733147e+002,-3.238424e+003, 8.986523e+003, 5.681795e+001,-1.373123e+002, 8.721711e+003, 0.000000e+000, 0.000000e+000, 0.000000e+000
 5.688000e-001, 2.001631e+003, 8.501674e+002,-3.333824e+003, 9.030835e+003, 5.650096e+001,-1.374987e+002, 8.765637e+003, 0.000000e+000, 0.000000e+000, 0.000000e+000
 5.688500e-001, 1.869238e+003, 1.094175e+003,-3.278723e+003, 9.072150e+003, 5.633054e+001,-1.370459e+002, 8.805308e+003, 0.000000e+000, 0.000000e+000, 0.000000e+000
 5.689000e-001, 1.957748e+003, 9.756812e+002,-3.354556e+003, 9.110047e+003, 5.594698e+001,-1.371133e+002, 8.842899e+003, 0.000000e+000, 0.000000e+000, 0.000000e+000
 5.689500e-001, 1.818582e+003, 1.212365e+003,-3.313849e+003, 9.144875e+003, 5.579392e+001,-1.365732e+002, 8.876372e+003, 0.000000e+000, 0.000000e+000, 0.000000e+000
 5.690000e-001, 1.910483e+003, 1.100887e+003,-3.371131e+003, 9.176304e+003, 5.534679e+001,-1.365151e+002, 8.907582e+003, 0.000000e+000, 0.000000e+000, 0.000000e+000
 5.690500e-001, 1.765938e+003, 1.327787e+003,-3.343565e+003, 9.204594e+003, 5.520906e+001,-1.358945e+002, 8.934803e+003, 0.000000e+000, 0.000000e+000, 0.000000e+000
 5.691000e-001, 1.859908e+003, 1.225537e+003,-3.383701e+003, 9.229509e+003, 5.470147e+001,-1.357054e+002, 8.959592e+003, 0.000000e+000, 0.000000e+000, 0.000000e+000
 5.691500e-001, 1.711375e+003, 1.440353e+003,-3.367661e+003, 9.251222e+003, 5.457653e+001,-1.350108e+002, 8.980515e+003, 0.000000e+000, 0.000000e+000, 0.000000e+000
 5.692000e-001, 1.806100e+003, 1.349375e+003,-3.392400e+003, 9.269589e+003, 5.401174e+001,-1.346861e+002, 8.998857e+003, 0.000000e+000, 0.000000e+000, 0.000000e+000
 5.692500e-001, 1.654963e+003, 1.549989e+003,-3.385964e+003, 9.284693e+003, 5.389660e+001,-1.339232e+002, 9.013443e+003, 0.000000e+000, 0.000000e+000, 0.000000e+000
 5.693000e-001, 1.749144e+003, 1.472140e+003,-3.397342e+003, 9.296486e+003, 5.327796e+001,-1.334598e+002, 9.025323e+003, 0.000000e+000, 0.000000e+000, 0.000000e+000
 5.693500e-001, 1.596770e+003, 1.656631e+003,-3.398335e+003, 9.304963e+003, 5.316916e+001,-1.326335e+002, 9.033541e+003, 0.000000e+000, 0.000000e+000, 0.000000e+000
 5.694000e-001, 1.689135e+003, 1.593565e+003,-3.398615e+003, 9.310163e+003, 5.250019e+001,-1.320294e+002, 9.038952e+003, 0.000000e+000, 0.000000e+000, 0.000000e+000
 5.694500e-001, 1.536863e+003, 1.760227e+003,-3.404676e+003, 9.312000e+003, 5.239380e+001,-1.311438e+002, 9.040779e+003, 0.000000e+000, 0.000000e+000, 0.000000e+000
 5.695000e-001, 1.626172e+003, 1.713377e+003,-3.396281e+003, 9.310602e+003, 5.167816e+001,-1.303984e+002, 9.039726e+003, 0.000000e+000, 0.000000e+000, 0.000000e+000
 5.695500e-001, 1.475310e+003, 1.860737e+003,-3.404928e+003, 9.305797e+003, 5.156983e+001,-1.294566e+002, 9.035148e+003, 0.000000e+000, 0.000000e+000, 0.000000e+000
 5.696000e-001, 1.560367e+003, 1.831296e+003,-3.390375e+003, 9.297801e+003, 5.081134e+001,-1.285707e+002, 9.027644e+003, 0.000000e+000, 0.000000e+000, 0.000000e+000
 5.696500e-001, 1.412173e+003, 1.958133e+003,-3.399074e+003, 9.286363e+003, 5.069627e+001,-1.275750e+002, 9.016657e+003, 0.000000e+000, 0.000000e+000, 0.000000e+000
 5.697000e-001, 1.491837e+003, 1.947038e+003,-3.380906e+003, 9.271781e+003, 4.989897e+001,-1.265508e+002, 9.002724e+003, 0.000000e+000, 0.000000e+000, 0.000000e+000
 5.697500e-001, 1.347515e+003, 2.052401e+003,-3.387138e+003, 9.253729e+003, 4.977194e+001,-1.255024e+002, 8.985333e+003, 0.000000e+000, 0.000000e+000, 0.000000e+000
 5.698000e-001, 1.420709e+003, 2.060313e+003,-3.367854e+003, 9.232579e+003, 4.894006e+001,-1.243434e+002, 8.965003e+003, 0.000000e+000, 0.000000e+000, 0.000000e+000
 5.698500e-001, 1.281395e+003, 2.143539e+003,-3.369182e+003, 9.207938e+003, 4.879546e+001,-1.232427e+002, 8.941223e+003, 0.000000e+000, 0.000000e+000, 0.000000e+000
 5.699000e-001, 1.347119e+003, 2.170823e+003,-3.351178e+003, 9.180252e+003, 4.793346e+001,-1.219535e+002, 8.914536e+003, 0.000000e+000, 0.000000e+000, 0.000000e+000
 5.699500e-001, 1.213870e+003, 2.231558e+003,-3.345305e+003, 9.149061e+003, 4.776533e+001,-1.208003e+002, 8.884389e+003, 0.000000e+000, 0.000000e+000, 0.000000e+000
 5.700000e-001, 1.271212e+003, 2.278271e+003,-3.330813e+003, 9.114876e+003, 4.687786e+001,-1.193869e+002, 8.851395e+003, 0.000000e+000, 0.000000e+000, 0.000000e+000
 5.700500e-001, 1.144990e+003, 2.316479e+003,-3.315640e+003, 9.077179e+003, 4.667995e+001,-1.181800e+002, 8.814915e+003, 0.000000e+000, 0.000000e+000, 0.000000e+000
 5.701000e-001, 1.193141e+003, 2.382354e+003,-3.306678e+003, 9.036544e+003, 4.577184e+001,-1.166491e+002, 8.775671e+003, 0.000000e+000, 0.000000e+000, 0.000000e+000
 5.701500e-001, 1.074808e+003, 2.398336e+003,-3.280351e+003, 8.992398e+003, 4.553772e+001,-1.153870e+002, 8.732903e+003, 0.000000e+000, 0.000000e+000, 0.000000e+000
 5.702000e-001, 1.113067e+003, 2.482770e+003,-3.278672e+003, 8.945369e+003, 4.461390e+001,-1.137464e+002, 8.687471e+003, 0.000000e+000, 0.000000e+000, 0.000000e+000
 5.702500e-001, 1.003370e+003, 2.477167e+003,-3.239632e+003, 8.894840e+003, 4.433703e+001,-1.124268e+002, 8.638472e+003, 0.000000e+000, 0.000000e+000, 0.000000e+000
 5.703000e-001, 1.031158e+003, 2.579221e+003,-3.246686e+003, 8.841481e+003, 4.340248e+001,-1.106850e+002, 8.586923e+003, 0.000000e+000, 0.000000e+000, 0.000000e+000
 5.703500e-001, 9.307216e+002, 2.553019e+003,-3.193695e+003, 8.784643e+003, 4.307635e+001,-1.093054e+002, 8.531758e+003, 0.000000e+000, 0.000000e+000, 0.000000e+000
 5.704000e-001, 9.475867e+002, 2.671412e+003,-3.210601e+003, 8.725031e+003, 4.213603e+001,-1.074714e+002, 8.474171e+003, 0.000000e+000, 0.000000e+000, 0.000000e+000
 5.704500e-001, 8.569083e+002, 2.625938e+003,-3.142778e+003, 8.661966e+003, 4.175429e+001,-1.060289e+002, 8.412915e+003, 0.000000e+000, 0.000000e+000, 0.000000e+000
 5.705000e-001, 8.625322e+002, 2.759060e+003,-3.170293e+003, 8.596184e+003, 4.081297e+001,-1.041123e+002, 8.349375e+003, 0.000000e+000, 0.000000e+000, 0.000000e+000
 5.705500e-001, 7.819751e+002, 2.695969e+003,-3.087129e+003, 8.526985e+003, 4.036961e+001,-1.026040e+002, 8.282116e+003, 0.000000e+000, 0.000000e+000, 0.000000e+000
 5.706000e-001, 7.761750e+002, 2.841897e+003,-3.125640e+003, 8.455124e+003, 3.943179e+001,-1.006145e+002, 8.212715e+003, 0.000000e+000, 0.000000e+000, 0.000000e+000
 5.706500e-001, 7.059691e+002, 2.763151e+003,-3.027010e+003, 8.379893e+003, 3.892129e+001,-9.903722e+001, 8.139549e+003, 0.000000e+000, 0.000000e+000, 0.000000e+000
 5.707000e-001, 6.886970e+002, 2.919672e+003,-3.076523e+003, 8.302054e+003, 3.799105e+001,-9.698489e+001, 8.064384e+003, 0.000000e+000, 0.000000e+000, 0.000000e+000
 5.707500e-001, 6.289402e+002, 2.827512e+003,-2.962691e+003, 8.220898e+003, 3.740856e+001,-9.533562e+001, 7.985419e+003, 0.000000e+000, 0.000000e+000, 0.000000e+000
 5.708000e-001, 6.002796e+002, 2.992161e+003,-3.022827e+003, 8.137191e+003, 3.648943e+001,-9.323035e+001, 7.904596e+003, 0.000000e+000, 0.000000e+000, 0.000000e+000
 5.708500e-001, 5.509437e+002, 2.889066e+003,-2.894445e+003, 8.050230e+003, 3.583094e+001,-9.150625e+001, 7.819947e+003, 0.000000e+000, 0.000000e+000, 0.000000e+000
 5.709000e-001, 5.111012e+002, 3.059164e+003,-2.964453e+003, 7.960772e+003, 3.492574e+001,-8.935783e+001, 7.733578e+003, 0.000000e+000, 0.000000e+000, 0.000000e+000
 5.709500e-001, 4.720405e+002, 2.947805e+003,-2.822544e+003, 7.868131e+003, 3.418824e+001,-8.755630e+001, 7.643373e+003, 0.000000e+000, 0.000000e+000, 0.000000e+000
 5.710000e-001, 4.213358e+002, 3.120519e+003,-2.901311e+003, 7.773048e+003, 3.329898e+001,-8.537423e+001, 7.551575e+003, 0.000000e+000, 0.000000e+000, 0.000000e+000
 5.710500e-001, 3.922996e+002, 3.003701e+003,-2.747257e+003, 7.674860e+003, 3.248061e+001,-8.349304e+001, 7.455948e+003, 0.000000e+000, 0.000000e+000, 0.000000e+000
 5.711000e-001, 3.311513e+002, 3.176096e+003,-2.833331e+003, 7.574287e+003, 3.160839e+001,-8.128638e+001, 7.358846e+003, 0.000000e+000, 0.000000e+000, 0.000000e+000
 5.711500e-001, 3.117988e+002, 3.056698e+003,-2.668848e+003, 7.470694e+003, 3.070853e+001,-7.932373e+001, 7.257940e+003, 0.000000e+000, 0.000000e+000, 0.000000e+000
 5.712000e-001, 2.407077e+002, 3.225808e+003,-2.760464e+003, 7.364772e+003, 2.985343e+001,-7.710104e+001, 7.155667e+003, 0.000000e+000, 0.000000e+000, 0.000000e+000
 5.712500e-001, 2.306262e+002, 3.106712e+003,-2.587567e+003, 7.255922e+003, 2.887282e+001,-7.505566e+001, 7.049634e+003, 0.000000e+000, 0.000000e+000, 0.000000e+000
 5.713000e-001, 1.501562e+002, 3.269607e+003,-2.682681e+003, 7.144802e+003, 2.803389e+001,-7.282482e+001, 6.942327e+003, 0.000000e+000, 0.000000e+000, 0.000000e+000
 5.713500e-001, 1.488803e+002, 3.153629e+003,-2.503654e+003, 7.030850e+003, 2.697467e+001,-7.069603e+001, 6.831327e+003, 0.000000e+000, 0.000000e+000, 0.000000e+000
 5.714000e-001, 5.963781e+001, 3.307492e+003,-2.599983e+003, 6.914689e+003, 2.614989e+001,-6.846419e+001, 6.719130e+003, 0.000000e+000, 0.000000e+000, 0.000000e+000
 5.714500e-001, 6.667091e+001, 3.197303e+003,-2.417332e+003, 6.795798e+003, 2.501559e+001,-6.625202e+001, 6.603329e+003, 0.000000e+000, 0.000000e+000, 0.000000e+000
 5.715000e-001,-3.071643e+001, 3.339500e+003,-2.512396e+003, 6.674763e+003, 2.420190e+001,-6.402544e+001, 6.486396e+003, 0.000000e+000, 0.000000e+000, 0.000000e+000
 5.715500e-001,-1.588133e+001, 3.237561e+003,-2.328803e+003, 6.551101e+003, 2.299744e+001,-6.173069e+001, 6.365965e+003, 0.000000e+000, 0.000000e+000, 0.000000e+000
 5.716000e-001,-1.207861e+002, 3.365713e+003,-2.419976e+003, 6.425363e+003, 2.219083e+001,-5.951468e+001, 6.244455e+003, 0.000000e+000, 0.000000e+000, 0.000000e+000
 5.716500e-001,-9.864516e+001, 3.274202e+003,-2.238251e+003, 6.297105e+003, 2.092242e+001,-5.713895e+001, 6.119575e+003, 0.000000e+000, 0.000000e+000, 0.000000e+000
 5.717000e-001,-2.104610e+002, 3.386249e+003,-2.322814e+003, 6.166845e+003, 2.011802e+001,-5.493783e+001, 5.993653e+003, 0.000000e+000, 0.000000e+000, 0.000000e+000
 5.717500e-001,-1.814797e+002, 3.307001e+003,-2.145834e+003, 6.034173e+003, 1.879304e+001,-5.248362e+001, 5.864506e+003, 0.000000e+000, 0.000000e+000, 0.000000e+000
 5.718000e-001,-2.996400e+002, 3.401262e+003,-2.221034e+003, 5.899575e+003, 1.798526e+001,-5.030059e+001, 5.734347e+003, 0.000000e+000, 0.000000e+000, 0.000000e+000
 5.718500e-001,-2.642361e+002, 3.335717e+003,-2.051686e+003, 5.762677e+003, 1.661210e+001,-4.777133e+001, 5.601123e+003, 0.000000e+000, 0.000000e+000, 0.000000e+000
 5.719000e-001,-3.882302e+002, 3.410935e+003,-2.114795e+003, 5.623935e+003, 1.579485e+001,-4.560847e+001, 5.466906e+003, 0.000000e+000, 0.000000e+000, 0.000000e+000
 5.719500e-001,-3.467585e+002, 3.360091e+003,-1.955912e+003, 5.483003e+003, 1.438272e+001,-4.300856e+001, 5.329798e+003, 0.000000e+000, 0.000000e+000, 0.000000e+000
 5.720000e-001,-4.761452e+002, 3.415474e+003,-2.004292e+003, 5.340314e+003, 1.354960e+001,-4.086678e+001, 5.191710e+003, 0.000000e+000, 0.000000e+000, 0.000000e+000
 5.720500e-001,-4.288872e+002, 3.379862e+003,-1.858593e+003, 5.195548e+003, 1.210830e+001,-3.820164e+001, 5.050917e+003, 0.000000e+000, 0.000000e+000, 0.000000e+000
 5.721000e-001,-5.633036e+002, 3.415102e+003,-1.889756e+003, 5.049116e+003, 1.125284e+001,-3.608065e+001, 4.909152e+003, 0.000000e+000, 0.000000e+000, 0.000000e+000
 5.721500e-001,-5.104600e+002, 3.394769e+003,-1.759777e+003, 4.900719e+003, 9.792490e+000,-3.335669e+001, 4.764875e+003, 0.000000e+000, 0.000000e+000, 0.000000e+000
 5.722000e-001,-6.496266e+002, 3.410051e+003,-1.771456e+003, 4.750755e+003, 8.908413e+000,-3.125507e+001, 4.619633e+003, 0.000000e+000, 0.000000e+000, 0.000000e+000
 5.722500e-001,-5.913149e+002, 3.404556e+003,-1.659486e+003, 4.598936e+003, 7.439232e+000,-2.847969e+001, 4.472076e+003, 0.000000e+000, 0.000000e+000, 0.000000e+000
 5.723000e-001,-7.350359e+002, 3.400554e+003,-1.649694e+003, 4.445652e+003, 6.520680e+000,-2.639488e+001, 4.323563e+003, 0.000000e+000, 0.000000e+000, 0.000000e+000
 5.723500e-001,-6.712930e+002, 3.408988e+003,-1.557716e+003, 4.290625e+003, 5.052712e+000,-2.357642e+001, 4.172936e+003, 0.000000e+000, 0.000000e+000, 0.000000e+000
 5.724000e-001,-8.194519e+002, 3.386841e+003,-1.524807e+003, 4.134242e+003, 4.094511e+000,-2.150483e+001, 4.021365e+003, 0.000000e+000, 0.000000e+000, 0.000000e+000
 5.724500e-001,-7.502404e+002, 3.407848e+003,-1.454436e+003, 3.976226e+003, 2.637368e+000,-1.865253e+001, 3.867878e+003, 0.000000e+000, 0.000000e+000, 0.000000e+000
 5.725000e-001,-9.027911e+002, 3.369125e+003,-1.397161e+003, 3.816966e+003, 1.635249e+000,-1.658961e+001, 3.713467e+003, 0.000000e+000, 0.000000e+000, 0.000000e+000
 5.725500e-001,-8.280107e+002, 3.400954e+003,-1.349593e+003, 3.656183e+003, 1.978888e-001,-1.371348e+001, 3.557334e+003, 0.000000e+000, 0.000000e+000, 0.000000e+000
 5.726000e-001,-9.849650e+002, 3.347602e+003,-1.267148e+003, 3.494272e+003,-8.513106e-001,-1.165387e+001, 3.400304e+003, 0.000000e+000, 0.000000e+000, 0.000000e+000
 5.726500e-001,-9.044673e+002, 3.388156e+003,-1.243114e+003, 3.330950e+003,-2.260798e+000,-8.764595e+000, 3.241744e+003, 0.000000e+000, 0.000000e+000, 0.000000e+000
 5.727000e-001,-1.065878e+003, 3.322443e+003,-1.135184e+003, 3.166620e+003,-3.358965e+000,-6.702316e+000, 3.082323e+003, 0.000000e+000, 0.000000e+000, 0.000000e+000
 5.727500e-001,-9.794847e+002, 3.369348e+003,-1.134915e+003, 3.000989e+003,-4.733523e+000,-3.811062e+000, 2.921554e+003, 0.000000e+000, 0.000000e+000, 0.000000e+000
 5.728000e-001,-1.145426e+003, 3.293789e+003,-1.001700e+003, 2.834472e+003,-5.881152e+000,-1.739671e+000, 2.759971e+003, 0.000000e+000, 0.000000e+000, 0.000000e+000
 5.728500e-001,-1.052950e+003, 3.344468e+003,-1.024899e+003, 2.666768e+003,-7.214888e+000, 1.142059e+000, 2.597217e+003, 0.000000e+000, 0.000000e+000, 0.000000e+000
 5.729000e-001,-1.223496e+003, 3.261748e+003,-8.671397e+002, 2.498300e+003,-8.410998e+000, 3.229218e+000, 2.433708e+003, 0.000000e+000, 0.000000e+000, 0.000000e+000
 5.729500e-001,-1.124764e+003, 3.313500e+003,-9.129689e+002, 2.328760e+003,-9.699267e+000, 6.089818e+000, 2.269193e+003, 0.000000e+000, 0.000000e+000, 0.000000e+000
 5.730000e-001,-1.299967e+003, 3.226397e+003,-7.319471e+002, 2.158579e+003,-1.094139e+001, 8.199372e+000, 2.103994e+003, 0.000000e+000, 0.000000e+000, 0.000000e+000
 5.730500e-001,-1.194841e+003, 3.276476e+003,-7.990309e+002, 1.987445e+003,-1.218082e+001, 1.102735e+001, 1.937947e+003, 0.000000e+000, 0.000000e+000, 0.000000e+000
 5.731000e-001,-1.374708e+003, 3.187775e+003,-5.965637e+002, 1.815792e+003,-1.346501e+001, 1.316564e+001, 1.771295e+003, 0.000000e+000, 0.000000e+000, 0.000000e+000
 5.731500e-001,-1.263108e+003, 3.233478e+003,-6.830026e+002, 1.643307e+003,-1.465352e+001, 1.594988e+001, 1.603946e+003, 0.000000e+000, 0.000000e+000, 0.000000e+000
 5.732000e-001,-1.447579e+003, 3.145890e+003,-4.614184e+002, 1.470424e+003,-1.597444e+001, 1.812269e+001, 1.436083e+003, 0.000000e+000, 0.000000e+000, 0.000000e+000
 5.732500e-001,-1.329507e+003, 3.184629e+003,-5.648205e+002, 1.296834e+003,-1.711114e+001, 2.085265e+001, 1.267664e+003, 0.000000e+000, 0.000000e+000, 0.000000e+000
 5.733000e-001,-1.518436e+003, 3.100719e+003,-3.269203e+002, 1.122964e+003,-1.846222e+001, 2.306493e+001, 1.098833e+003, 0.000000e+000, 0.000000e+000, 0.000000e+000
 5.733500e-001,-1.393991e+003, 3.130097e+003,-4.444471e+002, 9.485162e+002,-1.954732e+001, 2.573096e+001, 9.295777e+002, 0.000000e+000, 0.000000e+000, 0.000000e+000
 5.734000e-001,-1.587125e+003, 3.052216e+003,-1.934505e+002, 7.739047e+002,-2.092088e+001, 2.798657e+001, 7.600199e+002, 0.000000e+000, 0.000000e+000, 0.000000e+000
 5.734500e-001,-1.456521e+003, 3.070085e+003,-3.218783e+002, 5.988485e+002,-2.195557e+001, 3.058010e+001, 5.901652e+002, 0.000000e+000, 0.000000e+000, 0.000000e+000
 5.735000e-001,-1.653494e+003, 3.000309e+003,-6.135504e+001, 4.237408e+002,-2.334308e+001, 3.288158e+001, 4.201243e+002, 0.000000e+000, 0.000000e+000, 0.000000e+000
 5.735500e-001,-1.517069e+003, 3.004827e+003,-1.971498e+002, 2.483266e+002,-2.432934e+001, 3.539533e+001, 2.499076e+002, 0.000000e+000, 0.000000e+000, 0.000000e+000
 5.736000e-001,-1.717384e+003, 2.944914e+003, 6.906158e+001, 7.296881e+001,-2.572159e+001, 3.774367e+001, 7.962682e+001, 0.000000e+000, 0.000000e+000, 0.000000e+000
 5.736500e-001,-1.575614e+003, 2.934583e+003,-7.034235e+001,-1.025527e+002,-2.666201e+001, 4.017185e+001,-9.071317e+001, 0.000000e+000, 0.000000e+000, 0.000000e+000
 5.737000e-001,-1.778642e+003, 2.885937e+003, 1.975421e+002,-2.779140e+002,-2.804943e+001, 4.256635e+001,-2.609907e+002, 0.000000e+000, 0.000000e+000, 0.000000e+000
 5.737500e-001,-1.632136e+003, 2.859629e+003, 5.841340e+001,-4.532915e+002,-2.894700e+001, 4.490479e+001,-4.312144e+002, 0.000000e+000, 0.000000e+000, 0.000000e+000
 5.738000e-001,-1.837116e+003, 2.823284e+003, 3.238804e+002,-6.284099e+002,-3.031990e+001, 4.734290e+001,-6.012462e+002, 0.000000e+000, 0.000000e+000, 0.000000e+000
 5.738500e-001,-1.686621e+003, 2.780253e+003, 1.889343e+002,-8.033926e+002,-3.117782e+001, 4.958915e+001,-7.711137e+002, 0.000000e+000, 0.000000e+000, 0.000000e+000
 5.739000e-001,-1.892660e+003, 2.756863e+003, 4.479243e+002,-9.780217e+002,-3.252660e+001, 5.206644e+001,-9.406579e+002, 0.000000e+000, 0.000000e+000, 0.000000e+000
 5.739500e-001,-1.739052e+003, 2.696747e+003, 3.209833e+002,-1.152359e+003,-3.334807e+001, 5.421982e+001,-1.109929e+003, 0.000000e+000, 0.000000e+000, 0.000000e+000
 5.740000e-001,-1.945138e+003, 2.686595e+003, 5.695768e+002,-1.326253e+003,-3.466356e+001, 5.672995e+001,-1.278745e+003, 0.000000e+000, 0.000000e+000, 0.000000e+000
 5.740500e-001,-1.789410e+003, 2.609400e+003, 4.542697e+002,-1.499696e+003,-3.545158e+001, 5.879151e+001,-1.447181e+003, 0.000000e+000, 0.000000e+000, 0.000000e+000
 5.741000e-001,-1.994422e+003, 2.612418e+003, 6.887949e+002,-1.672610e+003,-3.672517e+001, 6.132629e+001,-1.615029e+003, 0.000000e+000, 0.000000e+000, 0.000000e+000
 5.741500e-001,-1.837674e+003, 2.518491e+003, 5.884513e+002,-1.844911e+003,-3.748244e+001, 6.329874e+001,-1.782390e+003, 0.000000e+000, 0.000000e+000, 0.000000e+000
 5.742000e-001,-2.040398e+003, 2.534292e+003, 8.055867e+002,-2.016601e+003,-3.870635e+001, 6.584826e+001,-1.949032e+003, 0.000000e+000, 0.000000e+000, 0.000000e+000
 5.742500e-001,-1.883817e+003, 2.424289e+003, 7.231389e+002,-2.187514e+003,-3.943507e+001, 6.773586e+001,-2.115081e+003, 0.000000e+000, 0.000000e+000, 0.000000e+000
 5.743000e-001,-2.082964e+003, 2.452204e+003, 9.200079e+002,-2.357736e+003,-4.060247e+001, 7.028863e+001,-2.280281e+003, 0.000000e+000, 0.000000e+000, 0.000000e+000
 5.743500e-001,-1.927805e+003, 2.327042e+003, 8.579014e+002,-2.527018e+003,-4.130429e+001, 7.209699e+001,-2.444783e+003, 0.000000e+000, 0.000000e+000, 0.000000e+000
 5.744000e-001,-2.122034e+003, 2.366169e+003, 1.032155e+003,-2.695532e+003,-4.240942e+001, 7.464022e+001,-2.608307e+003, 0.000000e+000, 0.000000e+000, 0.000000e+000
 5.744500e-001,-1.969599e+003, 2.226980e+003, 9.922734e+002,-2.862941e+003,-4.308538e+001, 7.637603e+001,-2.771028e+003, 0.000000e+000, 0.000000e+000, 0.000000e+000
 5.745000e-001,-2.157535e+003, 2.276235e+003, 1.142158e+003,-3.029509e+003,-4.412364e+001, 7.889589e+001,-2.932643e+003, 0.000000e+000, 0.000000e+000, 0.000000e+000
 5.745500e-001,-2.009151e+003, 2.124310e+003, 1.125764e+003,-3.194806e+003,-4.477412e+001, 8.056668e+001,-3.093351e+003, 0.000000e+000, 0.000000e+000, 0.000000e+000
 5.746000e-001,-2.189410e+003, 2.182480e+003, 1.250172e+003,-3.359190e+003,-4.574209e+001, 8.304863e+001,-3.252828e+003, 0.000000e+000, 0.000000e+000, 0.000000e+000
 5.746500e-001,-2.046409e+003, 2.019216e+003, 1.257866e+003,-3.522141e+003,-4.636687e+001, 8.466242e+001,-3.411296e+003, 0.000000e+000, 0.000000e+000, 0.000000e+000
 5.747000e-001,-2.217618e+003, 2.085015e+003, 1.356367e+003,-3.684109e+003,-4.726232e+001, 8.709156e+001,-3.568409e+003, 0.000000e+000, 0.000000e+000, 0.000000e+000
 5.747500e-001,-2.081312e+003, 1.911862e+003, 1.388067e+003,-3.844482e+003,-4.786059e+001, 8.865657e+001,-3.724411e+003, 0.000000e+000, 0.000000e+000, 0.000000e+000
 5.748000e-001,-2.242131e+003, 1.983979e+003, 1.460918e+003,-4.003801e+003,-4.868241e+001, 9.101799e+001,-3.878935e+003, 0.000000e+000, 0.000000e+000, 0.000000e+000
 5.748500e-001,-2.113795e+003, 1.802392e+003, 1.515859e+003,-4.161370e+003,-4.925288e+001, 9.254225e+001,-4.032250e+003, 0.000000e+000, 0.000000e+000, 0.000000e+000
 5.749000e-001,-2.262934e+003, 1.879539e+003, 1.563995e+003,-4.317813e+003,-5.000098e+001, 9.482142e+001,-4.183967e+003, 0.000000e+000, 0.000000e+000, 0.000000e+000
 5.749500e-001,-2.143790e+003, 1.690933e+003, 1.640750e+003,-4.472354e+003,-5.054198e+001, 9.631248e+001,-4.334375e+003, 0.000000e+000, 0.000000e+000, 0.000000e+000
 5.750000e-001,-2.280025e+003, 1.771883e+003, 1.665754e+003,-4.625698e+003,-5.121721e+001, 9.849557e+001,-4.483069e+003, 0.000000e+000, 0.000000e+000, 0.000000e+000
 5.750500e-001,-2.171223e+003, 1.577597e+003, 1.762274e+003,-4.776991e+003,-5.172683e+001, 9.996017e+001,-4.630358e+003, 0.000000e+000, 0.000000e+000, 0.000000e+000
 5.751000e-001,-2.293413e+003, 1.661221e+003, 1.766324e+003,-4.927018e+003,-5.233081e+001, 1.020344e+002,-4.775816e+003, 0.000000e+000, 0.000000e+000, 0.000000e+000
 5.751500e-001,-2.196022e+003, 1.462487e+003, 1.880000e+003,-5.074849e+003,-5.280699e+001, 1.034782e+002,-4.919775e+003, 0.000000e+000, 0.000000e+000, 0.000000e+000
 5.752000e-001,-2.303116e+003, 1.547776e+003, 1.865803e+003,-5.221342e+003,-5.334197e+001, 1.054322e+002,-5.061791e+003, 0.000000e+000, 0.000000e+000, 0.000000e+000
 5.752500e-001,-2.218113e+003, 1.345702e+003, 1.993542e+003,-5.365502e+003,-5.378271e+001, 1.068594e+002,-5.202215e+003, 0.000000e+000, 0.000000e+000, 0.000000e+000
 5.753000e-001,-2.309162e+003, 1.431780e+003, 1.964249e+003,-5.508252e+003,-5.425140e+001, 1.086833e+002,-5.340586e+003, 0.000000e+000, 0.000000e+000, 0.000000e+000
 5.753500e-001,-2.237423e+003, 1.227337e+003, 2.102560e+003,-5.648538e+003,-5.465485e+001, 1.100968e+002,-5.477276e+003, 0.000000e+000, 0.000000e+000, 0.000000e+000
 5.754000e-001,-2.311583e+003, 1.313470e+003, 2.061675e+003,-5.787339e+003,-5.506025e+001, 1.117825e+002,-5.611806e+003, 0.000000e+000, 0.000000e+000, 0.000000e+000
 5.754500e-001,-2.253884e+003, 1.107491e+003, 2.206774e+003,-5.923552e+003,-5.542484e+001, 1.131832e+002,-5.744564e+003, 0.000000e+000, 0.000000e+000, 0.000000e+000
 5.755000e-001,-2.310420e+003, 1.193085e+003, 2.158044e+003,-6.058206e+003,-5.577009e+001, 1.147246e+002,-5.875062e+003, 0.000000e+000, 0.000000e+000, 0.000000e+000
 5.755500e-001,-2.267429e+003, 9.862710e+002, 2.305958e+003,-6.190153e+003,-5.609467e+001, 1.161121e+002,-6.003699e+003, 0.000000e+000, 0.000000e+000, 0.000000e+000
 5.756000e-001,-2.305717e+003, 1.070859e+003, 2.253269e+003,-6.320465e+003,-5.638290e+001, 1.175049e+002,-6.129979e+003, 0.000000e+000, 0.000000e+000, 0.000000e+000
 5.756500e-001,-2.277997e+003, 8.637909e+002, 2.399950e+003,-6.447960e+003,-5.666679e+001, 1.188766e+002,-6.254311e+003, 0.000000e+000, 0.000000e+000, 0.000000e+000
 5.757000e-001,-2.297522e+003, 9.470195e+002, 2.347211e+003,-6.573745e+003,-5.690101e+001, 1.201187e+002,-6.376194e+003, 0.000000e+000, 0.000000e+000, 0.000000e+000
 5.757500e-001,-2.285531e+003, 7.401788e+002, 2.488643e+003,-6.696606e+003,-5.714409e+001, 1.214706e+002,-6.496041e+003, 0.000000e+000, 0.000000e+000, 0.000000e+000
 5.758000e-001,-2.285889e+003, 8.217849e+002, 2.439685e+003,-6.817682e+003,-5.732707e+001, 1.225616e+002,-6.613354e+003, 0.000000e+000, 0.000000e+000, 0.000000e+000
 5.758500e-001,-2.289981e+003, 6.155762e+002, 2.571989e+003,-6.935736e+003,-5.752980e+001, 1.238880e+002,-6.728544e+003, 0.000000e+000, 0.000000e+000, 0.000000e+000
 5.759000e-001,-2.270873e+003, 6.953610e+002, 2.530458e+003,-7.051929e+003,-5.766398e+001, 1.248295e+002,-6.841123e+003, 0.000000e+000, 0.000000e+000, 0.000000e+000
 5.759500e-001,-2.291302e+003, 4.901402e+002, 2.649992e+003,-7.165010e+003,-5.782742e+001, 1.261232e+002,-6.951489e+003, 0.000000e+000, 0.000000e+000, 0.000000e+000
 5.760000e-001,-2.252533e+003, 5.679415e+002, 2.619257e+003,-7.276153e+003,-5.791489e+001, 1.269182e+002,-7.059172e+003, 0.000000e+000, 0.000000e+000, 0.000000e+000
 5.760500e-001,-2.289454e+003, 3.640426e+002, 2.722703e+003,-7.384099e+003,-5.804065e+001, 1.281710e+002,-7.164556e+003, 0.000000e+000, 0.000000e+000, 0.000000e+000
 5.761000e-001,-2.230933e+003, 4.397069e+002, 2.705776e+003,-7.490032e+003,-5.808310e+001, 1.288240e+002,-7.267192e+003, 0.000000e+000, 0.000000e+000, 0.000000e+000
 5.761500e-001,-2.284404e+003, 2.374700e+002, 2.790215e+003,-7.592692e+003,-5.817332e+001, 1.300266e+002,-7.367441e+003, 0.000000e+000, 0.000000e+000, 0.000000e+000
 5.762000e-001,-2.206139e+003, 3.108254e+002, 2.789681e+003,-7.693263e+003,-5.817205e+001, 1.305433e+002,-7.464885e+003, 0.000000e+000, 0.000000e+000, 0.000000e+000
 5.762500e-001,-2.276123e+003, 1.106221e+002, 2.852654e+003,-7.790490e+003,-5.822930e+001, 1.316856e+002,-7.559854e+003, 0.000000e+000, 0.000000e+000, 0.000000e+000
 5.763000e-001,-2.178221e+003, 1.814541e+002, 2.870621e+003,-7.885554e+003,-5.818525e+001, 1.320727e+002,-7.651967e+003, 0.000000e+000, 0.000000e+000, 0.000000e+000
 5.763500e-001,-2.264588e+003,-1.629049e+001, 2.910172e+003,-7.977211e+003,-5.821242e+001, 1.331442e+002,-7.741519e+003, 0.000000e+000, 0.000000e+000, 0.000000e+000
 5.764000e-001,-2.147254e+003, 5.174105e+001, 2.948234e+003,-8.066632e+003,-5.812622e+001, 1.334089e+002,-7.828172e+003, 0.000000e+000, 0.000000e+000, 0.000000e+000
 5.764500e-001,-2.249778e+003,-1.430488e+002, 2.962938e+003,-8.152590e+003,-5.812643e+001, 1.343991e+002,-7.912177e+003, 0.000000e+000, 0.000000e+000, 0.000000e+000
 5.765000e-001,-2.113318e+003,-7.817263e+001, 3.022153e+003,-8.236237e+003,-5.799845e+001, 1.345491e+002,-7.993248e+003, 0.000000e+000, 0.000000e+000, 0.000000e+000
 5.765500e-001,-2.231677e+003,-2.694288e+002, 3.011133e+003,-8.316375e+003,-5.797491e+001, 1.354475e+002,-8.071583e+003, 0.000000e+000, 0.000000e+000, 0.000000e+000
 5.766000e-001,-2.076498e+003,-2.081497e+002, 3.092020e+003,-8.394130e+003,-5.780536e+001, 1.354906e+002,-8.146956e+003, 0.000000e+000, 0.000000e+000, 0.000000e+000
 5.766500e-001,-2.210274e+003,-3.952046e+002, 3.054938e+003,-8.468333e+003,-5.776123e+001, 1.362869e+002,-8.219511e+003, 0.000000e+000, 0.000000e+000, 0.000000e+000
 5.767000e-001,-2.036885e+003,-3.380540e+002, 3.157487e+003,-8.540082e+003,-5.755021e+001, 1.362309e+002,-8.289079e+003, 0.000000e+000, 0.000000e+000, 0.000000e+000
 5.767500e-001,-2.185560e+003,-5.201517e+002, 3.094534e+003,-8.608248e+003,-5.748850e+001, 1.369157e+002,-8.355747e+003, 0.000000e+000, 0.000000e+000, 0.000000e+000
 5.768000e-001,-1.994572e+003,-4.677472e+002, 3.218225e+003,-8.673888e+003,-5.723610e+001, 1.367681e+002,-8.419411e+003, 0.000000e+000, 0.000000e+000, 0.000000e+000
 5.768500e-001,-2.157527e+003,-6.440511e+002, 3.130089e+003,-8.735919e+003,-5.715950e+001, 1.373325e+002,-8.480099e+003, 0.000000e+000, 0.000000e+000, 0.000000e+000
 5.769000e-001,-1.949663e+003,-5.970865e+002, 3.273933e+003,-8.795355e+003,-5.686591e+001, 1.371002e+002,-8.537769e+003, 0.000000e+000, 0.000000e+000, 0.000000e+000
 5.769500e-001,-2.126175e+003,-7.666918e+002, 3.161759e+003,-8.851165e+003,-5.677669e+001, 1.375365e+002,-8.592386e+003, 0.000000e+000, 0.000000e+000, 0.000000e+000
 5.770000e-001,-1.902262e+003,-7.259214e+002, 3.324335e+003,-8.904312e+003,-5.644226e+001, 1.372261e+002,-8.643979e+003, 0.000000e+000, 0.000000e+000, 0.000000e+000
 5.770500e-001,-2.091503e+003,-8.878741e+002, 3.189680e+003,-8.953822e+003,-5.634218e+001, 1.375274e+002,-8.692450e+003, 0.000000e+000, 0.000000e+000, 0.000000e+000
 5.771000e-001,-1.852479e+003,-8.540917e+002, 3.369190e+003,-9.000602e+003,-5.596746e+001, 1.371446e+002,-8.737892e+003, 0.000000e+000, 0.000000e+000, 0.000000e+000
 5.771500e-001,-2.053518e+003,-1.007412e+003, 3.213968e+003,-9.043744e+003,-5.585768e+001, 1.373055e+002,-8.780147e+003, 0.000000e+000, 0.000000e+000, 0.000000e+000
 5.772000e-001,-1.800429e+003,-9.814259e+002, 3.408291e+003,-9.084089e+003,-5.544352e+001, 1.368553e+002,-8.819373e+003, 0.000000e+000, 0.000000e+000, 0.000000e+000
 5.772500e-001,-2.012228e+003,-1.125135e+003, 3.234718e+003,-9.120803e+003,-5.532455e+001, 1.368713e+002,-8.855353e+003, 0.000000e+000, 0.000000e+000, 0.000000e+000
 5.773000e-001,-1.746228e+003,-1.107740e+003, 3.441466e+003,-9.154653e+003,-5.487209e+001, 1.363581e+002,-8.888306e+003, 0.000000e+000, 0.000000e+000, 0.000000e+000
 5.773500e-001,-1.967650e+003,-1.240889e+003, 3.252000e+003,-9.184890e+003,-5.474376e+001, 1.362260e+002,-8.917959e+003, 0.000000e+000, 0.000000e+000, 0.000000e+000
 5.774000e-001,-1.689995e+003,-1.232836e+003, 3.468579e+003,-9.212196e+003,-5.425449e+001, 1.356533e+002,-8.944591e+003, 0.000000e+000, 0.000000e+000, 0.000000e+000
 5.774500e-001,-1.919805e+003,-1.354539e+003, 3.265863e+003,-9.235912e+003,-5.411589e+001, 1.353713e+002,-8.967878e+003, 0.000000e+000, 0.000000e+000, 0.000000e+000
 5.775000e-001,-1.631848e+003,-1.356505e+003, 3.489532e+003,-9.256635e+003,-5.359164e+001, 1.347418e+002,-8.988149e+003, 0.000000e+000, 0.000000e+000, 0.000000e+000
 5.775500e-001,-1.868721e+003,-1.465964e+003, 3.276334e+003,-9.273798e+003,-5.344124e+001, 1.343091e+002,-9.005037e+003, 0.000000e+000, 0.000000e+000, 0.000000e+000
 5.776000e-001,-1.571907e+003,-1.478523e+003, 3.504261e+003,-9.287908e+003,-5.288412e+001, 1.336249e+002,-9.018919e+003, 0.000000e+000, 0.000000e+000, 0.000000e+000
 5.776500e-001,-1.814438e+003,-1.575065e+003, 3.283419e+003,-9.298496e+003,-5.271971e+001, 1.330419e+002,-9.029385e+003, 0.000000e+000, 0.000000e+000, 0.000000e+000
 5.777000e-001,-1.510288e+003,-1.598658e+003, 3.512732e+003,-9.305971e+003,-5.213215e+001, 1.323046e+002,-9.036856e+003, 0.000000e+000, 0.000000e+000, 0.000000e+000
 5.777500e-001,-1.757000e+003,-1.681753e+003, 3.287107e+003,-9.309970e+003,-5.195096e+001, 1.315727e+002,-9.040887e+003, 0.000000e+000, 0.000000e+000, 0.000000e+000
 5.778000e-001,-1.447106e+003,-1.716668e+003, 3.514945e+003,-9.310799e+003,-5.133558e+001, 1.307831e+002,-9.041936e+003, 0.000000e+000, 0.000000e+000, 0.000000e+000
 5.778500e-001,-1.696467e+003,-1.785956e+003, 3.287369e+003,-9.308204e+003,-5.113437e+001, 1.299048e+002,-9.039527e+003, 0.000000e+000, 0.000000e+000, 0.000000e+000
 5.779000e-001,-1.382470e+003,-1.832304e+003, 3.510928e+003,-9.302386e+003,-5.049397e+001, 1.290634e+002,-9.034151e+003, 0.000000e+000, 0.000000e+000, 0.000000e+000
 5.779500e-001,-1.632906e+003,-1.887614e+003, 3.284164e+003,-9.293202e+003,-5.026909e+001, 1.280420e+002,-9.025310e+003, 0.000000e+000, 0.000000e+000, 0.000000e+000
 5.780000e-001,-1.316485e+003,-1.945315e+003, 3.500735e+003,-9.280745e+003,-4.960653e+001, 1.271488e+002,-9.013514e+003, 0.000000e+000, 0.000000e+000, 0.000000e+000
 5.780500e-001,-1.566398e+003,-1.986673e+003, 3.277438e+003,-9.264985e+003,-4.935409e+001, 1.259885e+002,-8.998254e+003, 0.000000e+000, 0.000000e+000, 0.000000e+000
 5.781000e-001,-1.249252e+003,-2.055449e+003, 3.484447e+003,-9.245908e+003,-4.867225e+001, 1.250431e+002,-8.980056e+003, 0.000000e+000, 0.000000e+000, 0.000000e+000
 5.781500e-001,-1.497034e+003,-2.083086e+003, 3.267126e+003,-9.223597e+003,-4.838819e+001, 1.237488e+002,-8.958400e+003, 0.000000e+000, 0.000000e+000, 0.000000e+000
 5.782000e-001,-1.180862e+003,-2.162456e+003, 3.462165e+003,-9.197927e+003,-4.768984e+001, 1.227506e+002,-8.933823e+003, 0.000000e+000, 0.000000e+000, 0.000000e+000
 5.782500e-001,-1.424919e+003,-2.176811e+003, 3.253158e+003,-9.169095e+003,-4.737011e+001, 1.213280e+002,-8.905808e+003, 0.000000e+000, 0.000000e+000, 0.000000e+000
 5.783000e-001,-1.111402e+003,-2.266095e+003, 3.434012e+003,-9.136869e+003,-4.665785e+001, 1.202759e+002,-8.874885e+003, 0.000000e+000, 0.000000e+000, 0.000000e+000
 5.783500e-001,-1.350172e+003,-2.267802e+003, 3.235454e+003,-9.101558e+003,-4.629850e+001, 1.187313e+002,-8.840551e+003, 0.000000e+000, 0.000000e+000, 0.000000e+000
 5.784000e-001,-1.040952e+003,-2.366134e+003, 3.400132e+003,-9.062824e+003,-4.557466e+001, 1.176242e+002,-8.803326e+003, 0.000000e+000, 0.000000e+000, 0.000000e+000
 5.784500e-001,-1.272921e+003,-2.356014e+003, 3.213931e+003,-9.021083e+003,-4.517198e+001, 1.159643e+002,-8.762724e+003, 0.000000e+000, 0.000000e+000, 0.000000e+000
 5.785000e-001,-9.695826e+002,-2.462354e+003, 3.360686e+003,-8.975897e+003,-4.443854e+001, 1.148008e+002,-8.719250e+003, 0.000000e+000, 0.000000e+000, 0.000000e+000
 5.785500e-001,-1.193307e+003,-2.441392e+003, 3.188503e+003,-8.927786e+003,-4.398918e+001, 1.130331e+002,-8.672440e+003, 0.000000e+000, 0.000000e+000, 0.000000e+000
 5.786000e-001,-8.973606e+002,-2.554551e+003, 3.315850e+003,-8.876216e+003,-4.324771e+001, 1.118117e+002,-8.622777e+003, 0.000000e+000, 0.000000e+000, 0.000000e+000
 5.786500e-001,-1.111485e+003,-2.523877e+003, 3.159078e+003,-8.821801e+003,-4.274878e+001, 1.099439e+002,-8.569829e+003, 0.000000e+000, 0.000000e+000, 0.000000e+000
 5.787000e-001,-8.243453e+002,-2.642541e+003, 3.265819e+003,-8.763920e+003,-4.200039e+001, 1.086627e+002,-8.514049e+003, 0.000000e+000, 0.000000e+000, 0.000000e+000
 5.787500e-001,-1.027615e+003,-2.603397e+003, 3.125564e+003,-8.703278e+003,-4.144953e+001, 1.067031e+002,-8.455038e+003, 0.000000e+000, 0.000000e+000, 0.000000e+000
 5.788000e-001,-7.505909e+002,-2.726162e+003, 3.210800e+003,-8.639173e+003,-4.069481e+001, 1.053604e+002,-8.393219e+003, 0.000000e+000, 0.000000e+000, 0.000000e+000
 5.788500e-001,-9.418713e+002,-2.679869e+003, 3.087871e+003,-8.572390e+003,-4.009030e+001, 1.033174e+002,-8.328232e+003, 0.000000e+000, 0.000000e+000, 0.000000e+000
 5.789000e-001,-6.761469e+002,-2.805272e+003, 3.151015e+003,-8.502152e+003,-3.932932e+001, 1.019112e+002,-8.260462e+003, 0.000000e+000, 0.000000e+000, 0.000000e+000
 5.789500e-001,-8.544323e+002,-2.753198e+003, 3.045905e+003,-8.429320e+003,-3.867010e+001, 9.979362e+001,-8.189594e+003, 0.000000e+000, 0.000000e+000, 0.000000e+000
 5.790000e-001,-6.010590e+002,-2.879753e+003, 3.086697e+003,-8.353054e+003,-3.790236e+001, 9.832191e+001,-8.115969e+003, 0.000000e+000, 0.000000e+000, 0.000000e+000
 5.790500e-001,-7.654847e+002,-2.823276e+003, 2.999577e+003,-8.274276e+003,-3.718809e+001, 9.613876e+001,-8.039322e+003, 0.000000e+000, 0.000000e+000, 0.000000e+000
 5.791000e-001,-5.253709e+002,-2.949512e+003, 3.018087e+003,-8.192091e+003,-3.641259e+001, 9.459940e+001,-7.959948e+003, 0.000000e+000, 0.000000e+000, 0.000000e+000
 5.791500e-001,-6.752200e+002,-2.889982e+003, 2.948803e+003,-8.107477e+003,-3.564364e+001, 9.235979e+001,-7.877630e+003, 0.000000e+000, 0.000000e+000, 0.000000e+000
 5.792000e-001,-4.491247e+002,-3.014479e+003, 2.945436e+003,-8.019493e+003,-3.485888e+001, 9.075072e+001,-7.792621e+003, 0.000000e+000, 0.000000e+000, 0.000000e+000
 5.792500e-001,-5.838333e+002,-2.953182e+003, 2.893502e+003,-7.929162e+003,-3.403631e+001, 8.846377e+001,-7.704752e+003, 0.000000e+000, 0.000000e+000, 0.000000e+000
 5.793000e-001,-3.723621e+002,-3.074606e+003, 2.868999e+003,-7.835507e+003,-3.324034e+001, 8.678297e+001,-7.614229e+003, 0.000000e+000, 0.000000e+000, 0.000000e+000
 5.793500e-001,-4.915213e+002,-3.012733e+003, 2.833604e+003,-7.739585e+003,-3.236592e+001, 8.445769e+001,-7.520933e+003, 0.000000e+000, 0.000000e+000, 0.000000e+000
 5.794000e-001,-2.951261e+002,-3.129870e+003, 2.789033e+003,-7.640396e+003,-3.155638e+001, 8.270329e+001,-7.425028e+003, 0.000000e+000, 0.000000e+000, 0.000000e+000
 5.794500e-001,-3.984819e+002,-3.068480e+003, 2.769048e+003,-7.539017e+003,-3.063252e+001, 8.034850e+001,-7.326437e+003, 0.000000e+000, 0.000000e+000, 0.000000e+000
 5.795000e-001,-2.174617e+002,-3.180264e+003, 2.705796e+003,-7.434436e+003,-2.980676e+001, 7.851887e+001,-7.225287e+003, 0.000000e+000, 0.000000e+000, 0.000000e+000
 5.795500e-001,-3.049116e+002,-3.120265e+003, 2.699789e+003,-7.327743e+003,-2.883642e+001, 7.614306e+001,-7.121542e+003, 0.000000e+000, 0.000000e+000, 0.000000e+000
 5.796000e-001,-1.394170e+002,-3.225803e+003, 2.619541e+003,-7.217921e+003,-2.799158e+001, 7.423688e+001,-7.015292e+003, 0.000000e+000, 0.000000e+000, 0.000000e+000
 5.796500e-001,-2.110051e+002,-3.167920e+003, 2.625798e+003,-7.106064e+003,-2.697824e+001, 7.184805e+001,-6.906539e+003, 0.000000e+000, 0.000000e+000, 0.000000e+000
 5.797000e-001,-6.104410e+001,-3.266515e+003, 2.530510e+003,-6.991159e+003,-2.611131e+001, 6.986443e+001,-6.795342e+003, 0.000000e+000, 0.000000e+000, 0.000000e+000
 5.797500e-001,-1.169533e+002,-3.211281e+003, 2.547067e+003,-6.874296e+003,-2.505889e+001, 6.747002e+001,-6.681736e+003, 0.000000e+000, 0.000000e+000, 0.000000e+000
 5.798000e-001, 1.760005e+001,-3.302442e+003, 2.438940e+003,-6.754474e+003,-2.416683e+001, 6.540862e+001,-6.565751e+003, 0.000000e+000, 0.000000e+000, 0.000000e+000
 5.798500e-001,-2.294292e+001,-3.250180e+003, 2.463612e+003,-6.632768e+003,-2.307956e+001, 6.301532e+001,-6.447453e+003, 0.000000e+000, 0.000000e+000, 0.000000e+000
 5.799000e-001, 9.645299e+001,-3.333637e+003, 2.345047e+003,-6.508201e+003,-2.215943e+001, 6.087640e+001,-6.326848e+003, 0.000000e+000, 0.000000e+000, 0.000000e+000
 5.799500e-001, 7.084497e+001,-3.284457e+003, 2.375475e+003,-6.381824e+003,-2.104182e+001, 5.849006e+001,-6.204023e+003, 0.000000e+000, 0.000000e+000, 0.000000e+000
 5.800000e-001, 1.754463e+002,-3.360160e+003, 2.249032e+003,-6.252691e+003,-2.009085e+001, 5.627465e+001,-6.078970e+003, 0.000000e+000, 0.000000e+000, 0.000000e+000
 5.800500e-001, 1.642354e+002,-3.313957e+003, 2.282730e+003,-6.121821e+003,-1.894754e+001, 5.390018e+001,-5.951795e+003, 0.000000e+000, 0.000000e+000, 0.000000e+000
 5.801000e-001, 2.545054e+002,-3.382075e+003, 2.151073e+003,-5.988306e+003,-1.796323e+001, 5.161012e+001,-5.822472e+003, 0.000000e+000, 0.000000e+000, 0.000000e+000
 5.801500e-001, 2.570601e+002,-3.338534e+003, 2.185481e+003,-5.853128e+003,-1.679893e+001, 4.925138e+001,-5.691125e+003, 0.000000e+000, 0.000000e+000, 0.000000e+000
 5.802000e-001, 3.335491e+002,-3.399450e+003, 2.051324e+003,-5.715422e+003,-1.577918e+001, 4.688940e+001,-5.557718e+003, 0.000000e+000, 0.000000e+000, 0.000000e+000
 5.802500e-001, 3.491581e+002,-3.358057e+003, 2.083868e+003,-5.576128e+003,-1.459859e+001, 4.454915e+001,-5.422387e+003, 0.000000e+000, 0.000000e+000, 0.000000e+000
 5.803000e-001, 4.124901e+002,-3.412352e+003, 1.949914e+003,-5.434426e+003,-1.354172e+001, 4.211893e+001,-5.285083e+003, 0.000000e+000, 0.000000e+000, 0.000000e+000
 5.803500e-001, 4.403760e+002,-3.372407e+003, 1.978065e+003,-5.291212e+003,-1.234944e+001, 3.979878e+001,-5.145959e+003, 0.000000e+000, 0.000000e+000, 0.000000e+000
 5.804000e-001, 4.912344e+002,-3.420844e+003, 1.846943e+003,-5.145718e+003,-1.125432e+001, 3.730500e+001,-5.004956e+003, 0.000000e+000, 0.000000e+000, 0.000000e+000
 5.804500e-001, 5.305678e+002,-3.381485e+003, 1.868284e+003,-4.998787e+003,-1.005481e+001, 3.500538e+001,-4.862238e+003, 0.000000e+000, 0.000000e+000, 0.000000e+000
 5.805000e-001, 5.696826e+002,-3.424987e+003, 1.742482e+003,-4.849707e+003,-8.920884e+000, 3.245370e+001,-4.717732e+003, 0.000000e+000, 0.000000e+000, 0.000000e+000
 5.805500e-001, 6.195952e+002,-3.385209e+003, 1.754770e+003,-4.699267e+003,-7.718357e+000, 3.017393e+001,-4.571624e+003, 0.000000e+000, 0.000000e+000, 0.000000e+000
 5.806000e-001, 6.477295e+002,-3.424835e+003, 1.636578e+003,-4.546812e+003,-6.545708e+000, 2.757096e+001,-4.423821e+003, 0.000000e+000, 0.000000e+000, 0.000000e+000
 5.806500e-001, 7.073273e+002,-3.383517e+003, 1.637805e+003,-4.393077e+003,-5.344136e+000, 2.530925e+001,-4.274530e+003, 0.000000e+000, 0.000000e+000, 0.000000e+000
 5.807000e-001, 7.252648e+002,-3.420436e+003, 1.529250e+003,-4.237463e+003,-4.133498e+000, 2.266253e+001,-4.123638e+003, 0.000000e+000, 0.000000e+000, 0.000000e+000
 5.807500e-001, 7.936406e+002,-3.376369e+003, 1.517700e+003,-4.080651e+003,-2.936552e+000, 2.041610e+001,-3.971377e+003, 0.000000e+000, 0.000000e+000, 0.000000e+000
 5.808000e-001, 8.021741e+002,-3.411829e+003, 1.420492e+003,-3.922099e+003,-1.689335e+000, 1.773398e+001,-3.817609e+003, 0.000000e+000, 0.000000e+000, 0.000000e+000
 5.808500e-001, 8.784182e+002,-3.363745e+003, 1.394796e+003,-3.762432e+003,-5.003692e-001, 1.549919e+001,-3.662597e+003, 0.000000e+000, 0.000000e+000, 0.000000e+000
 5.809000e-001, 8.783394e+002,-3.399048e+003, 1.310281e+003,-3.601167e+003, 7.813419e-001, 1.279073e+001,-3.506167e+003, 0.000000e+000, 0.000000e+000, 0.000000e+000
 5.809500e-001, 9.615501e+002,-3.345649e+003, 1.269457e+003,-3.438873e+003, 1.959306e+000, 1.056321e+001,-3.348625e+003, 0.000000e+000, 0.000000e+000, 0.000000e+000
 5.810000e-001, 9.536392e+002,-3.382115e+003, 1.198574e+003,-3.275123e+003, 3.272768e+000, 7.838023e+000,-3.189753e+003, 0.000000e+000, 0.000000e+000, 0.000000e+000
 5.810500e-001, 1.042932e+003,-3.322104e+003, 1.142067e+003,-3.110431e+003, 4.437040e+000, 5.612884e+000,-3.029907e+003, 0.000000e+000, 0.000000e+000, 0.000000e+000
 5.811000e-001, 1.027951e+003,-3.361049e+003, 1.085319e+003,-2.944427e+003, 5.778876e+000, 2.880992e+000,-2.868817e+003, 0.000000e+000, 0.000000e+000, 0.000000e+000
 5.811500e-001, 1.122466e+003,-3.293156e+003, 1.013023e+003,-2.777572e+003, 6.927095e+000, 6.529917e-001,-2.706895e+003, 0.000000e+000, 0.000000e+000, 0.000000e+000
 5.812000e-001, 1.101148e+003,-3.335858e+003, 9.704590e+002,-2.609549e+003, 8.293337e+000,-2.075365e+000,-2.543811e+003, 0.000000e+000, 0.000000e+000, 0.000000e+000
 5.812500e-001, 1.200059e+003,-3.258871e+003, 8.827291e+002,-2.440768e+003, 9.423457e+000,-4.311581e+000,-2.380046e+003, 0.000000e+000, 0.000000e+000, 0.000000e+000
 5.813000e-001, 1.173107e+003,-3.306546e+003, 8.539348e+002,-2.270964e+003, 1.080959e+001,-7.026141e+000,-2.215197e+003, 0.000000e+000, 0.000000e+000, 0.000000e+000
 5.813500e-001, 1.275623e+003,-3.219333e+003, 7.515912e+002,-2.100497e+003, 1.191986e+001,-9.275822e+000,-2.049821e+003, 0.000000e+000, 0.000000e+000, 0.000000e+000
 5.814000e-001, 1.243702e+003,-3.273113e+003, 7.356947e+002,-1.929151e+003, 1.332089e+001,-1.196651e+001,-1.883439e+003, 0.000000e+000, 0.000000e+000, 0.000000e+000
 5.814500e-001, 1.349075e+003,-3.174646e+003, 6.200082e+002,-1.757240e+003, 1.440985e+001,-1.423456e+001,-1.716689e+003, 0.000000e+000, 0.000000e+000, 0.000000e+000
 5.815000e-001, 1.312808e+003,-3.235552e+003, 6.156991e+002,-1.584595e+003, 1.582033e+001,-1.689168e+001,-1.549007e+003, 0.000000e+000, 0.000000e+000, 0.000000e+000
 5.815500e-001, 1.420334e+003,-3.124928e+003, 4.883667e+002,-1.411485e+003, 1.688677e+001,-1.918245e+001,-1.381122e+003, 0.000000e+000, 0.000000e+000, 0.000000e+000
 5.816000e-001, 1.380301e+003,-3.193856e+003, 4.939269e+002,-1.237784e+003, 1.830093e+001,-2.179688e+001,-1.212375e+003, 0.000000e+000, 0.000000e+000, 0.000000e+000
 5.816500e-001, 1.489325e+003,-3.070314e+003, 3.570345e+002,-1.063722e+003, 1.934386e+001,-2.411394e+001,-1.043593e+003, 0.000000e+000, 0.000000e+000, 0.000000e+000
 5.817000e-001, 1.446060e+003,-3.148016e+003, 3.703809e+002,-8.892103e+002, 2.075563e+001,-2.667735e+001,-8.740185e+002, 0.000000e+000, 0.000000e+000, 0.000000e+000
 5.817500e-001, 1.555977e+003,-3.010954e+003, 2.263546e+002,-7.144424e+002, 2.177430e+001,-2.902330e+001,-7.045806e+002, 0.000000e+000, 0.000000e+000, 0.000000e+000
 5.818000e-001, 1.509965e+003,-3.098022e+003, 2.450928e+002,-5.393671e+002, 2.317739e+001,-3.152826e+001,-5.344177e+002, 0.000000e+000, 0.000000e+000, 0.000000e+000
 5.818500e-001, 1.620219e+003,-2.947008e+003, 9.664045e+001,-3.641426e+002, 2.417123e+001,-3.390459e+001,-3.645644e+002, 0.000000e+000, 0.000000e+000, 0.000000e+000
 5.819000e-001, 1.571902e+003,-3.043868e+003, 1.181276e+002,-1.887509e+002, 2.555921e+001,-3.634473e+001,-1.940530e+002, 0.000000e+000, 0.000000e+000, 0.000000e+000
 5.819500e-001, 1.681987e+003,-2.878648e+003,-3.182851e+001,-1.331914e+001, 2.652784e+001,-3.875166e+001,-2.402566e+001, 0.000000e+000, 0.000000e+000, 0.000000e+000
 5.820000e-001, 1.631757e+003,-2.985546e+003,-1.041332e+001, 1.621412e+002, 2.789421e+001,-4.112178e+001, 1.465935e+002, 0.000000e+000, 0.000000e+000, 0.000000e+000
 5.820500e-001, 1.741216e+003,-2.806056e+003,-1.588102e+002, 3.375306e+002, 2.883741e+001,-4.355817e+001, 3.165537e+002, 0.000000e+000, 0.000000e+000, 0.000000e+000
 5.821000e-001, 1.689422e+003,-2.923055e+003,-1.403899e+002, 5.128115e+002, 3.017564e+001,-4.585432e+001, 4.870392e+002, 0.000000e+000, 0.000000e+000, 0.000000e+000
 5.821500e-001, 1.797848e+003,-2.729422e+003,-2.841020e+002, 6.879091e+002, 3.109336e+001,-4.831761e+001, 6.566913e+002, 0.000000e+000, 0.000000e+000, 0.000000e+000
 5.822000e-001, 1.744791e+003,-2.856397e+003,-2.716223e+002, 8.627626e+002, 3.239701e+001,-5.053711e+001, 8.268019e+002, 0.000000e+000, 0.000000e+000, 0.000000e+000
 5.822500e-001, 1.851823e+003,-2.648943e+003,-4.075416e+002, 1.037319e+003, 3.328933e+001,-5.302333e+001, 9.959057e+002, 0.000000e+000, 0.000000e+000, 0.000000e+000
 5.823000e-001, 1.797766e+003,-2.785579e+003,-4.038910e+002, 1.211498e+003, 3.455207e+001,-5.516477e+001, 1.165400e+003, 0.000000e+000, 0.000000e+000, 0.000000e+000
 5.823500e-001, 1.903088e+003,-2.564823e+003,-5.290069e+002, 1.385265e+003, 3.541924e+001,-5.766852e+001, 1.333716e+003, 0.000000e+000, 0.000000e+000, 0.000000e+000
 5.824000e-001, 1.848249e+003,-2.710614e+003,-5.369380e+002, 1.558523e+003, 3.663491e+001,-5.973172e+001, 1.502354e+003, 0.000000e+000, 0.000000e+000, 0.000000e+000
 5.824500e-001, 1.951589e+003,-2.477269e+003,-6.484146e+002, 1.731253e+003, 3.747732e+001,-6.224631e+001, 1.669644e+003, 0.000000e+000, 0.000000e+000, 0.000000e+000
 5.825000e-001, 1.896152e+003,-2.631523e+003,-6.704697e+002, 1.903345e+003, 3.864000e+001,-6.423224e+001, 1.837185e+003, 0.000000e+000, 0.000000e+000, 0.000000e+000
 5.825500e-001, 1.997276e+003,-2.386494e+003,-7.657178e+002, 2.074792e+003, 3.945816e+001,-6.674972e+001, 2.003213e+003, 0.000000e+000, 0.000000e+000, 0.000000e+000
 5.826000e-001, 1.941389e+003,-2.548334e+003,-8.041594e+002, 2.245473e+003, 4.056222e+001,-6.866039e+001, 2.169419e+003, 0.000000e+000, 0.000000e+000, 0.000000e+000
 5.826500e-001, 2.040102e+003,-2.292713e+003,-8.809025e+002, 2.415395e+003, 4.135679e+001,-7.117175e+001, 2.333950e+003, 0.000000e+000, 0.000000e+000, 0.000000e+000
 5.827000e-001, 1.983880e+003,-2.461083e+003,-9.376530e+002, 2.584424e+003, 4.239694e+001,-7.301007e+001, 2.498584e+003, 0.000000e+000, 0.000000e+000, 0.000000e+000
 5.827500e-001, 2.080021e+003,-2.196144e+003,-9.939828e+002, 2.752577e+003, 4.316870e+001,-7.550539e+001, 2.661386e+003, 0.000000e+000, 0.000000e+000, 0.000000e+000
 5.828000e-001, 2.023552e+003,-2.369813e+003,-1.070573e+003, 2.919714e+003, 4.414004e+001,-7.727502e+001, 2.824214e+003, 0.000000e+000, 0.000000e+000, 0.000000e+000
 5.828500e-001, 2.116991e+003,-2.097002e+003,-1.104996e+003, 3.085859e+003, 4.488988e+001,-7.974366e+001, 2.985056e+003, 0.000000e+000, 0.000000e+000, 0.000000e+000
 5.829000e-001, 2.060335e+003,-2.274580e+003,-1.202526e+003, 3.250867e+003, 4.578794e+001,-8.144878e+001, 3.145845e+003, 0.000000e+000, 0.000000e+000, 0.000000e+000
 5.829500e-001, 2.150971e+003,-1.995506e+003,-1.213999e+003, 3.414768e+003, 4.651684e+001,-8.387962e+001, 3.304501e+003, 0.000000e+000, 0.000000e+000, 0.000000e+000
 5.830000e-001, 2.094169e+003,-2.175449e+003,-1.333107e+003, 3.577413e+003, 4.733767e+001,-8.552482e+001, 3.463021e+003, 0.000000e+000, 0.000000e+000, 0.000000e+000
 5.830500e-001, 2.181923e+003,-1.891871e+003,-1.321057e+003, 3.738836e+003, 4.804667e+001,-8.790641e+001, 3.619266e+003, 0.000000e+000, 0.000000e+000, 0.000000e+000
 5.831000e-001, 2.124996e+003,-2.072496e+003,-1.461907e+003, 3.898886e+003, 4.878682e+001,-8.949643e+001, 3.775291e+003, 0.000000e+000, 0.000000e+000, 0.000000e+000
 5.831500e-001, 2.209811e+003,-1.786308e+003,-1.426245e+003, 4.057602e+003, 4.947699e+001,-9.181732e+001, 3.928905e+003, 0.000000e+000, 0.000000e+000, 0.000000e+000
 5.832000e-001, 2.152766e+003,-1.965809e+003,-1.588520e+003, 4.214832e+003, 5.013361e+001,-9.335683e+001, 4.082210e+003, 0.000000e+000, 0.000000e+000, 0.000000e+000
 5.832500e-001, 2.234602e+003,-1.679025e+003,-1.529634e+003, 4.370614e+003, 5.080604e+001,-9.560573e+001, 4.232976e+003, 0.000000e+000, 0.000000e+000, 0.000000e+000
 5.833000e-001, 2.177436e+003,-1.855491e+003,-1.712548e+003, 4.524797e+003, 5.137692e+001,-9.709921e+001, 4.383343e+003, 0.000000e+000, 0.000000e+000, 0.000000e+000
 5.833500e-001, 2.256265e+003,-1.570223e+003,-1.631291e+003, 4.677425e+003, 5.203262e+001,-9.926520e+001, 4.531048e+003, 0.000000e+000, 0.000000e+000, 0.000000e+000
 5.834000e-001, 2.198967e+003,-1.741658e+003,-1.833608e+003, 4.828344e+003, 5.251619e+001,-1.007167e+002, 4.678261e+003, 0.000000e+000, 0.000000e+000, 0.000000e+000
 5.834500e-001, 2.274773e+003,-1.460095e+003,-1.731271e+003, 4.977598e+003, 5.315609e+001,-1.027895e+002, 4.822695e+003, 0.000000e+000, 0.000000e+000, 0.000000e+000
 5.835000e-001, 2.217329e+003,-1.624442e+003,-1.951339e+003, 5.125038e+003, 5.355153e+001,-1.042025e+002, 4.966543e+003, 0.000000e+000, 0.000000e+000, 0.000000e+000
 5.835500e-001, 2.290099e+003,-1.348824e+003,-1.829614e+003, 5.270707e+003, 5.417639e+001,-1.061724e+002, 5.107504e+003, 0.000000e+000, 0.000000e+000, 0.000000e+000
 5.836000e-001, 2.232495e+003,-1.503991e+003,-2.065402e+003, 5.414458e+003, 5.448362e+001,-1.075498e+002, 5.247779e+003, 0.000000e+000, 0.000000e+000, 0.000000e+000
 5.836500e-001, 2.302222e+003,-1.236582e+003,-1.926339e+003, 5.556334e+003, 5.509396e+001,-1.094082e+002, 5.385067e+003, 0.000000e+000, 0.000000e+000, 0.000000e+000
 5.837000e-001, 2.244448e+003,-1.380473e+003,-2.175490e+003, 5.696190e+003, 5.531368e+001,-1.107519e+002, 5.521569e+003, 0.000000e+000, 0.000000e+000, 0.000000e+000
 5.837500e-001, 2.311120e+003,-1.123530e+003,-2.021440e+003, 5.834072e+003, 5.590979e+001,-1.124912e+002, 5.654989e+003, 0.000000e+000, 0.000000e+000, 0.000000e+000
 5.838000e-001, 2.253175e+003,-1.254074e+003,-2.281328e+003, 5.969834e+003, 5.604350e+001,-1.138023e+002, 5.787521e+003, 0.000000e+000, 0.000000e+000, 0.000000e+000
 5.838500e-001, 2.316777e+003,-1.009812e+003,-2.114887e+003, 6.103525e+003, 5.662530e+001,-1.154159e+002, 5.916885e+003, 0.000000e+000, 0.000000e+000, 0.000000e+000
 5.839000e-001, 2.258668e+003,-1.124999e+003,-2.382675e+003, 6.235000e+003, 5.667533e+001,-1.166945e+002, 6.045257e+003, 0.000000e+000, 0.000000e+000, 0.000000e+000
 5.839500e-001, 2.319179e+003,-8.955576e+002,-2.206624e+003, 6.364309e+003, 5.724235e+001,-1.181771e+002, 6.170380e+003, 0.000000e+000, 0.000000e+000, 0.000000e+000
 5.840000e-001, 2.260928e+003,-9.934747e+002,-2.479327e+003, 6.491308e+003, 5.721187e+001,-1.194225e+002, 6.294409e+003, 0.000000e+000, 0.000000e+000, 0.000000e+000
 5.840500e-001, 2.318314e+003,-7.808800e+002,-2.296564e+003, 6.616053e+003, 5.776321e+001,-1.207700e+002, 6.415115e+003, 0.000000e+000, 0.000000e+000, 0.000000e+000
 5.841000e-001, 2.259960e+003,-8.597468e+002,-2.571116e+003, 6.738395e+003, 5.765617e+001,-1.219803e+002, 6.534621e+003, 0.000000e+000, 0.000000e+000, 0.000000e+000
 5.841500e-001, 2.314175e+003,-6.658749e+002,-2.384594e+003, 6.858396e+003, 5.819044e+001,-1.231897e+002, 6.650738e+003, 0.000000e+000, 0.000000e+000, 0.000000e+000
 5.842000e-001, 2.255774e+003,-7.240830e+002,-2.657914e+003, 6.975907e+003, 5.801161e+001,-1.243622e+002, 6.765550e+003, 0.000000e+000, 0.000000e+000, 0.000000e+000
 5.842500e-001, 2.306759e+003,-5.506210e+002,-2.470575e+003, 7.090994e+003, 5.852694e+001,-1.254319e+002, 6.876913e+003, 0.000000e+000, 0.000000e+000, 0.000000e+000
 5.843000e-001, 2.248386e+003,-5.867707e+002,-2.739624e+003, 7.203505e+003, 5.828180e+001,-1.265630e+002, 6.986867e+003, 0.000000e+000, 0.000000e+000, 0.000000e+000
 5.843500e-001, 2.296064e+003,-4.351795e+002,-2.554340e+003, 7.313515e+003, 5.877579e+001,-1.274923e+002, 7.093315e+003, 0.000000e+000, 0.000000e+000, 0.000000e+000
 5.844000e-001, 2.237819e+003,-4.481162e+002,-2.816188e+003, 7.420866e+003, 5.847052e+001,-1.285776e+002, 7.198254e+003, 0.000000e+000, 0.000000e+000, 0.000000e+000
 5.844500e-001, 2.282097e+003,-3.195953e+002,-2.635702e+003, 7.525641e+003, 5.894029e+001,-1.293671e+002, 7.299638e+003, 0.000000e+000, 0.000000e+000, 0.000000e+000
 5.845000e-001, 2.224096e+003,-3.084434e+002,-2.887576e+003, 7.627678e+003, 5.858166e+001,-1.304014e+002, 7.399411e+003, 0.000000e+000, 0.000000e+000, 0.000000e+000
 5.845500e-001, 2.264865e+003,-2.038984e+002,-2.714453e+003, 7.727069e+003, 5.902383e+001,-1.310526e+002, 7.495584e+003, 0.000000e+000, 0.000000e+000, 0.000000e+000
 5.846000e-001, 2.207249e+003,-1.680916e+002,-2.953790e+003, 7.823646e+003, 5.861913e+001,-1.320302e+002, 7.590049e+003, 0.000000e+000, 0.000000e+000, 0.000000e+000
 5.846500e-001, 2.244383e+003,-8.810535e+001,-2.790369e+003, 7.917512e+003, 5.902989e+001,-1.325454e+002, 7.680874e+003, 0.000000e+000, 0.000000e+000, 0.000000e+000
 5.847000e-001, 2.187311e+003,-2.741290e+001,-3.014856e+003, 8.008491e+003, 5.858678e+001,-1.334601e+002, 7.769896e+003, 0.000000e+000, 0.000000e+000, 0.000000e+000
 5.847500e-001, 2.220668e+003, 2.777801e+001,-2.863212e+003, 8.096699e+003, 5.896196e+001,-1.338425e+002, 7.855243e+003, 0.000000e+000, 0.000000e+000, 0.000000e+000
 5.848000e-001, 2.164319e+003, 1.132311e+002,-3.070824e+003, 8.181950e+003, 5.848837e+001,-1.346878e+002, 7.938694e+003, 0.000000e+000, 0.000000e+000, 0.000000e+000
 5.848500e-001, 2.193746e+003, 1.437538e+002,-2.932735e+003, 8.264373e+003, 5.882349e+001,-1.349413e+002, 8.018440e+003, 0.000000e+000, 0.000000e+000, 0.000000e+000
 5.849000e-001, 2.138316e+003, 2.534725e+002,-3.121762e+003, 8.343773e+003, 5.832746e+001,-1.357103e+002, 8.096203e+003, 0.000000e+000, 0.000000e+000, 0.000000e+000
 5.849500e-001, 2.163647e+003, 2.598286e+002,-2.998687e+003, 8.420296e+003, 5.861786e+001,-1.358392e+002, 8.170233e+003, 0.000000e+000, 0.000000e+000, 0.000000e+000
 5.850000e-001, 2.109343e+003, 3.929419e+002,-3.167753e+003, 8.493732e+003, 5.810737e+001,-1.365251e+002, 8.242196e+003, 0.000000e+000, 0.000000e+000, 0.000000e+000
 5.850500e-001, 2.130408e+003, 3.760100e+002,-3.060814e+003, 8.564244e+003, 5.834832e+001,-1.365342e+002, 8.310404e+003, 0.000000e+000, 0.000000e+000, 0.000000e+000
 5.851000e-001, 2.077445e+003, 5.312717e+002,-3.208894e+003, 8.631612e+003, 5.783115e+001,-1.371302e+002, 8.376465e+003, 0.000000e+000, 0.000000e+000, 0.000000e+000
 5.851500e-001, 2.094072e+003, 4.923024e+002,-3.118866e+003, 8.696013e+003, 5.801794e+001,-1.370246e+002, 8.438754e+003, 0.000000e+000, 0.000000e+000, 0.000000e+000
 5.852000e-001, 2.042670e+003, 6.681017e+002,-3.245286e+003, 8.757217e+003, 5.750151e+001,-1.375241e+002, 8.498817e+003, 0.000000e+000, 0.000000e+000, 0.000000e+000
 5.852500e-001, 2.054690e+003, 6.087029e+002,-3.172599e+003, 8.815415e+003, 5.762961e+001,-1.373090e+002, 8.555098e+003, 0.000000e+000, 0.000000e+000, 0.000000e+000
 5.853000e-001, 2.005066e+003, 8.030830e+002,-3.277037e+003, 8.870367e+003, 5.712078e+001,-1.377057e+002, 8.609078e+003, 0.000000e+000, 0.000000e+000, 0.000000e+000
 5.853500e-001, 2.012319e+003, 7.251971e+002,-3.221777e+003, 8.922278e+003, 5.718597e+001,-1.373865e+002, 8.659270e+003, 0.000000e+000, 0.000000e+000, 0.000000e+000
 5.854000e-001, 1.964682e+003, 9.358828e+002,-3.304256e+003, 8.970901e+003, 5.669090e+001,-1.376744e+002, 8.707089e+003, 0.000000e+000, 0.000000e+000, 0.000000e+000
 5.854500e-001, 1.967025e+003, 8.417556e+002,-3.266181e+003, 9.016453e+003, 5.668938e+001,-1.372564e+002, 8.751121e+003, 0.000000e+000, 0.000000e+000, 0.000000e+000
 5.855000e-001, 1.921567e+003, 1.066189e+003,-3.327049e+003, 9.058677e+003, 5.621339e+001,-1.374303e+002, 8.792710e+003, 0.000000e+000, 0.000000e+000, 0.000000e+000
 5.855500e-001, 1.918880e+003, 9.583290e+002,-3.305606e+003, 9.097804e+003, 5.614195e+001,-1.369186e+002, 8.830521e+003, 0.000000e+000, 0.000000e+000, 0.000000e+000
 5.856000e-001, 1.875771e+003, 1.193713e+003,-3.345519e+003, 9.133569e+003, 5.568940e+001,-1.369738e+002, 8.865819e+003, 0.000000e+000, 0.000000e+000, 0.000000e+000
 5.856500e-001, 1.867966e+003, 1.074846e+003,-3.339868e+003, 9.166215e+003, 5.554544e+001,-1.363734e+002, 8.897356e+003, 0.000000e+000, 0.000000e+000, 0.000000e+000
 5.857000e-001, 1.827344e+003, 1.318196e+003,-3.359758e+003, 9.195473e+003, 5.511959e+001,-1.363058e+002, 8.926313e+003, 0.000000e+000, 0.000000e+000, 0.000000e+000
 5.857500e-001, 1.814370e+003, 1.191210e+003,-3.368802e+003, 9.221590e+003, 5.490134e+001,-1.356214e+002, 8.951532e+003, 0.000000e+000, 0.000000e+000, 0.000000e+000
 5.858000e-001, 1.776335e+003, 1.439409e+003,-3.369854e+003, 9.244298e+003, 5.450427e+001,-1.354278e+002, 8.974102e+003, 0.000000e+000, 0.000000e+000, 0.000000e+000
 5.858500e-001, 1.758189e+003, 1.307296e+003,-3.392270e+003, 9.263850e+003, 5.421077e+001,-1.346637e+002, 8.992971e+003, 0.000000e+000, 0.000000e+000, 0.000000e+000
 5.859000e-001, 1.722794e+003, 1.557156e+003,-3.375878e+003, 9.279977e+003, 5.384336e+001,-1.343419e+002, 9.009120e+003, 0.000000e+000, 0.000000e+000, 0.000000e+000
 5.859500e-001, 1.699527e+003, 1.422951e+003,-3.410157e+003, 9.292936e+003, 5.347455e+001,-1.335019e+002, 9.021613e+003, 0.000000e+000, 0.000000e+000, 0.000000e+000
 5.860000e-001, 1.666772e+003, 1.671277e+003,-3.377894e+003, 9.302460e+003, 5.313642e+001,-1.330504e+002, 9.031318e+003, 0.000000e+000, 0.000000e+000, 0.000000e+000
 5.860500e-001, 1.638492e+003, 1.537992e+003,-3.422378e+003, 9.308805e+003, 5.269316e+001,-1.321380e+002, 9.037421e+003, 0.000000e+000, 0.000000e+000, 0.000000e+000
 5.861000e-001, 1.608318e+003, 1.781645e+003,-3.375948e+003, 9.311715e+003, 5.238269e+001,-1.315563e+002, 9.040665e+003, 0.000000e+000, 0.000000e+000, 0.000000e+000
 5.861500e-001, 1.575202e+003, 1.652207e+003,-3.428872e+003, 9.311438e+003, 5.186679e+001,-1.305746e+002, 9.040370e+003, 0.000000e+000, 0.000000e+000, 0.000000e+000
 5.862000e-001, 1.547484e+003, 1.888171e+003,-3.370073e+003, 9.307730e+003, 5.158112e+001,-1.298631e+002, 9.037147e+003, 0.000000e+000, 0.000000e+000, 0.000000e+000
 5.862500e-001, 1.509779e+003, 1.765355e+003,-3.429607e+003, 9.300829e+003, 5.099529e+001,-1.288144e+002, 9.030457e+003, 0.000000e+000, 0.000000e+000, 0.000000e+000
 5.863000e-001, 1.484322e+003, 1.990796e+003,-3.360290e+003, 9.290512e+003, 5.073045e+001,-1.279745e+002, 9.020771e+003, 0.000000e+000, 0.000000e+000, 0.000000e+000
 5.863500e-001, 1.442350e+003, 1.877170e+003,-3.424581e+003, 9.276997e+003, 5.007824e+001,-1.268610e+002, 9.007698e+003, 0.000000e+000, 0.000000e+000, 0.000000e+000
 5.864000e-001, 1.418885e+003, 2.089496e+003,-3.346604e+003, 9.260086e+003, 4.982922e+001,-1.258950e+002, 8.991562e+003, 0.000000e+000, 0.000000e+000, 0.000000e+000
 5.864500e-001, 1.373047e+003, 1.987363e+003,-3.413817e+003, 9.239976e+003, 4.911496e+001,-1.247181e+002, 8.972125e+003, 0.000000e+000, 0.000000e+000, 0.000000e+000
 5.865000e-001, 1.351232e+003, 2.184275e+003,-3.329008e+003, 9.216496e+003, 4.887583e+001,-1.236292e+002, 8.949561e+003, 0.000000e+000, 0.000000e+000, 0.000000e+000
 5.865500e-001, 1.302003e+003, 2.095624e+003,-3.397365e+003, 9.189818e+003, 4.810453e+001,-1.223901e+002, 8.923790e+003, 0.000000e+000, 0.000000e+000, 0.000000e+000
 5.866000e-001, 1.281421e+003, 2.275161e+003,-3.307480e+003, 9.159806e+003, 4.786861e+001,-1.211822e+002, 8.894831e+003, 0.000000e+000, 0.000000e+000, 0.000000e+000
 5.866500e-001, 1.229354e+003, 2.201629e+003,-3.375302e+003, 9.126598e+003, 4.704583e+001,-1.198816e+002, 8.862763e+003, 0.000000e+000, 0.000000e+000, 0.000000e+000
 5.867000e-001, 1.209517e+003, 2.362205e+003,-3.281991e+003, 9.090097e+003, 4.680584e+001,-1.185595e+002, 8.827451e+003, 0.000000e+000, 0.000000e+000, 0.000000e+000
 5.867500e-001, 1.155239e+003, 2.305043e+003,-3.347726e+003, 9.050405e+003, 4.593755e+001,-1.171976e+002, 8.789131e+003, 0.000000e+000, 0.000000e+000, 0.000000e+000
 5.868000e-001, 1.135589e+003, 2.445474e+003,-3.252502e+003, 9.007469e+003, 4.568581e+001,-1.157668e+002, 8.747521e+003, 0.000000e+000, 0.000000e+000, 0.000000e+000
 5.868500e-001, 1.079793e+003, 2.405525e+003,-3.314758e+003, 8.961350e+003, 4.477826e+001,-1.143437e+002, 8.702999e+003, 0.000000e+000, 0.000000e+000, 0.000000e+000
 5.869000e-001, 1.059713e+003, 2.525045e+003,-3.218967e+003, 8.912041e+003, 4.450687e+001,-1.128101e+002, 8.655152e+003, 0.000000e+000, 0.000000e+000, 0.000000e+000
 5.869500e-001, 1.003152e+003, 2.502735e+003,-3.276536e+003, 8.859560e+003, 4.356644e+001,-1.113257e+002, 8.604493e+003, 0.000000e+000, 0.000000e+000, 0.000000e+000
 5.870000e-001, 9.819676e+002, 2.601007e+003,-3.181335e+003, 8.803950e+003, 4.326747e+001,-1.096958e+002, 8.550482e+003, 0.000000e+000, 0.000000e+000, 0.000000e+000
 5.870500e-001, 9.254507e+002, 2.596335e+003,-3.233217e+003, 8.745182e+003, 4.230050e+001,-1.081496e+002, 8.493753e+003, 0.000000e+000, 0.000000e+000, 0.000000e+000
 5.871000e-001, 9.024431e+002, 2.673445e+003,-3.139557e+003, 8.683351e+003, 4.196621e+001,-1.064304e+002, 8.433661e+003, 0.000000e+000, 0.000000e+000, 0.000000e+000
 5.871500e-001, 8.468178e+002, 2.686002e+003,-3.184969e+003, 8.618378e+003, 4.097885e+001,-1.048220e+002, 8.370938e+003, 0.000000e+000, 0.000000e+000, 0.000000e+000
 5.872000e-001, 8.212353e+002, 2.742446e+003,-3.093582e+003, 8.550416e+003, 4.060183e+001,-1.030205e+002, 8.304857e+003, 0.000000e+000, 0.000000e+000, 0.000000e+000
 5.872500e-001, 7.673796e+002, 2.771425e+003,-3.131971e+003, 8.479331e+003, 3.959994e+001,-1.013493e+002, 8.236224e+003, 0.000000e+000, 0.000000e+000, 0.000000e+000
 5.873000e-001, 7.384484e+002, 2.808088e+003,-3.043365e+003, 8.405335e+003, 3.917332e+001,-9.947294e+001, 8.164255e+003, 0.000000e+000, 0.000000e+000, 0.000000e+000
 5.873500e-001, 6.872575e+002, 2.852312e+003,-3.074410e+003, 8.328239e+003, 3.816229e+001,-9.773862e+001, 8.089804e+003, 0.000000e+000, 0.000000e+000, 0.000000e+000
 5.874000e-001, 6.541954e+002, 2.870437e+003,-2.988866e+003, 8.248315e+003, 3.767986e+001,-9.579453e+001, 8.012057e+003, 0.000000e+000, 0.000000e+000, 0.000000e+000
 5.874500e-001, 6.065672e+002, 2.928398e+003,-3.012477e+003, 8.165320e+003, 3.666455e+001,-9.399684e+001, 7.931887e+003, 0.000000e+000, 0.000000e+000, 0.000000e+000
 5.875000e-001, 5.685980e+002, 2.929546e+003,-2.930058e+003, 8.079582e+003, 3.612090e+001,-9.199223e+001, 7.848482e+003, 0.000000e+000, 0.000000e+000, 0.000000e+000
 5.875500e-001, 5.254187e+002, 2.999441e+003,-2.946363e+003, 7.990804e+003, 3.510554e+001,-9.013113e+001, 7.762700e+003, 0.000000e+000, 0.000000e+000, 0.000000e+000
 5.876000e-001, 4.817861e+002, 2.985451e+003,-2.866924e+003, 7.899374e+003, 3.449616e+001,-8.807297e+001, 7.673765e+003, 0.000000e+000, 0.000000e+000, 0.000000e+000
 5.876500e-001, 4.439162e+002, 3.065233e+003,-2.876258e+003, 7.804942e+003, 3.348428e+001,-8.614872e+001, 7.582484e+003, 0.000000e+000, 0.000000e+000, 0.000000e+000
 5.877000e-001, 3.938984e+002, 3.038169e+003,-2.799465e+003, 7.707949e+003, 3.280567e+001,-8.404363e+001, 7.488155e+003, 0.000000e+000, 0.000000e+000, 0.000000e+000
 5.877500e-001, 3.621577e+002, 3.125593e+003,-2.802349e+003, 7.607998e+003, 3.180006e+001,-8.205688e+001, 7.391497e+003, 0.000000e+000, 0.000000e+000, 0.000000e+000
 5.878000e-001, 3.050816e+002, 3.087696e+003,-2.727697e+003, 7.505581e+003, 3.104972e+001,-7.991107e+001, 7.291918e+003, 0.000000e+000, 0.000000e+000, 0.000000e+000
 5.878500e-001, 2.802354e+002, 3.180377e+003,-2.724815e+003, 7.400253e+003, 3.005243e+001,-7.786285e+001, 7.190013e+003, 0.000000e+000, 0.000000e+000, 0.000000e+000
 5.879000e-001, 2.154896e+002, 3.134008e+003,-2.651655e+003, 7.292556e+003, 2.922896e+001,-7.568205e+001, 7.085335e+003, 0.000000e+000, 0.000000e+000, 0.000000e+000
 5.879500e-001, 1.982359e+002, 3.229471e+003,-2.643827e+003, 7.182003e+003, 2.824128e+001,-7.357384e+001, 6.978318e+003, 0.000000e+000, 0.000000e+000, 0.000000e+000
 5.880000e-001, 1.252832e+002, 3.177059e+003,-2.571396e+003, 7.069178e+003, 2.734433e+001,-7.136322e+001, 6.868699e+003, 0.000000e+000, 0.000000e+000, 0.000000e+000
 5.880500e-001, 1.162408e+002, 3.272795e+003,-2.559545e+003, 6.953560e+003, 2.636684e+001,-6.919701e+001, 6.756716e+003, 0.000000e+000, 0.000000e+000, 0.000000e+000
 5.881000e-001, 3.462880e+001, 3.216786e+003,-2.486998e+003, 6.835766e+003, 2.539710e+001,-6.696108e+001, 6.642320e+003, 0.000000e+000, 0.000000e+000, 0.000000e+000
 5.881500e-001, 3.432696e+001, 3.310301e+003,-2.472120e+003, 6.715246e+003, 2.442973e+001,-6.473936e+001, 6.525522e+003, 0.000000e+000, 0.000000e+000, 0.000000e+000
 5.882000e-001,-5.630203e+001, 3.253104e+003,-2.398562e+003, 6.592650e+003, 2.338890e+001,-6.248202e+001, 6.406520e+003, 0.000000e+000, 0.000000e+000, 0.000000e+000
 5.882500e-001,-4.743266e+001, 3.341970e+003,-2.381688e+003, 6.467403e+003, 2.243097e+001,-6.020776e+001, 6.285066e+003, 0.000000e+000, 0.000000e+000, 0.000000e+000
 5.883000e-001,-1.473342e+002, 3.285916e+003,-2.306210e+003, 6.340177e+003, 2.132167e+001,-5.793224e+001, 6.161635e+003, 0.000000e+000, 0.000000e+000, 0.000000e+000
 5.883500e-001,-1.289682e+002, 3.367813e+003,-2.288374e+003, 6.210382e+003, 2.037198e+001,-5.560893e+001, 6.035692e+003, 0.000000e+000, 0.000000e+000, 0.000000e+000
 5.884000e-001,-2.382897e+002, 3.315107e+003,-2.210088e+003, 6.078705e+003, 1.919772e+001,-5.331779e+001, 5.908012e+003, 0.000000e+000, 0.000000e+000, 0.000000e+000
 5.884500e-001,-2.102121e+002, 3.387865e+003,-2.192291e+003, 5.944548e+003, 1.825465e+001,-5.094939e+001, 5.777754e+003, 0.000000e+000, 0.000000e+000, 0.000000e+000
 5.885000e-001,-3.289893e+002, 3.340553e+003,-2.110362e+003, 5.808606e+003, 1.701968e+001,-4.864455e+001, 5.646011e+003, 0.000000e+000, 0.000000e+000, 0.000000e+000
 5.885500e-001,-2.910985e+002, 3.402187e+003,-2.093541e+003, 5.670279e+003, 1.608127e+001,-4.623548e+001, 5.511620e+003, 0.000000e+000, 0.000000e+000, 0.000000e+000
 5.886000e-001,-4.192532e+002, 3.362123e+003,-2.007218e+003, 5.530264e+003, 1.479056e+001,-4.391826e+001, 5.376005e+003, 0.000000e+000, 0.000000e+000, 0.000000e+000
 5.886500e-001,-3.715623e+002, 3.410857e+003,-1.992213e+003, 5.387965e+003, 1.385461e+001,-4.147332e+001, 5.237668e+003, 0.000000e+000, 0.000000e+000, 0.000000e+000
 5.887000e-001,-5.089027e+002, 3.379677e+003,-1.900860e+003, 5.244073e+003, 1.251369e+001,-3.914449e+001, 5.098376e+003, 0.000000e+000, 0.000000e+000, 0.000000e+000
 5.887500e-001,-4.515385e+002, 3.413972e+003,-1.888391e+003, 5.098006e+003, 1.157788e+001,-3.666881e+001, 4.956290e+003, 0.000000e+000, 0.000000e+000, 0.000000e+000
 5.888000e-001,-5.977606e+002, 3.393076e+003,-1.791510e+003, 4.950439e+003, 1.019276e+001,-3.432866e+001, 4.813518e+003, 0.000000e+000, 0.000000e+000, 0.000000e+000
 5.888500e-001,-5.309610e+002, 3.411643e+003,-1.782148e+003, 4.800814e+003, 9.254741e+000,-3.182767e+001, 4.667884e+003, 0.000000e+000, 0.000000e+000, 0.000000e+000
 5.889000e-001,-6.856530e+002, 3.402180e+003,-1.679402e+003, 4.649781e+003, 7.831810e+000,-2.947609e+001, 4.521834e+003, 0.000000e+000, 0.000000e+000, 0.000000e+000
 5.889500e-001,-6.097630e+002, 3.403995e+003,-1.673553e+003, 4.496811e+003, 6.889273e+000,-2.695541e+001, 4.372861e+003, 0.000000e+000, 0.000000e+000, 0.000000e+000
 5.890000e-001,-7.724095e+002, 3.406853e+003,-1.564782e+003, 4.342523e+003, 5.435217e+000,-2.459198e+001, 4.223738e+003, 0.000000e+000, 0.000000e+000, 0.000000e+000
 5.890500e-001,-6.878752e+002, 3.391158e+003,-1.562674e+003, 4.186426e+003, 4.485994e+000,-2.205736e+001, 4.071639e+003, 0.000000e+000, 0.000000e+000, 0.000000e+000
 5.891000e-001,-8.578649e+002, 3.406964e+003,-1.447904e+003, 4.029103e+003, 3.007689e+000,-1.968146e+001, 3.919651e+003, 0.000000e+000, 0.000000e+000, 0.000000e+000
 5.891500e-001,-7.652266e+002, 3.373271e+003,-1.449575e+003, 3.870102e+003, 2.049827e+000,-1.713869e+001, 3.764647e+003, 0.000000e+000, 0.000000e+000, 0.000000e+000
 5.892000e-001,-9.418591e+002, 3.402392e+003,-1.329028e+003, 3.709964e+003, 5.542545e-001,-1.474960e+001, 3.610004e+003, 0.000000e+000, 0.000000e+000, 0.000000e+000
 5.892500e-001,-8.417428e+002, 3.350479e+003,-1.334325e+003, 3.548285e+003,-4.139221e-001,-1.220442e+001, 3.452320e+003, 0.000000e+000, 0.000000e+000, 0.000000e+000
 5.893000e-001,-1.024239e+003, 3.393026e+003,-1.208415e+003, 3.385559e+003,-1.919751e+000,-9.801426e+000, 3.295234e+003, 0.000000e+000, 0.000000e+000, 0.000000e+000
 5.893500e-001,-9.173469e+002, 3.322925e+003,-1.216997e+003, 3.221433e+003,-2.899587e+000,-7.259462e+000, 3.135101e+003, 0.000000e+000, 0.000000e+000, 0.000000e+000
 5.894000e-001,-1.104856e+003, 3.378767e+003,-1.086326e+003, 3.056348e+003,-4.408706e+000,-4.841973e+000, 2.975788e+003, 0.000000e+000, 0.000000e+000, 0.000000e+000
 5.894500e-001,-9.919587e+002, 3.290756e+003,-1.097672e+003, 2.890008e+003,-5.401171e+000,-2.308631e+000, 2.813440e+003, 0.000000e+000, 0.000000e+000, 0.000000e+000
 5.895000e-001,-1.183571e+003, 3.359530e+003,-9.630170e+002, 2.722798e+003,-6.906721e+000, 1.237169e-001, 2.652117e+003, 0.000000e+000, 0.000000e+000, 0.000000e+000
 5.895500e-001,-1.065495e+003, 3.254117e+003,-9.764406e+002, 2.554480e+003,-7.912383e+000, 2.643306e+000, 2.487793e+003, 0.000000e+000, 0.000000e+000, 0.000000e+000
 5.896000e-001,-1.260252e+003, 3.335245e+003,-8.387391e+002, 2.385381e+003,-9.407675e+000, 5.090557e+000, 2.324678e+003, 0.000000e+000, 0.000000e+000, 0.000000e+000
 5.896500e-001,-1.137869e+003, 3.213151e+003,-8.534042e+002, 2.215325e+003,-1.042667e+001, 7.591613e+000, 2.158620e+003, 0.000000e+000, 0.000000e+000, 0.000000e+000
 5.897000e-001,-1.334774e+003, 3.305859e+003,-7.137324e+002, 2.044576e+003,-1.190524e+001, 1.005340e+001, 1.993936e+003, 0.000000e+000, 0.000000e+000, 0.000000e+000
 5.897500e-001,-1.208990e+003, 3.167997e+003,-7.286800e+002, 1.873024e+003,-1.293727e+001, 1.253155e+001, 1.826389e+003, 0.000000e+000, 0.000000e+000, 0.000000e+000
 5.898000e-001,-1.407020e+003, 3.271336e+003,-5.882258e+002, 1.700866e+003,-1.439291e+001, 1.500700e+001, 1.660359e+003, 0.000000e+000, 0.000000e+000, 0.000000e+000
 5.898500e-001,-1.278767e+003, 3.118792e+003,-6.023999e+002, 1.528061e+003,-1.543724e+001, 1.745833e+001, 1.491568e+003, 0.000000e+000, 0.000000e+000, 0.000000e+000
 5.899000e-001,-1.476882e+003, 3.231657e+003,-4.624351e+002, 1.354739e+003,-1.686407e+001, 1.994604e+001, 1.324417e+003, 0.000000e+000, 0.000000e+000, 0.000000e+000
 5.899500e-001,-1.347103e+003, 3.065667e+003,-4.747130e+002, 1.180925e+003,-1.791952e+001, 2.236711e+001, 1.154633e+003, 0.000000e+000, 0.000000e+000, 0.000000e+000
 5.900000e-001,-1.544259e+003, 3.186823e+003,-3.365608e+002, 1.006685e+003,-1.931200e+001, 2.486507e+001, 9.865886e+002, 0.000000e+000, 0.000000e+000, 0.000000e+000
 5.900500e-001,-1.413901e+003, 3.008747e+003,-3.457857e+002, 8.321091e+002,-2.037697e+001, 2.725294e+001, 8.160596e+002, 0.000000e+000, 0.000000e+000, 0.000000e+000
 5.901000e-001,-1.609059e+003, 3.136851e+003,-2.107876e+002, 6.571969e+002,-2.172997e+001, 2.975851e+001, 6.473503e+002, 0.000000e+000, 0.000000e+000, 0.000000e+000
 5.901500e-001,-1.479060e+003, 2.948153e+003,-2.158022e+002, 4.821066e+002,-2.280243e+001, 3.211077e+001, 4.763268e+002, 0.000000e+000, 0.000000e+000, 0.000000e+000
 5.902000e-001,-1.671198e+003, 3.081778e+003,-8.528423e+001, 3.067711e+002,-2.411125e+001, 3.462067e+001, 3.071834e+002, 0.000000e+000, 0.000000e+000, 0.000000e+000
 5.902500e-001,-1.542479e+003, 2.883999e+003,-8.496392e+001, 1.314140e+002,-2.518880e+001, 3.693538e+001, 1.359151e+002, 0.000000e+000, 0.000000e+000, 0.000000e+000
 5.903000e-001,-1.730598e+003, 3.021661e+003, 3.979708e+001,-4.409577e+001,-2.644916e+001, 3.944570e+001,-3.343017e+001, 0.000000e+000, 0.000000e+000, 0.000000e+000
 5.903500e-001,-1.604053e+003, 2.816393e+003, 4.651098e+001,-2.194714e+002,-2.752903e+001, 4.172141e+001,-2.046941e+002, 0.000000e+000, 0.000000e+000, 0.000000e+000
 5.904000e-001,-1.787192e+003, 2.956573e+003, 1.643194e+002,-3.949060e+002,-2.873718e+001, 4.422766e+001,-3.740075e+002, 0.000000e+000, 0.000000e+000, 0.000000e+000
 5.904500e-001,-1.663680e+003, 2.745438e+003, 1.783894e+002,-5.700521e+002,-2.981626e+001, 4.646331e+001,-5.450189e+002, 0.000000e+000, 0.000000e+000, 0.000000e+000
 5.905000e-001,-1.840917e+003, 2.886608e+003, 2.881603e+002,-7.451620e+002,-3.096895e+001, 4.896045e+001,-7.140656e+002, 0.000000e+000, 0.000000e+000, 0.000000e+000
 5.905500e-001,-1.721254e+003, 2.671229e+003, 3.104250e+002,-9.198308e+002,-3.204383e+001, 5.115537e+001,-8.845781e+002, 0.000000e+000, 0.000000e+000, 0.000000e+000
 5.906000e-001,-1.891720e+003, 2.811877e+003, 4.112101e+002,-1.094367e+003,-3.313834e+001, 5.363787e+001,-1.053122e+003, 0.000000e+000, 0.000000e+000, 0.000000e+000
 5.906500e-001,-1.776670e+003, 2.593856e+003, 4.423603e+002,-1.268311e+003,-3.420536e+001, 5.579166e+001,-1.222891e+003, 0.000000e+000, 0.000000e+000, 0.000000e+000
 5.907000e-001,-1.939553e+003, 2.732509e+003, 5.333696e+002,-1.442025e+003,-3.523950e+001, 5.825362e+001,-1.390696e+003, 0.000000e+000, 0.000000e+000, 0.000000e+000
 5.907500e-001,-1.829825e+003, 2.513403e+003, 5.739299e+002,-1.614999e+003,-3.629476e+001, 6.036608e+001,-1.559479e+003, 0.000000e+000, 0.000000e+000, 0.000000e+000
 5.908000e-001,-1.984375e+003, 2.648649e+003, 6.545482e+002,-1.787643e+003,-3.726694e+001, 6.280130e+001,-1.726307e+003, 0.000000e+000, 0.000000e+000, 0.000000e+000
 5.908500e-001,-1.880616e+003, 2.429948e+003, 7.048630e+002,-1.959402e+003,-3.830636e+001, 6.487236e+001,-1.893866e+003, 0.000000e+000, 0.000000e+000, 0.000000e+000
 5.909000e-001,-2.026153e+003, 2.560461e+003, 7.746611e+002,-2.130730e+003,-3.921555e+001, 6.727442e+001,-2.059480e+003, 0.000000e+000, 0.000000e+000, 0.000000e+000
 5.909500e-001,-1.928942e+003, 2.343562e+003, 8.348865e+002,-2.301032e+003,-4.023491e+001, 6.930406e+001,-2.225578e+003, 0.000000e+000, 0.000000e+000, 0.000000e+000
 5.910000e-001,-2.064856e+003, 2.468122e+003, 8.936265e+002,-2.470800e+003,-4.108064e+001, 7.166647e+001,-2.389741e+003, 0.000000e+000, 0.000000e+000, 0.000000e+000
 5.910500e-001,-1.974704e+003, 2.254315e+003, 9.637285e+002,-2.639402e+003,-4.207561e+001, 7.365459e+001,-2.554146e+003, 0.000000e+000, 0.000000e+000, 0.000000e+000
 5.911000e-001,-2.100463e+003, 2.371827e+003, 1.011363e+003,-2.807367e+003,-4.285798e+001, 7.597089e+001,-2.716620e+003, 0.000000e+000, 0.000000e+000, 0.000000e+000
 5.911500e-001,-2.017806e+003, 2.162270e+003, 1.091122e+003,-2.974033e+003,-4.382424e+001, 7.791721e+001,-2.879102e+003, 0.000000e+000, 0.000000e+000, 0.000000e+000
 5.912000e-001,-2.132953e+003, 2.271781e+003, 1.127786e+003,-3.139956e+003,-4.454388e+001, 8.018106e+001,-3.039654e+003, 0.000000e+000, 0.000000e+000, 0.000000e+000
 5.912500e-001,-2.058156e+003, 2.067488e+003, 1.216806e+003,-3.304449e+003,-4.547709e+001, 8.208513e+001,-3.199987e+003, 0.000000e+000, 0.000000e+000, 0.000000e+000
 5.913000e-001,-2.162313e+003, 2.168202e+003, 1.242809e+003,-3.468093e+003,-4.613517e+001, 8.429041e+001,-3.358382e+003, 0.000000e+000, 0.000000e+000, 0.000000e+000
 5.913500e-001,-2.095666e+003, 1.970027e+003, 1.340530e+003,-3.630180e+003,-4.703104e+001, 8.615144e+001,-3.516345e+003, 0.000000e+000, 0.000000e+000, 0.000000e+000
 5.914000e-001,-2.188533e+003, 2.061321e+003, 1.356334e+003,-3.791311e+003,-4.762920e+001, 8.829237e+001,-3.672353e+003, 0.000000e+000, 0.000000e+000, 0.000000e+000
 5.914500e-001,-2.130252e+003, 1.869945e+003, 1.462058e+003,-3.950763e+003,-4.848360e+001, 9.010922e+001,-3.827727e+003, 0.000000e+000, 0.000000e+000, 0.000000e+000
 5.915000e-001,-2.211607e+003, 1.951376e+003, 1.468259e+003,-4.109150e+003,-4.902394e+001, 9.218040e+001,-3.981117e+003, 0.000000e+000, 0.000000e+000, 0.000000e+000
 5.915500e-001,-2.161835e+003, 1.767299e+003, 1.581165e+003,-4.265741e+003,-4.983289e+001, 9.395154e+001,-4.133690e+003, 0.000000e+000, 0.000000e+000, 0.000000e+000
 5.916000e-001,-2.231532e+003, 1.838611e+003, 1.578469e+003,-4.421160e+003,-5.031789e+001, 9.594804e+001,-4.284238e+003, 0.000000e+000, 0.000000e+000, 0.000000e+000
 5.916500e-001,-2.190343e+003, 1.662150e+003, 1.697645e+003,-4.574668e+003,-5.107767e+001, 9.767150e+001,-4.433799e+003, 0.000000e+000, 0.000000e+000, 0.000000e+000
 5.917000e-001,-2.248309e+003, 1.723277e+003, 1.686841e+003,-4.726895e+003,-5.151014e+001, 9.958887e+001,-4.581283e+003, 0.000000e+000, 0.000000e+000, 0.000000e+000
 5.917500e-001,-2.215708e+003, 1.554558e+003, 1.811308e+003,-4.877103e+003,-5.221732e+001, 1.012623e+002,-4.727626e+003, 0.000000e+000, 0.000000e+000, 0.000000e+000
 5.918000e-001,-2.261939e+003, 1.605629e+003, 1.793238e+003,-5.025920e+003,-5.260035e+001, 1.030966e+002,-4.871829e+003, 0.000000e+000, 0.000000e+000, 0.000000e+000
 5.918500e-001,-2.237868e+003, 1.444593e+003, 1.921979e+003,-5.172614e+003,-5.325185e+001, 1.047172e+002,-5.014755e+003, 0.000000e+000, 0.000000e+000, 0.000000e+000
 5.919000e-001,-2.272430e+003, 1.485920e+003, 1.897516e+003,-5.317810e+003,-5.358871e+001, 1.064650e+002,-5.155462e+003, 0.000000e+000, 0.000000e+000, 0.000000e+000
 5.919500e-001,-2.256769e+003, 1.332325e+003, 2.029502e+003,-5.460782e+003,-5.418183e+001, 1.080296e+002,-5.294774e+003, 0.000000e+000, 0.000000e+000, 0.000000e+000
 5.920000e-001,-2.279789e+003, 1.364406e+003, 1.999520e+003,-5.602149e+003,-5.447594e+001, 1.096880e+002,-5.431780e+003, 0.000000e+000, 0.000000e+000, 0.000000e+000
 5.920500e-001,-2.272363e+003, 1.217837e+003, 2.133737e+003,-5.741196e+003,-5.500844e+001, 1.111931e+002,-5.567285e+003, 0.000000e+000, 0.000000e+000, 0.000000e+000
 5.921000e-001,-2.284027e+003, 1.241338e+003, 2.099089e+003,-5.878531e+003,-5.526326e+001, 1.127597e+002,-5.700387e+003, 0.000000e+000, 0.000000e+000, 0.000000e+000
 5.921500e-001,-2.284609e+003, 1.101219e+003, 2.234559e+003,-6.013457e+003,-5.573338e+001, 1.142016e+002,-5.831899e+003, 0.000000e+000, 0.000000e+000, 0.000000e+000
 5.922000e-001,-2.285155e+003, 1.116961e+003, 2.196052e+003,-6.146563e+003,-5.595232e+001, 1.156743e+002,-5.960900e+003, 0.000000e+000, 0.000000e+000, 0.000000e+000
 5.922500e-001,-2.293472e+003, 9.825713e+002, 2.331854e+003,-6.277175e+003,-5.635881e+001, 1.170491e+002,-6.088238e+003, 0.000000e+000, 0.000000e+000, 0.000000e+000
 5.923000e-001,-2.283189e+003, 9.915142e+002, 2.290240e+003,-6.405864e+003,-5.654521e+001, 1.184263e+002,-6.212950e+003, 0.000000e+000, 0.000000e+000, 0.000000e+000
 5.923500e-001,-2.298925e+003, 8.620072e+002, 2.425522e+003,-6.531975e+003,-5.688736e+001, 1.197299e+002,-6.335937e+003, 0.000000e+000, 0.000000e+000, 0.000000e+000
 5.924000e-001,-2.278146e+003, 8.652292e+002, 2.381478e+003,-6.656062e+003,-5.704435e+001, 1.210102e+002,-6.456176e+003, 0.000000e+000, 0.000000e+000, 0.000000e+000
 5.924500e-001,-2.300948e+003, 7.396526e+002, 2.515470e+003,-6.777494e+003,-5.732204e+001, 1.222386e+002,-6.574639e+003, 0.000000e+000, 0.000000e+000, 0.000000e+000
 5.925000e-001,-2.270044e+003, 7.383262e+002, 2.469595e+003,-6.896801e+003,-5.745250e+001, 1.234209e+002,-6.690231e+003, 0.000000e+000, 0.000000e+000, 0.000000e+000
 5.925500e-001,-2.299526e+003, 6.156476e+002, 2.601613e+003,-7.013381e+003,-5.766616e+001, 1.245702e+002,-6.804004e+003, 0.000000e+000, 0.000000e+000, 0.000000e+000
 5.926000e-001,-2.258906e+003, 6.110142e+002, 2.554422e+003,-7.127738e+003,-5.777267e+001, 1.256534e+002,-6.914782e+003, 0.000000e+000, 0.000000e+000, 0.000000e+000
 5.926500e-001,-2.294653e+003, 4.901467e+002, 2.683871e+003,-7.239300e+003,-5.792327e+001, 1.267198e+002,-7.023706e+003, 0.000000e+000, 0.000000e+000, 0.000000e+000
 5.927000e-001,-2.244754e+003, 4.834898e+002, 2.635798e+003,-7.348544e+003,-5.800804e+001, 1.277032e+002,-7.129508e+003, 0.000000e+000, 0.000000e+000, 0.000000e+000
 5.927500e-001,-2.286330e+003, 3.633197e+002, 2.762167e+003,-7.454929e+003,-5.809716e+001, 1.286832e+002,-7.233427e+003, 0.000000e+000, 0.000000e+000, 0.000000e+000
 5.928000e-001,-2.227615e+003, 3.559362e+002, 2.713568e+003,-7.558903e+003,-5.816196e+001, 1.295658e+002,-7.334103e+003, 0.000000e+000, 0.000000e+000, 0.000000e+000
 5.928500e-001,-2.274562e+003, 2.353515e+002, 2.836424e+003,-7.659959e+003,-5.819169e+001, 1.304561e+002,-7.432868e+003, 0.000000e+000, 0.000000e+000, 0.000000e+000
 5.929000e-001,-2.207516e+003, 2.285228e+002, 2.787590e+003,-7.758515e+003,-5.823784e+001, 1.312371e+002,-7.528273e+003, 0.000000e+000, 0.000000e+000, 0.000000e+000
 5.929500e-001,-2.259362e+003, 1.064422e+002, 2.906568e+003,-7.854098e+003,-5.821078e+001, 1.320350e+002,-7.621744e+003, 0.000000e+000, 0.000000e+000, 0.000000e+000
 5.930000e-001,-2.184489e+003, 1.014052e+002, 2.857729e+003,-7.947095e+003,-5.823915e+001, 1.327135e+002,-7.711743e+003, 0.000000e+000, 0.000000e+000, 0.000000e+000
 5.930500e-001,-2.240752e+003,-2.319392e+001, 2.972523e+003,-8.037069e+003,-5.815835e+001, 1.334164e+002,-7.799784e+003, 0.000000e+000, 0.000000e+000, 0.000000e+000
 5.931000e-001,-2.158567e+003,-2.527509e+001, 2.923865e+003,-8.124375e+003,-5.816927e+001, 1.339916e+002,-7.884250e+003, 0.000000e+000, 0.000000e+000, 0.000000e+000
 5.931500e-001,-2.218757e+003,-1.533284e+002, 3.034211e+003,-8.208611e+003,-5.803821e+001, 1.345974e+002,-7.966732e+003, 0.000000e+000, 0.000000e+000, 0.000000e+000
 5.932000e-001,-2.129784e+003,-1.513897e+002, 2.985891e+003,-8.290102e+003,-5.803154e+001, 1.350683e+002,-8.045547e+003, 0.000000e+000, 0.000000e+000, 0.000000e+000
 5.932500e-001,-2.193411e+003,-2.837203e+002, 3.091555e+003,-8.368480e+003,-5.785404e+001, 1.355754e+002,-8.122350e+003, 0.000000e+000, 0.000000e+000, 0.000000e+000
 5.933000e-001,-2.098179e+003,-2.768232e+002, 3.043710e+003,-8.444038e+003,-5.782915e+001, 1.359411e+002,-8.195405e+003, 0.000000e+000, 0.000000e+000, 0.000000e+000
 5.933500e-001,-2.164752e+003,-4.141172e+002, 3.144479e+003,-8.516446e+003,-5.760932e+001, 1.363482e+002,-8.266414e+003, 0.000000e+000, 0.000000e+000, 0.000000e+000
 5.934000e-001,-2.063790e+003,-4.014715e+002, 3.097237e+003,-8.585965e+003,-5.756510e+001, 1.366078e+002,-8.333609e+003, 0.000000e+000, 0.000000e+000, 0.000000e+000
 5.934500e-001,-2.132828e+003,-5.442572e+002, 3.192906e+003,-8.652300e+003,-5.730729e+001, 1.369139e+002,-8.398719e+003, 0.000000e+000, 0.000000e+000, 0.000000e+000
 5.935000e-001,-2.026660e+003,-5.252413e+002, 3.146396e+003,-8.715680e+003,-5.724218e+001, 1.370666e+002,-8.459962e+003, 0.000000e+000, 0.000000e+000, 0.000000e+000
 5.935500e-001,-2.097690e+003,-6.738702e+002, 3.236764e+003,-8.775847e+003,-5.695086e+001, 1.372712e+002,-8.519074e+003, 0.000000e+000, 0.000000e+000, 0.000000e+000
 5.936000e-001,-1.986831e+003,-6.480479e+002, 3.191125e+003,-8.832997e+003,-5.686293e+001, 1.373163e+002,-8.574283e+003, 0.000000e+000, 0.000000e+000, 0.000000e+000
 5.936500e-001,-2.059398e+003,-8.026805e+002, 3.275985e+003,-8.886910e+003,-5.654265e+001, 1.374191e+002,-8.627308e+003, 0.000000e+000, 0.000000e+000, 0.000000e+000
 5.937000e-001,-1.944349e+003,-7.698142e+002, 3.231362e+003,-8.937752e+003,-5.642961e+001, 1.373561e+002,-8.676408e+003, 0.000000e+000, 0.000000e+000, 0.000000e+000
 5.937500e-001,-2.018019e+003,-9.304084e+002, 3.310505e+003,-8.985333e+003,-5.608490e+001, 1.373568e+002,-8.723264e+003, 0.000000e+000, 0.000000e+000, 0.000000e+000
 5.938000e-001,-1.899261e+003,-8.904684e+002, 3.267057e+003,-9.029793e+003,-5.594416e+001, 1.371856e+002,-8.766192e+003, 0.000000e+000, 0.000000e+000, 0.000000e+000
 5.938500e-001,-1.973624e+003,-1.056773e+003, 3.340272e+003,-9.070975e+003,-5.557946e+001, 1.370843e+002,-8.806807e+003, 0.000000e+000, 0.000000e+000, 0.000000e+000
 5.939000e-001,-1.851615e+003,-1.009943e+003, 3.298161e+003,-9.108991e+003,-5.540821e+001, 1.368050e+002,-8.843508e+003, 0.000000e+000, 0.000000e+000, 0.000000e+000
 5.939500e-001,-1.926292e+003,-1.181494e+003, 3.365241e+003,-9.143714e+003,-5.502781e+001, 1.366019e+002,-8.877817e+003, 0.000000e+000, 0.000000e+000, 0.000000e+000
 5.940000e-001,-1.801460e+003,-1.128171e+003, 3.324626e+003,-9.175232e+003,-5.482308e+001, 1.362149e+002,-8.908243e+003, 0.000000e+000, 0.000000e+000, 0.000000e+000
 5.940500e-001,-1.876109e+003,-1.304294e+003, 3.385381e+003,-9.203446e+003,-5.443101e+001, 1.359101e+002,-8.936193e+003, 0.000000e+000, 0.000000e+000, 0.000000e+000
 5.941000e-001,-1.748848e+003,-1.245086e+003, 3.346409e+003,-9.228423e+003,-5.418974e+001, 1.354165e+002,-8.960307e+003, 0.000000e+000, 0.000000e+000, 0.000000e+000
 5.941500e-001,-1.823165e+003,-1.424903e+003, 3.400673e+003,-9.250089e+003,-5.378972e+001, 1.350102e+002,-8.981852e+003, 0.000000e+000, 0.000000e+000, 0.000000e+000
 5.942000e-001,-1.693833e+003,-1.360620e+003, 3.363464e+003,-9.268489e+003,-5.350885e+001, 1.344113e+002,-8.999623e+003, 0.000000e+000, 0.000000e+000, 0.000000e+000
 5.942500e-001,-1.767557e+003,-1.543057e+003, 3.411110e+003,-9.283574e+003,-5.310424e+001, 1.339038e+002,-9.014729e+003, 0.000000e+000, 0.000000e+000, 0.000000e+000
 5.943000e-001,-1.636468e+003,-1.474701e+003, 3.375746e+003,-9.295373e+003,-5.278075e+001, 1.332015e+002,-9.026137e+003, 0.000000e+000, 0.000000e+000, 0.000000e+000
 5.943500e-001,-1.709388e+003,-1.658502e+003, 3.416701e+003,-9.303855e+003,-5.237447e+001, 1.325929e+002,-9.034778e+003, 0.000000e+000, 0.000000e+000, 0.000000e+000
 5.944000e-001,-1.576809e+003,-1.587252e+003, 3.383209e+003,-9.309037e+003,-5.200547e+001, 1.317896e+002,-9.039811e+003, 0.000000e+000, 0.000000e+000, 0.000000e+000
 5.944500e-001,-1.648765e+003,-1.770996e+003, 3.417469e+003,-9.310904e+003,-5.159999e+001, 1.310802e+002,-9.041972e+003, 0.000000e+000, 0.000000e+000, 0.000000e+000
 5.945000e-001,-1.514917e+003,-1.698187e+003, 3.385809e+003,-9.309464e+003,-5.118279e+001, 1.301787e+002,-9.040625e+003, 0.000000e+000, 0.000000e+000, 0.000000e+000
 5.945500e-001,-1.585800e+003,-1.880313e+003, 3.413447e+003,-9.304713e+003,-5.078005e+001, 1.293686e+002,-9.036301e+003, 0.000000e+000, 0.000000e+000, 0.000000e+000
 5.946000e-001,-1.450852e+003,-1.807416e+003, 3.383502e+003,-9.296652e+003,-5.031223e+001, 1.283721e+002,-9.028578e+003, 0.000000e+000, 0.000000e+000, 0.000000e+000
 5.946500e-001,-1.520607e+003,-1.986238e+003, 3.404682e+003,-9.285289e+003,-4.991362e+001, 1.274618e+002,-9.017774e+003, 0.000000e+000, 0.000000e+000, 0.000000e+000
 5.947000e-001,-1.384679e+003,-1.914835e+003, 3.376248e+003,-9.270622e+003,-4.939305e+001, 1.263738e+002,-9.003689e+003, 0.000000e+000, 0.000000e+000, 0.000000e+000
 5.947500e-001,-1.453306e+003,-2.088576e+003, 3.391231e+003,-9.252662e+003,-4.899945e+001, 1.253636e+002,-8.986421e+003, 0.000000e+000, 0.000000e+000, 0.000000e+000
 5.948000e-001,-1.316465e+003,-2.020335e+003, 3.364011e+003,-9.231411e+003,-4.842438e+001, 1.241880e+002,-8.965993e+003, 0.000000e+000, 0.000000e+000, 0.000000e+000
 5.948500e-001,-1.384018e+003,-2.187149e+003, 3.373156e+003,-9.206881e+003,-4.803606e+001, 1.230787e+002,-8.942286e+003, 0.000000e+000, 0.000000e+000, 0.000000e+000
 5.949000e-001,-1.246282e+003,-2.123793e+003, 3.346764e+003,-9.179076e+003,-4.740514e+001, 1.218193e+002,-8.915545e+003, 0.000000e+000, 0.000000e+000, 0.000000e+000
 5.949500e-001,-1.312864e+003,-2.281796e+003, 3.350528e+003,-9.148010e+003,-4.702185e+001, 1.206118e+002,-8.885435e+003, 0.000000e+000, 0.000000e+000, 0.000000e+000
 5.950000e-001,-1.174205e+003,-2.225078e+003, 3.324488e+003,-9.113692e+003,-4.633414e+001, 1.192727e+002,-8.852417e+003, 0.000000e+000, 0.000000e+000, 0.000000e+000
 5.950500e-001,-1.239969e+003,-2.372376e+003, 3.323417e+003,-9.076134e+003,-4.595507e+001, 1.179683e+002,-8.815950e+003, 0.000000e+000, 0.000000e+000, 0.000000e+000
 5.951000e-001,-1.100317e+003,-2.324046e+003, 3.297179e+003,-9.035355e+003,-4.521012e+001, 1.165534e+002,-8.776699e+003, 0.000000e+000, 0.000000e+000, 0.000000e+000
 5.951500e-001,-1.165457e+003,-2.458767e+003, 3.291895e+003,-8.991357e+003,-4.483393e+001, 1.151539e+002,-8.733932e+003, 0.000000e+000, 0.000000e+000, 0.000000e+000
 5.952000e-001,-1.024702e+003,-2.420545e+003, 3.264847e+003,-8.944176e+003,-4.403176e+001, 1.136671e+002,-8.688501e+003, 0.000000e+000, 0.000000e+000, 0.000000e+000
 5.952500e-001,-1.089449e+003,-2.540865e+003, 3.256028e+003,-8.893802e+003,-4.365665e+001, 1.121747e+002,-8.639500e+003, 0.000000e+000, 0.000000e+000, 0.000000e+000
 5.953000e-001,-9.474540e+002,-2.514413e+003, 3.227519e+003,-8.840286e+003,-4.279773e+001, 1.106196e+002,-8.587949e+003, 0.000000e+000, 0.000000e+000, 0.000000e+000
 5.953500e-001,-1.012067e+003,-2.618584e+003, 3.215880e+003,-8.783607e+003,-4.242143e+001, 1.090371e+002,-8.532789e+003, 0.000000e+000, 0.000000e+000, 0.000000e+000
 5.954000e-001,-8.686696e+002,-2.605479e+003, 3.185242e+003,-8.723833e+003,-4.150672e+001, 1.074169e+002,-8.475188e+003, 0.000000e+000, 0.000000e+000, 0.000000e+000
 5.954500e-001,-9.334321e+002,-2.691860e+003, 3.171508e+003,-8.660931e+003,-4.112658e+001, 1.057477e+002,-8.413956e+003, 0.000000e+000, 0.000000e+000, 0.000000e+000
 5.955000e-001,-7.884536e+002,-2.693563e+003, 3.138085e+003,-8.594985e+003,-4.015749e+001, 1.040654e+002,-8.350381e+003, 0.000000e+000, 0.000000e+000, 0.000000e+000
 5.955500e-001,-8.536608e+002,-2.760641e+003, 3.122958e+003,-8.525949e+003,-3.977052e+001, 1.023134e+002,-8.283169e+003, 0.000000e+000, 0.000000e+000, 0.000000e+000
 5.956000e-001,-7.069168e+002,-2.778482e+003, 3.086138e+003,-8.453927e+003,-3.874892e+001, 1.005714e+002,-8.213704e+003, 0.000000e+000, 0.000000e+000, 0.000000e+000
 5.956500e-001,-7.728679e+002,-2.824893e+003, 3.070270e+003,-8.378855e+003,-3.835182e+001, 9.874139e+001,-8.140617e+003, 0.000000e+000, 0.000000e+000, 0.000000e+000
 5.957000e-001,-6.241765e+002,-2.860046e+003, 3.029514e+003,-8.300857e+003,-3.727997e+001, 9.694167e+001,-8.065355e+003, 0.000000e+000, 0.000000e+000, 0.000000e+000
 5.957500e-001,-6.911649e+002,-2.884599e+003, 3.013471e+003,-8.219858e+003,-3.686926e+001, 9.503873e+001,-7.986505e+003, 0.000000e+000, 0.000000e+000, 0.000000e+000
 5.958000e-001,-5.403563e+002,-2.938062e+003, 2.968346e+003,-8.135998e+003,-3.574981e+001, 9.318283e+001,-7.905547e+003, 0.000000e+000, 0.000000e+000, 0.000000e+000
 5.958500e-001,-6.086600e+002,-2.939753e+003, 2.952584e+003,-8.049187e+003,-3.532183e+001, 9.121271e+001,-7.821053e+003, 0.000000e+000, 0.000000e+000, 0.000000e+000
 5.959000e-001,-4.555858e+002,-3.012335e+003, 2.902790e+003,-7.959583e+003,-3.415779e+001, 8.930172e+001,-7.734507e+003, 0.000000e+000, 0.000000e+000, 0.000000e+000
 5.959500e-001,-5.254586e+002,-2.990361e+003, 2.887620e+003,-7.867084e+003,-3.370881e+001, 8.727059e+001,-7.644499e+003, 0.000000e+000, 0.000000e+000, 0.000000e+000
 5.960000e-001,-3.700003e+002,-3.082670e+003, 2.833018e+003,-7.771862e+003,-3.250349e+001, 8.530522e+001,-7.552482e+003, 0.000000e+000, 0.000000e+000, 0.000000e+000
 5.960500e-001,-4.416625e+002,-3.036443e+003, 2.818590e+003,-7.673809e+003,-3.202975e+001, 8.321962e+001,-7.457094e+003, 0.000000e+000, 0.000000e+000, 0.000000e+000
 5.961000e-001,-2.837405e+002,-3.148875e+003, 2.759220e+003,-7.573105e+003,-3.078671e+001, 8.120028e+001,-7.359731e+003, 0.000000e+000, 0.000000e+000, 0.000000e+000
 5.961500e-001,-3.573709e+002,-3.078025e+003, 2.745498e+003,-7.469638e+003,-3.028451e+001, 7.906695e+001,-7.259107e+003, 0.000000e+000, 0.000000e+000, 0.000000e+000
 5.962000e-001,-1.969514e+002,-3.210760e+003, 2.681596e+003,-7.363595e+003,-2.900757e+001, 7.699381e+001,-7.156531e+003, 0.000000e+000, 0.000000e+000, 0.000000e+000
 5.962500e-001,-2.726803e+002,-3.115142e+003, 2.668352e+003,-7.254861e+003,-2.847331e+001, 7.481961e+001,-7.050820e+003, 0.000000e+000, 0.000000e+000, 0.000000e+000
 5.963000e-001,-1.097819e+002,-3.268141e+003, 2.600356e+003,-7.143629e+003,-2.716646e+001, 7.269276e+001,-6.943171e+003, 0.000000e+000, 0.000000e+000, 0.000000e+000
 5.963500e-001,-1.876850e+002,-3.147837e+003, 2.587163e+003,-7.029785e+003,-2.659671e+001, 7.048448e+001,-6.832530e+003, 0.000000e+000, 0.000000e+000, 0.000000e+000
 5.964000e-001,-2.238398e+001,-3.320840e+003, 2.515715e+003,-6.913521e+003,-2.526410e+001, 6.830400e+001,-6.719957e+003, 0.000000e+000, 0.000000e+000, 0.000000e+000
 5.964500e-001,-1.024779e+002,-3.176156e+003, 2.501954e+003,-6.794729e+003,-2.465565e+001, 6.606824e+001,-6.604547e+003, 0.000000e+000, 0.000000e+000, 0.000000e+000
 5.965000e-001, 6.508844e+001,-3.368688e+003, 2.427885e+003,-6.673599e+003,-2.330152e+001, 6.383438e+001,-6.487207e+003, 0.000000e+000, 0.000000e+000, 0.000000e+000
 5.965500e-001,-1.715053e+001,-3.200150e+003, 2.412756e+003,-6.550028e+003,-2.265146e+001, 6.157736e+001,-6.367198e+003, 0.000000e+000, 0.000000e+000, 0.000000e+000
 5.966000e-001, 1.524801e+002,-3.411525e+003, 2.337077e+003,-6.424202e+003,-2.128013e+001, 5.929064e+001,-6.245252e+003, 0.000000e+000, 0.000000e+000, 0.000000e+000
 5.966500e-001, 6.820605e+001,-3.219874e+003, 2.319621e+003,-6.296030e+003,-2.058586e+001, 5.701808e+001,-6.120818e+003, 0.000000e+000, 0.000000e+000, 0.000000e+000
 5.967000e-001, 2.396355e+002,-3.449201e+003, 2.243490e+003,-6.165686e+003,-1.920170e+001, 5.467944e+001,-5.994439e+003, 0.000000e+000, 0.000000e+000, 0.000000e+000
 5.967500e-001, 1.535008e+002,-3.235383e+003, 2.222618e+003,-6.033097e+003,-1.846096e+001, 5.239643e+001,-5.865759e+003, 0.000000e+000, 0.000000e+000, 0.000000e+000
 5.968000e-001, 3.263997e+002,-3.481580e+003, 2.147315e+003,-5.898418e+003,-1.706837e+001, 5.000732e+001,-5.735125e+003, 0.000000e+000, 0.000000e+000, 0.000000e+000
 5.968500e-001, 2.386420e+002,-3.246735e+003, 2.121841e+003,-5.761600e+003,-1.627931e+001, 4.771818e+001,-5.602382e+003, 0.000000e+000, 0.000000e+000, 0.000000e+000
 5.969000e-001, 4.126196e+002,-3.508536e+003, 2.048723e+003,-5.622778e+003,-1.488266e+001, 4.528065e+001,-5.467678e+003, 0.000000e+000, 0.000000e+000, 0.000000e+000
 5.969500e-001, 3.235369e+002,-3.253986e+003, 2.017411e+003,-5.481926e+003,-1.404385e+001, 4.298889e+001,-5.331062e+003, 0.000000e+000, 0.000000e+000, 0.000000e+000
 5.970000e-001, 4.981441e+002,-3.529958e+003, 1.947868e+003,-5.339156e+003,-1.264747e+001, 4.050571e+001,-5.192478e+003, 0.000000e+000, 0.000000e+000, 0.000000e+000
 5.970500e-001, 4.080914e+002,-3.257195e+003, 1.909474e+003,-5.194473e+003,-1.175792e+001, 3.821392e+001,-5.052182e+003, 0.000000e+000, 0.000000e+000, 0.000000e+000
 5.971000e-001, 5.828254e+002,-3.545749e+003, 1.844885e+003,-5.047957e+003,-1.036612e+001, 3.568857e+001,-4.909918e+003, 0.000000e+000, 0.000000e+000, 0.000000e+000
 5.971500e-001, 4.922093e+002,-3.256417e+003, 1.798207e+003,-4.899647e+003,-9.425279e+000, 3.339843e+001,-4.766140e+003, 0.000000e+000, 0.000000e+000, 0.000000e+000
 5.972000e-001, 6.665196e+002,-3.555826e+003, 1.739887e+003,-4.749593e+003,-8.042281e+000, 3.083518e+001,-4.620398e+003, 0.000000e+000, 0.000000e+000, 0.000000e+000
 5.972500e-001, 5.757924e+002,-3.251708e+003, 1.683815e+003,-4.597868e+003,-7.050093e+000, 2.854745e+001,-4.473340e+003, 0.000000e+000, 0.000000e+000, 0.000000e+000
 5.973000e-001, 7.490872e+002,-3.560122e+003, 1.632966e+003,-4.444487e+003,-5.680034e+000, 2.595129e+001,-4.324330e+003, 0.000000e+000, 0.000000e+000, 0.000000e+000
 5.973500e-001, 6.587400e+002,-3.243122e+003, 1.566530e+003,-4.289562e+003,-4.636903e+000, 2.366588e+001,-4.174198e+003, 0.000000e+000, 0.000000e+000, 0.000000e+000
 5.974000e-001, 8.303934e+002,-3.558584e+003, 1.524193e+003,-4.133072e+003,-3.283818e+000, 2.104252e+001,-4.022134e+003, 0.000000e+000, 0.000000e+000, 0.000000e+000
 5.974500e-001, 7.409490e+002,-3.230711e+003, 1.446612e+003,-3.975168e+003,-2.190631e+000, 1.875851e+001,-3.869137e+003, 0.000000e+000, 0.000000e+000, 0.000000e+000
 5.975000e-001, 9.103091e+002,-3.551177e+003, 1.413623e+003,-3.815790e+003,-8.584383e-001, 1.611429e+001,-3.714239e+003, 0.000000e+000, 0.000000e+000, 0.000000e+000
 5.975500e-001, 8.223140e+002,-3.214525e+003, 1.324341e+003,-3.655131e+003, 2.834410e-001, 1.383012e+001,-3.558590e+003, 0.000000e+000, 0.000000e+000, 0.000000e+000
 5.976000e-001, 9.887105e+002,-3.537880e+003, 1.301295e+003,-3.493091e+003, 1.590961e+000, 1.117191e+001,-3.401080e+003, 0.000000e+000, 0.000000e+000, 0.000000e+000
 5.976500e-001, 9.027269e+002,-3.194611e+003, 1.200016e+003,-3.329905e+003, 2.779691e+000, 8.885438e+000,-3.242995e+003, 0.000000e+000, 0.000000e+000, 0.000000e+000
 5.977000e-001, 1.065480e+003,-3.518689e+003, 1.187237e+003,-3.165432e+003, 4.058914e+000, 6.220543e+000,-3.083103e+003, 0.000000e+000, 0.000000e+000, 0.000000e+000
 5.977500e-001, 9.820778e+002,-3.171015e+003, 1.073953e+003,-2.999951e+003, 5.292180e+000, 3.929252e+000,-2.922800e+003, 0.000000e+000, 0.000000e+000, 0.000000e+000
 5.978000e-001, 1.140505e+003,-3.493617e+003, 1.071469e+003,-2.833279e+003, 6.539660e+000, 1.265223e+000,-2.760756e+003, 0.000000e+000, 0.000000e+000, 0.000000e+000
 5.978500e-001, 1.060254e+003,-3.143780e+003, 9.464753e+002,-2.665737e+003, 7.814683e+000,-1.033604e+000,-2.598459e+003, 0.000000e+000, 0.000000e+000, 0.000000e+000
 5.979000e-001, 1.213679e+003,-3.462692e+003, 9.540093e+002,-2.497101e+003, 9.027176e+000,-3.689100e+000,-2.434497e+003, 0.000000e+000, 0.000000e+000, 0.000000e+000
 5.979500e-001, 1.137143e+003,-3.112944e+003, 8.179108e+002,-2.327735e+003, 1.034072e+001,-5.998201e+000,-2.270430e+003, 0.000000e+000, 0.000000e+000, 0.000000e+000
 5.980000e-001, 1.284904e+003,-3.425960e+003, 8.348785e+002,-2.157375e+003, 1.151521e+001,-8.637549e+000,-2.104788e+003, 0.000000e+000, 0.000000e+000, 0.000000e+000
 5.980500e-001, 1.212629e+003,-3.078544e+003, 6.885862e+002,-1.986426e+003, 1.286358e+001,-1.095949e+001,-1.939178e+003, 0.000000e+000, 0.000000e+000, 0.000000e+000
 5.981000e-001, 1.354084e+003,-3.383484e+003, 7.141050e+002,-1.814583e+003, 1.399731e+001,-1.357529e+001,-1.772095e+003, 0.000000e+000, 0.000000e+000, 0.000000e+000
 5.981500e-001, 1.286595e+003,-3.040612e+003, 5.588213e+002,-1.642292e+003, 1.537640e+001,-1.591227e+001,-1.605172e+003, 0.000000e+000, 0.000000e+000, 0.000000e+000
 5.982000e-001, 1.421133e+003,-3.335344e+003, 5.917297e+002,-1.469212e+003, 1.646688e+001,-1.849752e+001,-1.436889e+003, 0.000000e+000, 0.000000e+000, 0.000000e+000
 5.982500e-001, 1.358926e+003,-2.999177e+003, 4.289233e+002,-1.295823e+003, 1.787215e+001,-2.085119e+001,-1.268884e+003, 0.000000e+000, 0.000000e+000, 0.000000e+000
 5.983000e-001, 1.485967e+003,-3.281639e+003, 4.678108e+002,-1.121749e+003, 1.891723e+001,-2.339940e+001,-1.099644e+003, 0.000000e+000, 0.000000e+000, 0.000000e+000
 5.983500e-001, 1.429503e+003,-2.954261e+003, 2.991825e+002,-9.475079e+002, 2.034373e+001,-2.577072e+001,-9.307917e+002, 0.000000e+000, 0.000000e+000, 0.000000e+000
 5.984000e-001, 1.548511e+003,-3.222483e+003, 3.424279e+002,-7.726891e+002, 2.134160e+001,-2.827605e+001,-7.608373e+002, 0.000000e+000, 0.000000e+000, 0.000000e+000
 5.984500e-001, 1.498210e+003,-2.905887e+003, 1.698678e+002,-5.978414e+002, 2.278401e+001,-3.066515e+001,-5.913728e+002, 0.000000e+000, 0.000000e+000, 0.000000e+000
 5.985000e-001, 1.608694e+003,-3.158009e+003, 2.156850e+002,-4.225258e+002, 2.373324e+001,-3.312255e+001,-4.209485e+002, 0.000000e+000, 0.000000e+000, 0.000000e+000
 5.985500e-001, 1.564930e+003,-2.854067e+003, 4.122332e+001,-2.473191e+002, 2.518587e+001,-3.552857e+001,-2.511082e+002, 0.000000e+000, 0.000000e+000, 0.000000e+000
 5.986000e-001, 1.666451e+003,-3.088367e+003, 8.771370e+001,-7.175595e+001, 2.608542e+001,-3.793384e+001,-8.045823e+001, 0.000000e+000, 0.000000e+000, 0.000000e+000
 5.986500e-001, 1.629546e+003,-2.798813e+003,-8.653439e+001, 1.035621e+002, 2.754228e+001,-4.035493e+001, 8.951998e+001, 0.000000e+000, 0.000000e+000, 0.000000e+000
 5.987000e-001, 1.721723e+003,-3.013725e+003,-4.132575e+001, 2.791231e+002, 2.839154e+001,-4.270476e+001, 2.601516e+002, 0.000000e+000, 0.000000e+000, 0.000000e+000
 5.987500e-001, 1.691945e+003,-2.740130e+003,-2.132177e+002, 4.543046e+002, 2.984634e+001,-4.513800e+001, 4.300291e+002, 0.000000e+000, 0.000000e+000, 0.000000e+000
 5.988000e-001, 1.774456e+003,-2.934266e+003,-1.712435e+002, 6.296135e+002, 3.064514e+001,-4.742999e+001, 6.003990e+002, 0.000000e+000, 0.000000e+000, 0.000000e+000
 5.988500e-001, 1.752011e+003,-2.678021e+003,-3.386688e+002, 8.044109e+002, 3.209136e+001,-4.987139e+001, 7.699366e+002, 0.000000e+000, 0.000000e+000, 0.000000e+000
 5.989000e-001, 1.824602e+003,-2.850191e+003,-3.018203e+002, 9.792183e+002, 3.283996e+001,-5.210407e+001, 9.398023e+002, 0.000000e+000, 0.000000e+000, 0.000000e+000
 5.989500e-001, 1.809633e+003,-2.612484e+003,-4.627590e+002, 1.153385e+003, 3.427089e+001,-5.454858e+001, 1.108761e+003, 0.000000e+000, 0.000000e+000, 0.000000e+000
 5.990000e-001, 1.872118e+003,-2.761714e+003,-4.328094e+002, 1.327441e+003, 3.497001e+001,-5.672134e+001, 1.277881e+003, 0.000000e+000, 0.000000e+000, 0.000000e+000
 5.990500e-001, 1.864700e+003,-2.543514e+003,-5.853881e+002, 1.500730e+003, 3.637880e+001,-5.916295e+001, 1.446021e+003, 0.000000e+000, 0.000000e+000, 0.000000e+000
 5.991000e-001, 1.916968e+003,-2.669065e+003,-5.639381e+002, 1.673788e+003, 3.702961e+001,-6.127598e+001, 1.614156e+003, 0.000000e+000, 0.000000e+000, 0.000000e+000
 5.991500e-001, 1.917104e+003,-2.471104e+003,-7.064811e+002, 1.845955e+003, 3.840937e+001,-6.370778e+001, 1.781239e+003, 0.000000e+000, 0.000000e+000, 0.000000e+000
 5.992000e-001, 1.959118e+003,-2.572485e+003,-6.949115e+002, 2.017767e+003, 3.901341e+001,-6.576197e+001, 1.948150e+003, 0.000000e+000, 0.000000e+000, 0.000000e+000
 5.992500e-001, 1.966740e+003,-2.395247e+003,-8.259863e+002, 2.188568e+003, 4.035727e+001,-6.817631e+001, 2.113939e+003, 0.000000e+000, 0.000000e+000, 0.000000e+000
 5.993000e-001, 1.998541e+003,-2.472225e+003,-8.254157e+002, 2.358890e+003, 4.091650e+001,-7.017312e+001, 2.279392e+003, 0.000000e+000, 0.000000e+000, 0.000000e+000
 5.993500e-001, 2.013505e+003,-2.315937e+003,-9.438710e+002, 2.528084e+003, 4.221766e+001,-7.256172e+001, 2.443649e+003, 0.000000e+000, 0.000000e+000, 0.000000e+000
 5.994000e-001, 2.035215e+003,-2.368547e+003,-9.551227e+002, 2.696673e+003, 4.273438e+001,-7.450307e+001, 2.607409e+003, 0.000000e+000, 0.000000e+000, 0.000000e+000
 5.994500e-001, 2.057300e+003,-2.233169e+003,-1.060118e+003, 2.864020e+003, 4.398624e+001,-7.685720e+001, 2.769900e+003, 0.000000e+000, 0.000000e+000, 0.000000e+000
 5.995000e-001, 2.069122e+003,-2.261718e+003,-1.083695e+003, 3.030635e+003, 4.446304e+001,-7.874532e+001, 2.931738e+003, 0.000000e+000, 0.000000e+000, 0.000000e+000
 5.995500e-001, 2.098029e+003,-2.146946e+003,-1.174719e+003, 3.195899e+003, 4.565928e+001,-8.105595e+001, 3.092231e+003, 0.000000e+000, 0.000000e+000, 0.000000e+000
 5.996000e-001, 2.100246e+003,-2.152009e+003,-1.210790e+003, 3.360301e+003, 4.609896e+001,-8.289320e+001, 3.251917e+003, 0.000000e+000, 0.000000e+000, 0.000000e+000
 5.996500e-001, 2.135604e+003,-2.057273e+003,-1.287675e+003, 3.523249e+003, 4.723360e+001,-8.515121e+001, 3.410181e+003, 0.000000e+000, 0.000000e+000, 0.000000e+000
 5.997000e-001, 2.128578e+003,-2.039693e+003,-1.336067e+003, 3.685204e+003, 4.763916e+001,-8.693997e+001, 3.567493e+003, 0.000000e+000, 0.000000e+000, 0.000000e+000
 5.997500e-001, 2.169937e+003,-1.964167e+003,-1.398986e+003, 3.845604e+003, 4.870670e+001,-8.913628e+001, 3.723301e+003, 0.000000e+000, 0.000000e+000, 0.000000e+000
 5.998000e-001, 2.154110e+003,-1.925042e+003,-1.459189e+003, 4.004881e+003, 4.908122e+001,-9.087881e+001, 3.878016e+003, 0.000000e+000, 0.000000e+000, 0.000000e+000
 5.998500e-001, 2.200950e+003,-1.867654e+003,-1.508650e+003, 4.162506e+003, 5.007668e+001,-9.300457e+001, 4.031143e+003, 0.000000e+000, 0.000000e+000, 0.000000e+000
 5.999000e-001, 2.176835e+003,-1.808324e+003,-1.579830e+003, 4.318878e+003, 5.042325e+001,-9.470283e+001, 4.183044e+003, 0.000000e+000, 0.000000e+000, 0.000000e+000
 5.999500e-001, 2.228570e+003,-1.767775e+003,-1.616657e+003, 4.473505e+003, 5.134228e+001,-9.674958e+001, 4.333271e+003, 0.000000e+000, 0.000000e+000, 0.000000e+000
 6.000000e-001, 2.196750e+003,-1.689802e+003,-1.697679e+003, 4.626747e+003, 5.166395e+001,-9.840515e+001, 4.482146e+003, 0.000000e+000, 0.000000e+000, 0.000000e+000
